RegionID,SizeRank,RegionName,RegionType,StateName,State,Metro,StateCodeFIPS,MunicipalCodeFIPS,2015-01-31,2015-02-28,2015-03-31,2015-04-30,2015-05-31,2015-06-30,2015-07-31,2015-08-31,2015-09-30,2015-10-31,2015-11-30,2015-12-31,2016-01-31,2016-02-29,2016-03-31,2016-04-30,2016-05-31,2016-06-30,2016-07-31,2016-08-31,2016-09-30,2016-10-31,2016-11-30,2016-12-31,2017-01-31,2017-02-28,2017-03-31,2017-04-30,2017-05-31,2017-06-30,2017-07-31,2017-08-31,2017-09-30,2017-10-31,2017-11-30,2017-12-31,2018-01-31,2018-02-28,2018-03-31,2018-04-30,2018-05-31,2018-06-30,2018-07-31,2018-08-31,2018-09-30,2018-10-31,2018-11-30,2018-12-31,2019-01-31,2019-02-28,2019-03-31,2019-04-30,2019-05-31,2019-06-30,2019-07-31,2019-08-31,2019-09-30,2019-10-31,2019-11-30,2019-12-31,2020-01-31,2020-02-29,2020-03-31,2020-04-30,2020-05-31,2020-06-30,2020-07-31,2020-08-31,2020-09-30,2020-10-31,2020-11-30,2020-12-31,2021-01-31,2021-02-28,2021-03-31,2021-04-30,2021-05-31,2021-06-30,2021-07-31,2021-08-31,2021-09-30,2021-10-31,2021-11-30,2021-12-31,2022-01-31,2022-02-28,2022-03-31,2022-04-30,2022-05-31,2022-06-30,2022-07-31,2022-08-31,2022-09-30,2022-10-31,2022-11-30,2022-12-31,2023-01-31,2023-02-28,2023-03-31,2023-04-30,2023-05-31,2023-06-30,2023-07-31,2023-08-31,2023-09-30,2023-10-31,2023-11-30,2023-12-31,2024-01-31,2024-02-29,2024-03-31,2024-04-30,2024-05-31,2024-06-30,2024-07-31,2024-08-31,2024-09-30,2024-10-31,2024-11-30,2024-12-31,2025-01-31,2025-02-28,2025-03-31
3101,0,Los Angeles County,county,CA,CA,"Los Angeles-Long Beach-Anaheim, CA",06,037,1757.449193151262,1770.8475504855976,1789.2080707283685,1803.7911848297642,1820.0216725764628,1830.278312318385,1844.381350661734,1853.9515387410863,1866.9035159819352,1872.217319150953,1879.929143157083,1886.604771091584,1897.211363289548,1910.1330789586211,1925.5540251520997,1938.18310088154,1950.9168150458434,1961.3799792070488,1974.4612636223228,1982.3935902639616,1988.0530895217366,1989.7891605452064,1990.942077963915,1996.1856522680612,2011.164176889265,2028.2345350494843,2048.795448386008,2061.7006647944118,2076.7590895993303,2086.1555111685443,2097.8914976600313,2103.4377474252424,2108.938443082093,2111.176761773655,2116.426704678622,2122.188477317652,2133.0671933158064,2147.1068961474516,2158.33525547513,2168.254244476314,2176.8684334934474,2190.116181421317,2202.296938008287,2213.046052266242,2218.1163978470154,2221.9443271298396,2226.671243339858,2231.616648423731,2237.908118226565,2242.3544608411066,2256.182586698192,2268.3611317506793,2282.186707171933,2291.6082561643875,2300.0452747336926,2306.5675096795567,2310.098063236393,2312.008874212997,2313.2115938155225,2316.611168918861,2321.4942059301125,2325.6950112032114,2325.1914804630605,2317.161030448761,2309.0584399835207,2304.771072272401,2306.3895920486543,2305.7921944463446,2300.5971676761887,2295.919512776491,2293.4117018301317,2291.5722029367257,2296.415607071539,2302.214609241508,2312.68283427305,2322.514238988583,2340.7881054414765,2372.0047803200864,2410.7369459761026,2454.078771584666,2487.269910496136,2509.0557556062813,2521.2996933275986,2538.926972493319,2558.8237582285215,2585.3011948232106,2608.0378899152834,2634.534101479315,2657.4363039434506,2678.871371629385,2700.1114248754725,2717.4723905595315,2728.112401037014,2725.6946135793355,2720.0197938511533,2714.9578229620947,2717.5542510827554,2724.8124691052444,2739.1486141994947,2749.3297316269836,2757.250278354766,2761.978931346265,2768.6456622870805,2775.9687598715564,2777.2379476704714,2775.6284747646487,2766.228020927944,2759.6153303325436,2762.228597686829,2771.7509215297246,2787.778781872231,2799.801024722544,2814.5799388425653,2826.1672364388423,2838.9234463331622,2844.0491128144636,2850.0557959018515,2847.625923574827,2845.509941358625,2838.60736342483,2864.866535849496,2888.0148191463063,2912.353067765344
139,1,Cook County,county,IL,IL,"Chicago-Naperville-Elgin, IL-IN-WI",17,031,1491.8893081281071,1500.691383756397,1512.0835104040643,1521.4995443205794,1533.0930883961107,1544.008150803616,1549.8814707345755,1553.1934405083475,1547.7380447647806,1539.4609293054316,1529.9357979493911,1528.9339009993898,1538.2163077034947,1550.7849632147372,1563.8388313781377,1572.0440987328627,1579.899248555247,1589.3204555122052,1596.7144316642277,1601.8571230971029,1594.4611201476653,1582.6776706302296,1567.653712287572,1560.8008243024901,1567.401347922815,1583.976287337561,1604.4642110222067,1619.232302298687,1631.1691229302678,1637.7187568692507,1639.6606509218077,1634.3615009955545,1626.6118812170487,1612.99393387296,1603.1942694468075,1600.0000972494352,1609.9805534968739,1624.6255411030897,1638.7451880136537,1650.0094773711105,1660.7097515949386,1670.6232201941596,1676.3210321882073,1673.8270497596961,1661.373834732601,1647.417832391844,1637.3711491138524,1637.3922825977554,1647.24412029402,1659.7035369276487,1678.0278877469557,1692.0511290525483,1705.2974817303757,1712.7509724122995,1716.4000968349844,1717.2929744199555,1711.7817234660668,1704.3548510205712,1694.701184677259,1689.1257593190571,1698.0330284521663,1711.5122932975808,1726.873105347347,1727.7509895062406,1725.6777493614957,1722.1346205890625,1719.5067546896541,1710.4063846960132,1690.9996814074516,1662.8307569451435,1638.195588549051,1628.312545862324,1630.1132866974604,1644.466150287069,1664.085032392484,1693.8618469157816,1723.4303668920152,1750.0999824280943,1769.0078849923918,1780.7146093024373,1785.3156915468724,1783.083720874913,1780.4890196718932,1785.7073463472464,1800.9069052235684,1819.3960771298828,1841.9656896580968,1866.7856626392802,1894.7988209489959,1916.2675729400976,1933.2913032487988,1940.5825396553444,1939.3714824516135,1933.3967937570155,1928.1254165497537,1930.1452781352136,1939.0702363041735,1954.5517863327682,1973.535377660802,1994.0608486003475,2017.151667143093,2037.300493003513,2049.1998454394,2054.094708396845,2047.4038543132917,2035.098560598024,2023.668478898743,2024.5872563172234,2035.6101500646425,2053.8404812074073,2071.913038683839,2095.8739257804395,2116.036377702127,2134.409033984806,2142.293997907939,2142.177667050147,2136.6332522302964,2132.3891844758305,2133.9239684553877,2139.1362100400747,2148.3886255732054,2166.6689906270544,2188.187334404593
1090,2,Harris County,county,TX,TX,"Houston-The Woodlands-Sugar Land, TX",48,201,1186.9245799882833,1189.9770704904279,1195.9934124318038,1206.2694993765467,1216.38322831971,1224.7314669329626,1225.3036809848636,1226.9544478802402,1225.3218421507936,1223.0279777537326,1219.3642817767575,1216.791034317596,1218.035251257668,1220.5970902257866,1226.9988895776582,1231.9414635129706,1234.6726273187428,1235.033986785951,1234.5095559856761,1232.0713272010669,1227.4821177819265,1224.5157708758493,1219.8404913618044,1217.0070459313072,1216.970056810052,1224.4955829941925,1233.2267287408736,1237.3402497175048,1244.2719230035466,1245.3354283390531,1246.4895249470883,1241.6485565052267,1248.5590296048404,1256.6936907136555,1268.982090605868,1276.3241651245894,1279.0510457459627,1283.7129205334666,1284.0105585030713,1291.9782720938717,1294.867978126607,1300.2783849463128,1299.6453227383925,1297.9612230111547,1293.8321055988974,1294.467987522498,1296.4584384333334,1296.7269329809342,1296.544952365042,1293.9321723930314,1300.100627754294,1305.394721374655,1315.7362109391709,1322.4322117532954,1326.7486411718703,1326.568410486618,1323.064779854588,1321.722147882437,1320.3308022941903,1323.5897650389109,1326.3384043695444,1333.0266581536678,1339.2582882198262,1336.2237638685442,1330.068949771002,1323.678945151247,1327.7608197311044,1331.573897558728,1331.8470023462703,1332.671896934369,1333.1027608464046,1332.8305547455652,1334.6375885389523,1336.455913004714,1344.1075931725395,1356.6060048284214,1376.591220307598,1403.6539576023313,1427.4526170593872,1449.7069086148203,1462.6060966096313,1470.408870156508,1474.8891501049898,1477.682040729228,1483.733799678412,1492.995190355126,1503.2187964744473,1514.2954776222011,1525.3234645401478,1540.4956110479955,1553.25579734954,1560.2090492067734,1558.1440602048142,1552.322128032387,1545.521742018795,1543.5915852137746,1547.7982210795158,1555.4962487247117,1566.7642063414462,1571.9456733710174,1581.0471075070377,1588.2470191418734,1594.8768886813796,1596.2343127828956,1592.4115352952876,1587.373985770506,1582.1548946279945,1580.3615753807198,1583.4903893832236,1588.5414636229277,1593.3830295484904,1600.9892305910023,1611.107610484188,1620.7164556689017,1625.7126460775462,1628.633741092183,1630.1025271477954,1629.5578448711656,1625.3272294278072,1620.8735465636178,1620.704752687643,1624.2197915018266,1634.452141528843
2402,3,Maricopa County,county,AZ,AZ,"Phoenix-Mesa-Chandler, AZ",04,013,949.3302540763214,964.9852680115047,972.1353123362163,985.8202970845418,985.9217731444658,993.9207032500605,993.7303028519057,995.1138081453797,998.2525139743749,1001.3199414591029,1004.9293596026423,1006.5843428461673,1012.0286321655615,1017.5226478909983,1024.7785605924178,1031.861492515849,1039.715400473478,1046.7409133198435,1050.7515559825827,1052.6196817204188,1053.8913762759994,1053.5847819990022,1055.2143083984545,1056.0986132764701,1062.9497370272957,1071.3311620476798,1083.479220010772,1093.066482276468,1102.8800124339286,1108.9318787791742,1114.1040351426223,1116.3338494173659,1119.0351971712723,1121.072380761571,1124.479730265965,1126.6543058095995,1131.4681203087648,1137.3252719908114,1150.2084785774932,1164.0837822608714,1175.6890648952567,1184.0005607075816,1190.7774387843456,1197.085899493015,1203.0624419620851,1206.9303175219507,1212.3731809418177,1217.669080161073,1222.438089969672,1231.2861908549398,1241.8428631406316,1257.4273715241686,1269.1084832314857,1279.4375006422786,1287.3164176215457,1294.9194829395192,1299.80914423246,1303.3273691942438,1308.5468375691812,1317.4615784353455,1327.6028206925093,1338.3276440436578,1343.9091266431885,1343.3076597471436,1341.889846847582,1345.360849611764,1359.0472429412819,1375.4485856039735,1391.6904213226087,1406.2114756326578,1419.6510917083815,1431.0156104328576,1443.645426136419,1457.1630277781092,1479.0501529637793,1507.8102305700934,1548.0349807096413,1594.7869956867514,1644.5998822766462,1688.8013026267563,1721.3142638715954,1743.6666075895914,1756.3312719903263,1766.4509679019825,1775.4507177846046,1786.9933370880933,1800.8052591244962,1812.8315732272322,1821.8829489185232,1829.4666836916488,1835.6494915715589,1836.6568596217855,1828.3185568311662,1816.8227837507372,1806.0732220410916,1800.5938395079952,1796.4676186305799,1801.1197402847904,1815.510134441357,1824.6206157591553,1829.703707461583,1827.7680876600396,1832.1804891951112,1832.2427735009157,1828.7596230789507,1821.1930836440229,1812.1102499918734,1804.4323594954706,1804.7105283937703,1812.6773148098246,1823.332001037864,1832.9190421390356,1839.9397094870326,1842.9158950412996,1846.0328843822315,1846.5987307364146,1845.9492102775307,1835.966001969178,1826.2475977733766,1818.013383592685,1820.037256313275,1828.5242255893909,1837.3901158679075
2841,4,San Diego County,county,CA,CA,"San Diego-Chula Vista-Carlsbad, CA",06,073,1693.2953639536488,1704.9203005189909,1714.3850149099962,1718.188810031899,1729.63958991935,1737.8883975176016,1754.2589240590737,1764.8827095506376,1773.2498922493444,1777.5209240018332,1775.906687717611,1782.8852366755093,1788.495628365106,1797.638377786874,1807.722308810336,1817.8852335340985,1831.9499981920444,1846.5812106567903,1859.4446897757216,1866.4378090375933,1869.5076657854195,1871.0772737087786,1872.3879824069725,1875.051471909047,1882.135346599082,1898.2833335957337,1917.2519971898687,1935.4697028552007,1951.9996959094876,1963.7726484292828,1976.1256619236765,1981.4186574452272,1985.2506009640665,1985.1068084868318,1985.1448136107535,1986.7690130111307,1997.7620380606384,2010.1683563914776,2025.0853230824628,2036.0286248707257,2052.480334761146,2063.6487217840327,2074.671776779856,2082.1616847814566,2087.692103913978,2087.7507124474046,2082.6225081614757,2085.014696444561,2090.3378394836645,2098.007491948473,2104.523184317963,2114.4828191259257,2127.450395959699,2139.3170246201166,2151.4630004766573,2159.513591262755,2162.0692150342993,2161.837106549875,2162.6779110123443,2167.120985435393,2172.804875688624,2178.2307213179292,2181.8457065162793,2172.889792797573,2165.4052576512195,2164.2253846862845,2175.536480610566,2185.0961853369745,2197.1497059979556,2213.6008390276825,2228.5572329938495,2238.9713274487253,2245.944747766086,2257.2125547432083,2275.551348153483,2303.800650366822,2341.3157802992982,2380.030368051716,2431.1699093656375,2484.8114374606216,2541.6657338645055,2576.593978561714,2599.8331925151297,2614.7530700387774,2633.9508373005206,2661.358746882353,2692.35478492181,2736.748891679145,2781.330589285155,2829.919051311241,2863.8467559259393,2892.7183597732364,2897.9580023997987,2891.4428808331854,2870.1667784838087,2859.980360868308,2853.458737652284,2863.102384727864,2888.341869849101,2919.9056593904766,2953.85630570489,2976.6757165008808,2995.3349430319945,3003.2491172698374,3000.0050001452723,2984.6231367760693,2959.9463792682845,2940.7879498560555,2933.667526074391,2944.137429143552,2962.395258566395,2987.100204421209,3008.059658489195,3028.9300344352982,3042.6240958165545,3045.9388747533717,3043.5861166895834,3038.7315402681534,3035.420628953341,3027.3748198847843,3028.0766192789665,3034.9587803003883,3052.0559472579043
1286,5,Orange County,county,CA,CA,"Los Angeles-Long Beach-Anaheim, CA",06,059,1906.293622526383,1917.3073439824325,1928.5992637115746,1942.3052763190806,1952.347610673619,1965.5559669355107,1976.5480970545811,1990.0920333029053,1992.9796289127517,1997.5174612246522,1994.4050523678825,1999.1737036940956,2004.4829125798422,2014.5989265628125,2020.0905345544556,2026.1622582722187,2039.9262431186112,2057.665544240271,2070.5521851256303,2072.7527819024426,2075.9827463870247,2072.781628453,2077.8594344511507,2072.94492680417,2083.835901042739,2097.105315410679,2120.0031692227403,2136.8912763224553,2145.56587249258,2154.2606073901143,2159.7653919277845,2165.3658956468166,2167.9012689839287,2165.3912336227927,2168.20072149545,2170.2576828442225,2180.9349065989263,2186.281264009734,2197.7816795851927,2205.437624118549,2212.675979835711,2219.447193602633,2225.231382392892,2227.531737146352,2228.6036079123246,2230.5075259605596,2236.098074906852,2238.6930339684145,2241.1214941618728,2246.2232569763382,2255.78373255206,2263.046780943966,2274.0444445777503,2282.475916379028,2293.1251383429862,2296.619537625693,2298.6193279337185,2299.84648016735,2305.4481104805523,2306.5558607970147,2314.703821888765,2320.227164208154,2325.9318128372793,2310.068324621792,2294.173065102184,2284.3344612029864,,2299.388421310172,2314.0348837991583,2328.0969144725054,2337.5305820640046,2344.858718701271,2358.387015274615,2378.6262844228713,2401.255792671847,2421.4888985379425,2449.4981374794793,2495.847617817555,2568.3619101686745,,2731.1987181132795,2774.5931438994908,2798.5859304483,2811.133106007547,2828.3086541138705,2845.872111427976,2875.058346545049,2908.9296031617614,2940.447855677668,2968.600943288298,2989.3046452738495,2999.478095424318,2995.663612582587,2983.840055870648,2969.678473099797,2954.512727331367,2943.1794953816016,2942.7518214178763,2954.2004526426845,2969.9748135985215,2986.9759606982398,3007.3557048446837,3039.487748695548,3068.265561543281,3080.252134297305,3078.560255592503,3065.042984119774,3063.0493723978907,3060.555951447927,3068.2647590456536,3070.0411445075692,3080.337014301194,3095.178083019236,3116.788213740916,3135.803827061361,3148.6978799030276,3154.813925066854,3157.7712959642913,3153.2571024183335,3144.3909365540007,3149.7857692469656,3162.6727253828585,3186.6388984270507
581,6,Kings County,county,NY,NY,"New York-Newark-Jersey City, NY-NJ-PA",36,047,2255.711577351648,2271.9772163098246,2296.2027097128653,2315.74502029185,2339.3052680401424,2366.933697045582,2383.380059537116,2393.782408927428,2407.559371755835,2418.038969147917,2410.0561247776805,2387.1665215660073,2374.875208237346,2377.996693514358,2391.723200560663,2398.3660007105095,2405.9482797105497,2417.5079763557846,2434.669026351911,2450.0973493659567,2457.1415544009815,2454.701676123651,2456.2673139613644,2443.089626537219,2433.9785123973033,2423.24130264485,2428.0154317111464,2441.7657427306026,2453.9074043624887,2469.854761829339,2486.1271382646673,2499.375111755534,2498.8851042204747,2481.1341595282424,2462.4452485634783,2450.049800730936,2449.9371311762607,2451.692025962809,2464.1810317591003,2481.4985343202643,2499.684285071188,2515.0042197806897,2525.2774839473905,2535.714193478603,2537.5945516752117,2529.1067103669275,2514.78964516974,2497.688391986707,2500.5771121611547,2513.5232206022606,2539.1089470863953,2555.8892321290227,2579.1972087924282,2594.9366443949475,2619.277649068562,2634.325421545304,2649.744506842298,2652.68109529511,2649.919892438797,2642.393459276433,2640.61999348019,2649.7102558544047,2664.41381127137,2659.303499076268,2640.2664731108907,2609.3010263039178,2587.082058801235,2551.744394800654,2505.619950032898,2460.8585667990255,2428.4395158174743,2410.409763023589,2402.6691331304505,2409.596449702343,2430.087842932836,2462.2625059369516,2500.363096035782,2551.262683727963,2605.675322214644,2659.4679567078397,2705.813917616273,2730.8681925494934,2752.2649500210046,2762.118244224906,2792.7391867461256,2826.187193704119,2875.800031350089,2919.969147653951,2980.592094923656,3042.3671583629266,3101.7056877429745,3140.7557415061524,3150.5289733473037,3142.352235068617,3103.6540912834457,3072.309636294386,3062.4931934755555,3076.854153392904,3099.164339632609,3126.3763396060554,3162.307080616508,3204.548616405579,3233.706792190906,3251.0964672287537,3255.4617998638373,3238.3437806978386,3197.790072306158,3171.3527107025884,3169.933591027716,3197.146426302503,3224.0859788035,3249.16260004211,3286.422165097318,3321.992094581879,3348.588895950528,3350.4559487753922,3337.6712127137803,3315.140112600794,3289.479248827764,3259.496297357902,3257.1920444773573,3280.283267507614,3327.385490890739
2964,7,Miami-Dade County,county,FL,FL,"Miami-Fort Lauderdale-Pompano Beach, FL",12,086,1644.8361307637663,1655.929748209807,1668.053993677487,1678.2910310424218,1688.9916173944557,1696.7702024558107,1704.6185957331033,1710.97388922715,1719.072643544502,1720.6608495861396,1727.2106318625374,1731.8473418551546,1739.1595449636286,1742.511390342392,1745.7965943569197,1745.6627425278182,1745.2456368622402,1742.5728938769219,1742.8507765853326,1739.6496630872787,1739.6187764686822,1737.4090287177903,1735.3526860630857,1730.256997785733,1735.0414323088735,1741.3491732791379,1751.8327139706441,1753.2353783534606,1755.9630885224892,1757.0600913158066,1758.3138626026057,1760.997328569014,1763.7653748411308,1768.0384405091925,1767.6967601188717,1768.4445537854099,1770.634657493878,1775.5416495855916,1780.5871645096984,1786.0940134624627,1789.8878400839485,1795.253400878109,1799.267649600389,1805.0709564333079,1808.1078524265997,1812.2980266640432,1814.1487088080712,1817.2249861522077,1818.0590551384473,1816.2172588201413,1819.084201999102,1823.7364450463115,1831.8875326499171,1835.3997581111043,1835.8979803712023,1837.8942514113505,1839.6640675152573,1848.586428854981,1858.2302591865355,1867.8785282779183,1870.8173568868222,1873.8218097021725,1871.1644972501808,1861.5389489538873,1848.281059933685,1843.8757902084935,1846.8700594111133,1847.5197523328404,1843.8206112770022,1847.9873329908976,1862.9322801420844,1881.427800452156,1905.9015325524012,1941.236198283112,1979.5537082399462,2021.623314626822,2064.1298096007417,2119.774666820353,2186.802122457888,2250.9366239186043,2310.3073998252125,2354.94061637581,2399.234520850969,2452.3873454867057,2499.150058600444,2562.8249332213027,2617.8019270201207,2684.1714881753483,2730.3013434013133,2765.087845654043,2789.4833120382214,2800.4629275255193,2808.636130169048,2804.0013620815157,2800.2960971002594,2801.7308086214002,2806.0007284675894,2814.712184969188,2825.299113959024,2837.83795903283,2843.9256405196656,2843.88861276869,2840.845906937193,2836.9122344279344,2832.4192607445075,2832.285172197038,2836.3660905501956,2833.4682260995014,2835.4543687226565,2845.504981834681,2867.827432672813,2887.2863919468123,2898.660511160338,2900.9615837863735,2903.9909533378436,2903.9361295453728,2909.0485559997746,2907.7291785567363,2905.957835681939,2903.695095945768,2909.9764544840614,2917.26844588468,2923.634648706331
978,8,Dallas County,county,TX,TX,"Dallas-Fort Worth-Arlington, TX",48,113,1087.7176567279919,1090.0395396796514,1097.280719037238,1112.4247933208612,1125.877383414067,1136.273193004354,1145.0220634559598,1148.4765360146364,1150.9066378256152,1151.4902932381476,1155.7895072564604,1158.8776613612808,1161.96219431302,1166.8605326983884,1174.2721705653419,1185.3240812973236,1194.1838984106996,1205.0100741695733,1209.2867690031692,1213.2336930879271,1212.9761227496112,1218.1866136549936,1221.305939994919,1225.735734089105,1232.1221481750663,1236.4548740881391,1248.0162355218001,1256.7486323722792,1270.7006618052446,1276.3928687887467,1280.8674591011816,1280.5185753973828,1279.8513099987217,1277.7070788274207,1285.635007318799,1289.6652678043267,1294.0401677421248,1299.582578978877,1302.2267374370294,1307.0008381845869,1306.6379224357604,1319.3197760794424,1325.0510629151622,1329.9783537491785,1322.2673776453296,1324.243743975497,1325.9831587080012,1330.0573786882485,1335.5862196630467,1337.9451852477068,1348.8732163612096,1356.9715594277814,1366.38304031432,1378.1327604112566,1380.5921255364992,1383.9586649065557,1381.6508723828908,1380.7361826388644,1376.3696189549707,1369.7540625816166,1373.6461085380465,1380.0320053351115,1387.7869946946525,1384.955875051767,1381.7488804018374,1380.4420029104592,1382.4416162738073,1385.0438254035632,1387.2776884353557,1390.0387235809733,1389.4111948479326,1391.827674673917,1395.7753187354563,1408.032753667944,1417.9231837719265,1436.6618575468808,1459.1271026192392,1492.8203130231682,1528.378332470572,1560.4174043446546,1583.8387377912252,1595.8453869486248,1605.8038485962122,1613.3871513560684,1626.762107875556,1642.7756273496364,1656.527001850084,1676.7452211366915,1699.7435411037377,1735.2417486448976,1758.3999583899438,1766.4420999738572,1760.0031145151224,1742.6993510712243,1729.8270741469257,1717.7359522168733,1715.2599755110923,1717.2076481035956,1728.4050832603878,1736.2568875100267,1744.9130092441235,1749.2097728560943,1756.2518013637473,1757.0266834409158,1752.0262664805962,1743.5677823620604,1735.186052918963,1727.2593948496453,1724.065721965522,1722.4876501152835,1723.2370745579276,1726.496512594204,1734.6161775550438,1745.7912797485046,1755.5323393577617,1761.0717668558416,1756.934410404671,1749.7185474522755,1744.4883232396755,1740.243385965799,1738.3704815829144,1739.3863401788287,1748.4097945721333
2832,9,Riverside County,county,CA,CA,"Riverside-San Bernardino-Ontario, CA",06,065,1368.3628553913093,1369.611856911377,1372.2166526399844,1379.3379185812778,1387.5754529333324,1398.520682731349,1407.2371611117105,1413.078211722863,1419.7203125815488,1427.2472739905747,1431.9822033518005,1436.117665738225,1436.6446075624526,1445.9725016512166,1448.7174672444567,1449.3158161079343,1453.4980057318608,1459.3744521498975,1471.0972445156674,1476.212476607173,1489.5975733155253,1492.4504791024322,1499.7328863152873,1497.2018602345247,1512.0337972650323,1521.9353481171984,1535.3390404671857,1546.1388871655697,1554.81782615375,1566.8930628647938,1574.9105037135703,1586.9941870908758,1592.7897064865504,1597.4851957628864,1601.2503585644545,1603.6932836035637,1611.6579235464164,1622.921922324898,1634.7933522185572,1638.0042444570122,1640.2251374570951,1647.2534440050563,1658.521889069713,1669.203822880054,1679.9081347915178,1691.151515828777,1697.9275225710164,1703.9160793716042,1704.1932594026287,1706.6511560385457,1713.51703640592,1724.6559579852494,1736.4723402160837,1744.4163450289532,1754.1938918013045,1764.0670161366586,1770.5055216867731,1777.2422283746623,1779.996376097038,1784.8293430927608,1786.9906194791067,1794.9970403069897,1798.8874667641076,1795.4121482241912,1789.8950680893715,1799.9015208436601,1821.8667981593724,1853.3191352694043,1881.9735520395502,1909.646718729177,1933.5544146238585,1955.371352290443,1977.7865975540492,2001.1321624708182,2026.0877522564194,2043.5848617386596,2079.1198385185694,2115.5178091499088,2170.1855252450764,2215.643701865917,2257.7501694730977,2279.5864180395834,2296.338428382109,2299.650237732211,2321.353590025544,2338.1637102389545,2372.6414696985266,2399.2142557075167,2417.8570195892494,2434.7102352883335,2447.320617868396,2460.2927888089944,2467.553196346815,2463.3287795165734,2453.9412086284756,2444.302913668451,2444.969313670627,2453.406533226514,2464.4600862903835,2471.3911505475257,2478.236249303978,2478.6017105204346,2482.9214581197048,2492.8103652393297,2500.7908944857,2519.6878729358464,2516.7303708935196,2517.9107503065225,2505.7725306751404,2519.566070289347,2529.4861106797603,2544.6061404049306,2556.0714288569475,2562.2296949540623,2577.611391060142,2581.8994826395924,2601.793560641394,2601.3880811463464,2597.559683626918,2603.9359614971504,2619.722368511334,2631.9965760672676,2625.395623996113
1347,10,Queens County,county,NY,NY,"New York-Newark-Jersey City, NY-NJ-PA",36,081,1986.213676627137,1999.4134709081543,2007.476548016461,2010.3785937200084,2022.4409213786046,2032.5332083996188,2064.8138364637593,2086.079190339705,2100.102120101162,2099.5503092122785,2093.549253642694,2097.1437792925653,2094.793755520941,2095.800748001388,2091.198531517907,2102.212292161479,2115.448986945529,2134.5580190232968,2144.464366015163,2150.6543135520596,2156.5969551242374,2164.3945499852134,2166.547088280269,2153.79438465651,2146.6430176418457,2147.018748524696,2160.575112367641,2166.4032665582354,2176.090685824051,2188.7907825468965,2204.237264734876,2209.5103783182412,2206.271352882197,2190.8844633832473,2170.922502920985,2149.2961410755224,2147.0372708922987,2149.201581269764,2164.438478053496,2177.536070439377,2194.53558869976,2210.039356494432,2223.3936310596864,2241.618810919664,2247.781714487988,2239.172897332113,2230.617916696149,2226.193782508064,2228.9186191903977,2234.3792796893877,2235.47849292188,2245.7654246496427,2261.898652209505,2293.954958428299,2310.5771775197086,2318.2665529401265,2310.8526856843023,2315.536887372717,2303.703149349241,2295.0117761835468,2290.1042967450217,2301.644336125681,2302.633830505241,2292.696422111908,2287.5092050125286,2285.6928728192383,2285.2890207807222,2267.0116451013287,2241.949464552538,2224.1356832427555,2213.24526119308,2212.798557862366,2206.5065954028973,2204.1325218173965,2199.9372702008163,2200.5456814729796,2206.158937976461,2222.488776741182,2252.894825599387,2289.115885744236,2312.3248679497747,2335.7487374662755,2350.240408276496,2376.8541414332412,2382.550530120674,2395.7577958871093,2403.1828097930215,2429.168392963758,2462.564400705088,2504.391146563925,2543.9680800773726,2578.405896314628,2600.9938327370937,2601.7285515239014,2593.19735991742,2587.184219042694,2591.228082536199,2599.6850276610294,2607.2499816108075,2626.1860431020755,2646.030622934835,2669.9282211244467,2692.7469230490997,2706.5603245980665,2713.0601647575345,2712.184215167967,2702.380517462262,2708.2263523777256,2707.241344159089,2725.2309551478697,2740.835115900482,2766.561376873347,2786.01716923118,2802.8040853915054,2820.874085674992,2831.1794759169297,2831.2190335214555,2824.016504823848,2816.055152324285,2810.364501027872,2815.163471913874,2828.7680953574804,2852.644109761779
207,11,King County,county,WA,WA,"Seattle-Tacoma-Bellevue, WA",53,033,1503.6231434675622,1517.684674599806,1540.7312165794788,1551.1154072754111,1569.3722072615037,1586.462622353728,1606.2695741429648,1616.1813844727367,1619.498680297847,1619.8776786150556,1601.0469478760776,1601.9368127365183,1609.5571226709742,1640.312177510455,1650.314919566575,1668.4299238844637,1691.6583531429183,1717.7460744239181,1734.350927292645,1734.5346852551972,1731.7762557640851,1723.7621171393514,1714.498572805793,1711.7813102549535,1720.723645419535,1743.78164090798,1769.2414444367014,1789.8252125360777,1810.3795516465057,1827.6712548493476,1839.1391243662029,1841.9810436181483,1834.4575576357672,1821.2021566482792,1800.6527146026967,1792.4849208518392,1794.8686779032107,1809.2991421494098,1823.589741971939,1839.43929088592,1856.854850474786,1873.5563489178548,1881.322776536868,1879.4510756517905,1869.0039754192103,1856.2873912404996,1848.9399118592828,1847.5215860069545,1854.6699711285275,1866.4903051652966,1882.0842075539047,1900.296352031023,1915.4771058496117,1931.2406240832588,1942.7078835734637,1950.158945503243,1947.3604292089058,1937.2586981757574,1929.052000790474,1931.797420067106,1946.7471571596545,1962.9249974211266,1983.375226775812,1982.6104301557293,1976.6851163361493,1960.4663059254117,1956.7248653105914,1946.0687056996674,1919.288791484523,1879.2871988152194,1837.925477143083,1808.4150396975506,1805.7810427194793,1818.1213398711566,1846.0848569221769,1878.7703639007043,1923.9592541447573,1976.4567159078194,2029.732001351572,2073.893373642118,2099.7921427085744,2100.4431845842814,2091.1875590758464,2082.9526773441285,2089.498324476938,2107.726423250058,2134.569007698779,2162.8430897321587,2196.3909973925615,2231.6156869765114,2261.912403711421,2271.397292258126,2260.2568099746186,2232.69701034743,2198.6082730417193,2173.307700861535,2165.3849808384903,2175.3879829748957,2197.7676860836614,2211.6541453445725,2230.365588798193,2243.1682202572624,2258.778322439253,2266.202527582009,2260.372041869153,2244.8334509706187,2223.1454354081757,2211.980080954446,2218.4019116236827,2234.8100499466527,2258.060860222222,2278.947937049458,2303.1684380376346,2319.8694693502025,2333.0226086549947,2331.8503125589928,2326.7862031343534,2313.67627182074,2305.978731785646,2298.8702487675255,2304.156317759177,2315.10020147964,2330.6384644873015
445,12,Clark County,county,NV,NV,"Las Vegas-Henderson-Paradise, NV",32,003,987.7111677033778,992.9668855327621,999.4190312015131,1005.6961780657216,1012.9471396834002,1019.2090611201126,1025.1173994579487,1028.019182612861,1032.1378044780658,1032.0613479672697,1032.5911296203851,1030.9181175705075,1032.974167004678,1035.9237673318125,1040.2856871292693,1046.718092543884,1053.7371946761411,1063.571383731577,1067.3819955696115,1071.1576334968097,1071.1736821423312,1073.303433647523,1073.0735638607728,1072.9472010969305,1076.7757788363729,1084.6087162572207,1096.1640561496213,1105.4202225843658,1114.3508381432507,1122.3164958288853,1130.277291904607,1135.275648971494,1139.1403311690688,1139.962627334401,1141.495149058153,1143.9470735836535,1149.1757293016624,1157.0463062005679,1167.1898817030385,1180.576538240932,1192.7202152180016,1202.3055478238086,1210.6739141484486,1216.3742580270018,1220.847326868595,1222.3693924859758,1226.1167483919098,1228.4415683366244,1233.4939870299647,1237.6994429985161,1248.7532040701342,1259.983503548743,1273.1016498399285,1281.8352204343194,1288.1773154319603,1292.9743506241844,1293.7658315728668,1292.776639571169,1291.6856076442346,1290.7003314832327,1293.4889808414202,1298.7256141828263,1306.0424549518832,1301.2669601661516,1297.5058201216802,1299.292718648764,1316.2596048398038,1334.2775266596007,1351.63748753515,1365.4922059410133,1374.5195376945253,1380.259869335916,1390.057271385715,1402.5817629332812,1419.3428194891078,1433.5306680834794,1474.122609070588,1524.9259180487875,1586.2642700868184,1631.8340600657557,1668.1586536090376,1691.7889578255574,1701.0742086168223,1702.6363116911555,1705.2475448986668,1710.8567419021704,1720.6123075044293,1732.1082931484666,1745.528211654509,1760.0189795363215,1772.7855325895841,1765.1779605423637,1747.4881261416267,1721.7499311752906,1704.363048535574,1692.597287162397,1691.6022528703359,1696.8877989322234,1710.9133261064478,1717.414328990987,1728.2050472803091,1730.117181716797,1736.6177662801733,1735.1833767471965,1732.0636851405893,1729.7847545868929,1726.3700198740755,1724.7665336461664,1722.6756248404727,1723.823933802371,1734.2863967902397,1748.9552538356388,1769.356955812063,1781.822256338816,1785.3458566980369,1785.3663726944712,1780.484562561788,1776.6856786839353,1767.8249042212562,1760.9921760363843,1762.6898239488573,1772.6898748158728,1783.6681549846865
3250,13,San Bernardino County,county,CA,CA,"Riverside-San Bernardino-Ontario, CA",06,071,1291.847212793602,1294.105488027196,1301.3693094541497,1309.8532295512039,1318.2367968567567,1325.6131372867492,1333.3015945884874,1342.476856138697,1350.655965718063,1354.238993988471,1354.5072894588488,1356.0730910241768,1361.3808420724017,1371.193144939354,1380.6309872058685,1391.9822553235445,1399.1677555697647,1403.7202115247303,1408.547864552333,1414.1807114937749,1419.2619376872788,1421.9785916021817,1421.5349882627183,1424.3071766322632,1427.9658936629469,1439.9836445803887,1451.917546780842,1468.3000306878575,1477.2947715428636,1490.2368834062713,1498.1365751334622,1507.2371571934063,1509.0679453804469,1514.907500194409,1519.73607818975,1526.3942746404819,1527.2021562290595,1535.1386345619646,1548.102863217282,1564.599052889865,1576.9980223268915,1589.952033986393,1598.7636525350404,1610.2553565986937,1610.8696498689908,1610.9194041280407,1611.0255357319618,1614.0859597376495,1626.4059713952402,1634.1547544768357,1645.276507436695,1650.3281225158419,1658.5346334363699,1666.311112432244,1676.3667638169513,1684.4234668534684,1688.586544203465,1690.033081974912,1689.473582571378,1693.1064414836505,1700.1597548084599,1708.5280881004453,1715.2663799823613,1712.7584397661242,1716.4108272910844,1729.9338242800825,1757.3631332844093,1790.02802517756,1817.0611736044057,1840.3190994662464,1852.6556250110912,1865.9185361167426,1877.4300635206705,1901.8383976939551,1935.515321102483,1972.5701696069457,2010.1325724371266,2044.0183940214724,2091.9494656927086,2132.834646951443,2164.1878523657124,2166.3329684170585,2165.9836945160455,2176.3944884455086,2195.620653000703,2225.0361625303035,2249.548203377389,2291.76088550183,2311.7085750010797,2329.690506416315,2332.578647352707,2332.765816540354,2331.9637937750676,2315.17548724939,2313.4690104916704,2310.5310505584484,2317.086163479791,2321.4225239448174,2339.4343093904868,2359.0917588800157,2377.010378941276,2380.5421787911423,2382.849886799012,2383.3557707514374,2381.8995515520705,2380.17111541222,2379.8506155452615,2370.05495863008,2372.49224986643,2374.1089889433147,2397.593089075084,2411.788130488466,2428.4347207067085,2438.4894159497644,2448.1656258198127,2458.6914062162086,2464.1868714146567,2468.433369992498,2467.454149457401,2463.367361361595,2468.2532900858714,2485.72865656363,2506.533938699388
2049,14,Tarrant County,county,TX,TX,"Dallas-Fort Worth-Arlington, TX",48,439,1057.0825187185208,1063.1329920962578,1069.555572040017,1078.3519152732472,1085.922443045506,1092.686168826013,1096.6744166676242,1099.4117564754827,1101.8851775662195,1103.1448616597397,1104.71312291954,1106.1331223950228,1107.286588758333,1112.9858163527276,1122.0017216746235,1134.3652439399352,1142.4277467106117,1147.8207254172494,1152.471163914814,1155.7581705892424,1157.3553651703257,1157.1829678973418,1157.0464097340448,1158.2152036671039,1164.2378671514557,1172.6343512341803,1186.5817063769327,1193.8986554921173,1204.1400283442956,1211.0293366219578,1220.0277598428354,1226.0810295962065,1224.815239466024,1225.2250648686784,1224.409678165322,1226.0127837390228,1230.1537677287504,1235.3346109264169,1245.7477995264294,1256.4663619733105,1264.4843215250935,1270.7587643631325,1273.1296271860106,1276.729721035476,1278.3855308105099,1281.7528994690622,1284.9526893778132,1289.8573535025932,1291.0778596012658,1293.235679113995,1306.1627286905423,1318.224977136075,1330.604364131972,1330.2485053575988,1334.1279976231692,1331.8032883999022,1329.0711364088081,1324.756435217191,1324.9958737591678,1324.8761622416876,1326.8138878894174,1333.83765939982,1344.6676782265044,1348.3816841675696,1349.7298220387122,1352.7768567797864,1359.7542073948036,1367.4807799314103,1371.7046291243912,1376.1772626016805,1380.388438015534,1383.24980129921,1393.567252196124,1402.6184958557524,1418.0238014938586,1434.1960247315383,1455.4484180644224,1481.762187538912,1506.514553742723,1532.6254866955474,1548.980974831661,1562.257741290292,1573.513266281144,1586.5327564018733,1598.772094211303,1609.5553133504122,1624.3622686803217,1642.2934414358037,1661.958260502433,1682.5155816418617,1698.6739255031111,1705.6184131870573,1701.322031750925,1692.3370288329547,1687.093535683422,1683.8140453724727,1689.8285963123155,1694.7657409390606,1708.5852455582728,1710.3451193356868,1719.6319320559132,1722.9660651405113,1734.4709332497214,1735.1662822797994,1730.11189776765,1721.0246854645088,1715.364483106513,1708.8400963310814,1707.652285250004,1705.3719214515422,1715.561046583821,1724.3643980134962,1735.5314003066387,1743.9378642832157,1749.1271444618765,1751.4150031212941,1747.9870222658144,1741.490407460324,1735.864598416258,1727.873041709262,1730.5807063392313,1734.8905940919526,1747.6464391694997
386,15,Bexar County,county,TX,TX,"San Antonio-New Braunfels, TX",48,029,1002.8457685270699,1006.6874075590185,1012.8156283714391,1020.6345384240664,1029.0071172117216,1036.8613942951026,1038.5275322884956,1037.2927034403565,1036.181194099428,1041.1269325117091,1042.661855453653,1043.76116864254,1043.8632464654233,1047.7688258587307,1053.99595940451,1062.3532799656805,1068.576344084615,1073.999001101468,1075.4788901699096,1078.798044217994,1079.723992802073,1078.8781338101148,1080.6553624531132,1080.1869219458767,1085.445877769763,1088.8904341330467,1096.7071394623852,1102.7715132386609,1107.3871540552386,1114.7149280532683,1117.5586760413805,1117.4353002284527,1114.1555276116094,1110.827283244551,1108.5747137464775,1107.4667118683751,1109.7574627721908,1115.515960032709,1122.53225701293,1127.253100214169,1131.8268164473598,1136.8579282766675,1143.1272525989368,1148.4514996485573,1148.6524840421725,1148.8538454561312,1147.1176727906775,1146.0820869046988,1145.8559198063188,1149.6750976223464,1156.6018013222626,1164.215221494895,1169.0659430048495,1174.3840956179986,1178.9437980432115,1186.550056348337,1189.0639988711264,1187.2862474654423,1179.675590882037,1179.3282312654255,1180.1012862526734,1187.2615248228385,1190.881414793552,1193.3051478626137,1191.3114751359508,1191.8357854242463,1198.2089433764788,1203.3283214380285,1206.485218586818,1205.5028205700305,1206.0301075551845,1207.619169403642,1210.3405525636158,1214.8409634852865,1223.0780866156983,1237.711924456408,1255.694314014775,1277.3328997476767,1302.0194569427786,1327.4132350006184,1346.4385838653184,1356.7326481003731,1362.0761253871349,1369.2013760177715,1375.528129748492,1386.8860454896576,1398.477631168245,1410.9352936266378,1423.5527012086982,1433.5278619913076,1446.8589119007938,1450.0440643899942,1446.8086174497325,1435.1840290590092,1427.1495608606394,1423.6453334996459,1429.4364179324116,1433.3693735693355,1444.9724237830385,1447.3031295429837,1452.6085411824047,1449.091354081688,1446.8701656161254,1444.163826245824,1438.7894743280783,1430.972515359067,1424.8753176303942,1421.1218121948264,1421.0389428084757,1421.6082248424425,1427.3931445807468,1436.2940516151095,1442.6958216688834,1445.629527157037,1447.4763970518916,1446.4208007811108,1440.5690532469478,1423.0221204232284,1412.0884455241996,1405.2494142583373,1412.4367638453505,1419.5165339311316,1428.9949739845472
3136,16,Santa Clara County,county,CA,CA,"San Jose-Sunnyvale-Santa Clara, CA",06,085,2478.1217679957726,2489.906108736742,2512.160779210319,2548.970371366573,2606.206677679258,2658.906752035891,2695.937885215235,2708.8572799124718,2699.37268378474,2697.6167244700573,2686.4781383050386,2685.7083180779164,2682.518374124576,2693.8519518125563,2712.604847977595,2718.1789510490735,2748.433294399244,2762.713187322671,2779.8428173235216,2754.181059490463,2733.3960783213493,2700.349645090216,2686.2400139725733,2677.9470665778076,2699.783590863289,2720.707475942025,2751.474511479426,2769.1373443438965,2801.304525030297,2825.8720210762012,2842.6644201864196,2841.5631981545157,2834.2706270118006,2822.2399094764232,2814.2012005219494,2806.705280566917,2816.1138883881126,2838.699977334348,2863.784441344693,2887.5218343740285,2899.069855916575,2919.9614279177786,2934.82179458032,2944.0070592369425,2931.033321512322,2910.7901832016346,2900.4552513058793,2899.575786222228,2907.018730849909,2913.655860085109,2931.061098102653,2950.8900547068442,2973.6873972333688,2992.0330332541944,3007.0076446855223,3009.1047421455914,2999.228428365086,2985.7938630992257,2972.317248029331,2978.6139801717068,2982.095576902871,2994.9751010866707,3006.1835839053283,3002.6304190703786,2989.2344379528395,2957.7704925355815,2928.3224365855663,2891.0642743347835,2850.1177374404924,2803.0821259773484,2772.833911207485,2746.726417773343,2736.6483486812213,2733.490538491449,2744.77931732554,2774.081421038679,2813.0480916653573,2858.2560253717756,2908.2684823086215,2949.059623467592,2970.8315106133355,2973.2658915652055,2959.3934208809706,2957.3830735795927,2971.588878930332,3003.4189051969684,3038.0040162185446,3079.4407393039464,3120.8874322890615,3170.621462274929,3208.623683742537,3230.7369710710072,3226.9094721372176,3199.781721695426,3164.2527424664836,3136.297645124235,3135.232909328842,3145.4211739729108,3170.006302993207,3181.9019745019045,3206.474655284669,3219.267979522549,3234.532235495077,3236.9424123471363,3226.707936254331,3200.0839370795075,3165.444711297368,3150.408243213467,3165.8483965020023,3197.758220697698,3230.138112268768,3252.5823822908387,3284.9473928511625,3316.7045531061362,3342.8240805663127,3349.882275686392,3345.255369638538,3333.09607316652,3312.548080172241,3292.0751553148207,3294.91212609253,3316.794002862736,3353.0568208480654
1561,17,Broward County,county,FL,FL,"Miami-Fort Lauderdale-Pompano Beach, FL",12,011,1374.2235855294364,1378.6731114302427,1382.7625352256302,1392.4485401224977,1399.4084200945551,1407.2680700191574,1413.992095412937,1419.806377629791,1430.853300899901,1434.502781624067,1444.2741751420115,1444.8675770337113,1451.9658988187339,1456.1492810364018,1463.1257570045848,1467.274654418841,1467.025622779961,1466.9164789476783,1469.4673873590386,1478.5085706782036,1487.666770373659,1490.1945729906354,1491.7504430962522,1488.333759617129,1494.5938123397825,1498.9588631017477,1509.9490696183516,1515.8295871604635,1520.340354234742,1524.8149178615113,1529.9185002845777,1537.3773380078283,1543.7328036740155,1548.6103049661397,1547.9073339226425,1550.1960847120968,1553.6824675210328,1559.9022909283124,1564.8576037218577,1569.1950199853234,1575.9118348811874,1580.8692616563274,1585.6142928666573,1588.4105326190602,1592.1376021887568,1596.3345097968106,1605.7742114896314,1610.8871894485983,1612.2011304342507,1615.3680249079996,1619.3018464528186,1623.9050862949243,1626.547323445263,1631.271175708215,1637.877062870102,1641.2470496968697,1645.476309629777,1650.8542258384086,1655.6933362285135,1658.770200908256,1663.0997302771657,1671.0491168608569,1678.3731260980337,1678.0482848875965,1672.846701678695,1675.2733880805545,1678.9227593159087,1684.8906188402054,1688.6196019184254,1703.125952226413,1716.43186164274,1729.4679388792777,1739.1828536146165,1754.9925054618418,1775.217616967815,1799.0856207669922,,,,,2045.6636065536604,2079.1975157544207,2113.614828246088,2154.1727820540773,2194.223352155388,2213.8394210542656,2244.698665332839,2271.5116116823774,2315.6700340358475,2339.695876720441,2360.9528370106345,2368.878934535737,2376.5841253358585,2375.2730753775872,2377.9791914799503,2383.6127427439496,2391.451046267189,2398.1084408003603,2405.09481712334,2414.1396176667467,2427.188381391094,2441.7070858396573,2450.754917272221,2455.354315742284,2454.0726495993667,2457.5605581108143,2458.7320311254243,2453.7361448891943,2451.9019048912137,2458.809176055924,2467.8091981082384,2477.057018439322,2481.7104309825027,2491.7323357742243,2500.521518452705,2503.758210682999,2506.908200042239,2501.418486265982,2499.901491020222,2495.4814334271823,2497.122684333256,2501.399128058486,2511.0130448860004
791,18,Wayne County,county,MI,MI,"Detroit-Warren-Dearborn, MI",26,163,785.1847780017708,787.3170969065967,791.4279597390032,797.3580066301857,802.043930417711,806.6921800124608,811.2593397731616,814.4053632551705,815.1201611175171,812.6401519172965,812.2328663984786,811.7192864044653,815.2065510922356,816.1125313944225,816.7130515922706,819.9922362705751,825.1428168277047,830.293351163213,834.446153792272,838.2513177338533,839.4432620606868,841.109912687436,840.8091213580086,841.5526511898582,840.9339345051426,844.8518409865292,852.3835553305825,861.2438426632584,869.7700300927686,877.4907735871703,882.6198466830126,883.0435364488415,884.045093422863,881.8347811147609,881.7178551914922,883.3227012711593,888.041985882075,892.2905854496163,897.3514809820696,902.7934574516505,911.9996964243251,916.6485871379225,918.6705607450835,918.9466136167258,922.4740792233927,924.6294469465879,925.8148629126441,925.6015010281585,930.9897244366931,939.4542120324595,949.9566935828553,955.9150595868002,964.7445059313903,969.2453630269857,974.1842357847156,972.76809074378,967.9864921495213,966.594898554037,967.5356281571064,972.7063608745282,972.7346685286254,973.6664697249569,981.0460149142455,994.4542579336878,1002.4220427264039,1010.108097854682,1020.3157190753628,1034.155140060376,1042.3741902935037,1046.4133804553164,1046.068773148712,1050.1142874698364,1056.6842335117524,1069.040321450557,1079.5805445377516,1093.606098608451,1107.49544061131,1126.3360688169726,1144.3385245540255,1165.3814859385056,1175.7409582701075,1181.9273594134918,1184.1486476293792,1196.6689768985832,1203.9290641850437,1212.9170107154139,1214.2831393056827,1226.2988985196366,1240.1261671922266,1254.4690273914687,1264.5675016352657,1268.7462141205096,1273.9503285188096,1270.434664628835,1266.9303987291146,1267.692969859697,1270.2517569627894,1273.171360619845,1273.257841491016,1280.187611674857,1283.366360064898,1291.0084146800664,1298.011547747948,1307.000779359972,1309.3001707211806,1305.7291128177367,1311.3248033676496,1311.507299309745,1318.5585939393086,1318.613395556152,1332.063066475739,1341.385109351748,1357.8902685968699,1364.475192230844,1375.50514830777,1381.7614442220686,1385.9258559055065,1389.8075941879576,1385.7700344654468,1388.148564846532,1390.5148765494466,1401.1768154813012,1410.571182842922
1510,19,Alameda County,county,CA,CA,"San Francisco-Oakland-Berkeley, CA",06,001,1975.691851399977,2000.2470377133484,2039.6445552403072,2068.5841771146183,2106.3112336328,2134.5066218490247,2167.6259692682897,2194.534422027196,2218.55709824413,2221.5278163199596,2223.2035368589236,2213.5486178109613,2237.052160464659,2246.0500269424015,2259.927796772721,2276.795678455993,2299.285753535102,2319.544626578467,2328.5550020265678,2335.7431683205073,2342.1099893076453,2327.9261494064053,2324.8912980110413,2319.9774618590573,2337.2459460072755,2350.07052579469,2374.9650232096565,2391.3495296719057,2408.6150563571564,2429.6706632589844,2442.770153944771,2448.483378410006,2442.7718792716437,2435.8833460713217,2438.0794670907258,2440.7834363643615,2447.851215547444,2460.9479408052234,2473.075450429515,2485.09647927497,2493.484428557712,2507.3213600584454,2520.8155374967223,2523.6271784770415,2520.652267295334,2514.5674687254004,2510.3811693731022,2511.5429556881827,2517.6906621537687,2522.943114560206,2536.7473581127297,2543.6075969826984,2557.9250250383043,2567.8608925197764,2579.4331500295634,2585.588210831692,2584.952439402526,2577.1372767548087,2575.5917701129983,2572.6647957003065,2577.9774660111757,2580.6832928374097,2595.724425729793,2590.6750127065316,2585.2373268210704,2564.7926352681015,2568.917129121319,2552.461003630053,2536.7973112217646,2521.1706939681626,2501.5736467218194,2489.9221989311245,2471.564279247804,2481.2208173778877,2491.171309481335,2504.452242023473,2521.047868581479,2549.4792050430933,2584.6343305749588,2604.910502562361,2610.114409614946,2610.3510478975113,2608.9485585116436,2618.020582460851,2625.92737582124,2647.1901985008976,2668.676087246617,2694.4518452760726,2717.384841115479,2738.903532251509,2758.732085630747,2763.937852390294,2752.7028716699037,2725.3500503146633,2703.349322186638,2687.7778156429194,2681.6117734216327,2690.6461142219164,2723.2667620157276,2745.994778664585,2757.7958498052144,2745.6979095964775,2746.9408834482538,2743.2865965481997,2729.9584920759235,2707.9862715205686,2686.5215719200082,2676.8224760760754,2676.6978527403367,2684.315075842596,2700.823895893627,2713.55380918267,2728.7973664861247,2734.6090833024673,2744.7452012921635,2748.3585989337316,2744.479433979964,2734.910996853162,2727.337089743158,2728.8979193010323,2735.8746603878003,2751.8926453055747,2771.1731460712595
2452,20,New York County,county,NY,NY,"New York-Newark-Jersey City, NY-NJ-PA",36,061,3130.8081169058323,3141.5998882789763,3162.0615819054947,3199.235145797949,3224.786091470285,3246.5758773613625,3255.9938929528903,3266.610625207252,3266.612670716236,3255.874710234299,3237.7026667476985,3220.2282491679443,3210.46815994525,3212.698988373912,3224.1220731679477,3243.7700471048283,3264.78907990418,3283.6976923592997,3300.3712705638686,3305.525693162897,3300.1090717217844,3280.401708954788,3247.7535848134908,3216.521609310081,3206.8033461576315,3217.104969480764,3238.6342650330557,3261.1558370214134,3290.5485052511153,3318.013842427683,3331.082473408746,3331.552036566433,3316.8794444953983,3287.900295061991,3251.4095138845773,3227.183615216058,3220.6982035049346,3236.250260340317,3258.7634393279263,3291.9190969168585,3320.829588541856,3347.5754709829907,3367.490241213027,3379.132722163868,3379.305462094013,3361.167267595926,3336.697595096335,3316.3616432741705,3310.6029681012114,3321.4907194558095,3342.1395096445563,3372.5715731706337,3403.795558454135,3436.152321612939,3456.723306836581,3469.5696878445924,3467.4510512141355,3454.6608934856995,3425.29000336545,3407.4893501726247,3403.073447623474,3429.624207143274,3448.7765433265913,3432.757064408065,3389.8759544908394,3329.0197873872053,3265.2819832394252,,,2962.4343499553574,2890.098163676351,2846.7091293490002,2831.056921026493,2856.0311904413743,2904.981577111774,2969.9079750523315,3056.858091117384,3162.261431516378,3283.372116169575,3390.3260215754717,3476.408523918332,3527.5910905702362,3565.0460837170917,3593.6002296197403,3633.888120344009,3683.511236711549,3739.4266175930675,3794.140516485022,3858.7050090026646,3928.952070922167,3989.126035248747,4021.4910152217153,4021.1279571193177,3989.620781336481,3939.8491876246962,3899.30609319493,3884.410355519152,3894.8719196293364,3924.8308176693527,3972.702007398543,4026.6117524409383,4077.7874338671154,4110.767942740541,4121.5914178443645,4107.589662442309,4070.0913076014713,4018.8267750042255,3971.6735860820286,3961.86961462729,3987.1417378128394,4038.7441148972084,4101.314227951554,4161.960583245402,4213.9477307161405,4235.726646976014,4238.773927164609,4217.810572852245,4189.418732417998,4154.317796379578,4138.61321329841,4144.436860448615,4189.1116621353885,4238.780834077043
2801,21,Middlesex County,county,MA,MA,"Boston-Cambridge-Newton, MA-NH",25,017,2043.21749294161,2036.3742855519372,2060.5979857502234,2100.2467386072913,2140.6608027620664,2163.9237063542564,2176.1381373648114,2178.419346399038,2161.3705868815537,2138.3301708923186,2119.457189457386,2117.131116889483,2129.314135587174,2155.086574130708,2169.9098839517846,2201.3133654320136,2225.241556200307,2264.938646559606,2266.0365229808435,2269.974137102638,2260.010143834996,2235.0169365367533,2214.04968569521,2198.020122864802,2223.3386279495994,2241.1703015936178,2276.9716813537334,2304.673003706562,2331.802869596371,2343.6223294323445,2348.128761206146,2339.712557598213,2319.4702522133352,2286.9450655927035,2276.749834836477,2268.0233537943914,2282.6512723959877,2308.688472262916,2351.117539429039,2390.4839674108553,2413.098290723983,2427.082365671822,2430.779687256844,2420.948861370617,2400.0717123484774,2372.838757334044,2353.9776030874873,2341.3086577722315,2351.0491765599395,2378.8868797755185,2424.4725602745216,2464.2896052694987,2484.593898135631,2499.3300099723024,2501.297831748624,2491.5417795784833,2466.886497204398,2443.634631789717,2431.0494814068725,2426.6590329035394,2441.0763932129507,2472.789520304437,2514.14047727663,2525.7042258853107,2517.5777921393246,2499.8798700944203,2483.6042032640767,2447.4520312670165,2385.2870703335843,2327.3554898258244,2288.7691181288415,2280.519864786173,2278.227153524883,2307.2153478082855,2345.3697296825576,2409.5563030044236,2461.3535064281104,2511.1748112860296,2548.387533125295,2570.9206407867046,2592.3617262757307,2595.8132001253034,2602.6500285614507,2601.5076848908666,2611.503264700475,2630.5459733404555,2660.753106496509,2704.585704759244,2753.791518651611,2803.229088925838,2836.4591601708266,2845.8433364277403,2842.612197307809,2832.6205326331747,2829.542335012208,2811.4654120619653,2811.7101481822447,2822.66064318083,2865.27964062974,2905.856573281732,2945.1163720219693,2969.7661996789197,2986.462165002018,2984.68556180511,2980.4401927336735,2966.8010973964524,2958.9589142565133,2945.7480426229663,2953.6440894800244,2977.47520932954,3020.8086175157896,3052.564453406065,3081.8973903668984,3092.1612750977897,3099.960471520574,3083.8105749117326,3064.884614769857,3034.6304017271787,3021.514403035983,3010.936073145793,3031.8443104455105,3062.44637554406,3118.9425969280965
3175,22,Philadelphia County,county,PA,PA,"Philadelphia-Camden-Wilmington, PA-NJ-DE-MD",42,101,1215.4545209997984,1225.2397595875898,1246.3095932124115,1253.1980518904218,1260.1679503316166,1262.943218320849,1266.533647426001,1264.9597808360834,1261.7062523177492,1259.9761941700604,1255.9357148033257,1252.186284266766,1251.3010221702439,1263.188732169863,1277.6898122017592,1289.99862480364,1296.8770691671284,1302.9094625248283,1303.007822866405,1302.4178739524955,1297.7773437566934,1295.4134481687656,1299.7309203823413,1299.6336644652,1304.9725519305164,1310.1819126514886,1324.805762209358,1334.7364842083607,1339.2147168795116,1340.0027277905108,1339.8688730498054,1337.8559165460435,1335.20127987058,1333.5725922996874,1333.5854599477432,1337.435720605719,1341.3803714630992,1350.6072324811419,1363.8596293545959,1375.0306308820684,1384.6427001470622,1386.1646978080382,1383.7423248606149,1382.1455697592291,1380.0782542782429,1384.2715725391363,1389.7290204800272,1388.623447327809,1393.8626194327442,1400.2189137433272,1417.6486161627863,1426.7075791939503,1432.1964025511604,1438.3232397447912,1442.4943180782134,1441.1568807082813,1437.0142974647633,1436.6799373136928,1436.4497306180629,1438.496661630803,1441.642477019515,1451.7270174031205,1461.1325402568605,1464.72093864193,1464.790638217951,1465.219136899912,1467.9994930636735,1465.4003981364417,1459.4112005205038,1452.3757227696312,1449.6311423950217,1450.8597052772711,1455.9263073184911,1461.8458874099626,1469.8064122169371,1483.395452430478,1503.17004747615,1519.538321620821,1533.2979011054147,1544.5615433223873,1546.4204636581915,1554.3008914916338,1562.5045629284496,1581.8287006701032,1592.2187740380666,1599.5983959881794,1609.0845741283274,1620.9612803252185,1636.182031027695,1648.7547413001744,1655.345391893197,1657.166581510678,1656.0748433919653,1652.0598600500539,1650.0473026695327,1646.3298118841665,1652.152293454787,1656.8047105580881,1668.3020196745556,1676.5946261729907,1684.8901997211797,1687.8304328176398,1690.5105098788013,1691.8352485310904,1694.6715140835674,1697.8319072218337,1699.1878616856338,1699.1355154556095,1704.2846941059279,1711.4463505762894,1723.296139502931,1729.1449160812924,1737.4294409101576,1741.60252994468,1746.4763286254451,1751.6057711582716,1754.1127078832549,1756.6460396084053,1759.1489630637154,1765.917834043072,1772.4290216195618,1777.069704548481,1779.5572032976888
3017,23,Sacramento County,county,CA,CA,"Sacramento-Roseville-Folsom, CA",06,067,1191.0571769995204,1198.8728538413775,1207.5075664511578,1216.2524203066023,1226.289655238788,1238.5276715244354,1248.7302254730016,1262.1814562036125,1271.6570461504448,1277.1210329842693,1277.8315452469483,1277.992438423044,1287.618213375959,1294.4893132840718,1304.93976982704,1315.9043248290989,1333.2548924032749,1350.8442624448571,1359.2497749842403,1368.6679081660916,1367.6917682360274,1372.0470499561256,1372.1211173487027,1381.927193900427,1389.8956096854718,1407.7154923380783,1425.9557832915818,1445.7260193248533,1463.3413228398913,1478.9936596055131,1493.1503409246054,1505.0456505666539,1511.9518064881802,1517.683966725145,1513.1956657608787,1513.3302495706016,1515.831824801443,1518.3659101142623,1533.070060832229,1546.4043882448893,1568.118624198077,1579.066547504121,1587.5031564337473,1596.4489786565698,1596.4077568004636,1601.75612900138,1596.8118573370384,1598.9171038317143,1597.1637099433203,1607.9883393968742,1620.6653757071704,1639.2053716694727,1650.8089156991384,1662.6302796633054,1666.7854311808178,1674.160242582939,1676.4682209547275,1679.251345016173,1676.2233762018816,1675.826564361992,1681.4994783469253,1691.311492733596,1700.1151084407256,1703.737654805908,1703.4993749969203,1717.341537777846,1729.8461963217462,1753.7855887374562,1768.0938231749965,1782.1220886439412,1788.2566194266233,1791.095371459043,1801.8700216894097,1814.4528005158033,1837.092887071303,1862.2728076733574,1899.7324147408583,1931.0729324031752,1968.0049798082612,1996.186633607159,2015.6693204312821,2021.2971921397661,2026.6138126060916,2030.4373989198905,2037.4431740347861,2042.5577098243646,2060.374413583636,2081.3723844311767,2097.4259693369618,2114.6342394816643,2125.17388805463,2137.083960887391,2136.0546808303757,2132.37917766844,2112.507929498711,2097.090277782928,2090.728452134335,2096.92170913794,2110.46715876145,2116.0956649451696,2127.933508069178,2136.8433638719766,2145.649777385772,2147.893951538175,2153.678656609932,2149.458867992319,2145.8643594570367,2137.3114369343607,2141.1548991034856,2151.3925007274265,2166.0640084766364,2183.5514857146773,2195.714279258978,2204.3771310747356,2210.229346060835,2219.374431878891,2220.5223310984484,2222.076108170916,2220.2514567528237,2218.447257029935,2218.461737940337,2222.0995438747836,2228.3253630426007
2046,24,Suffolk County,county,NY,NY,"New York-Newark-Jersey City, NY-NJ-PA",36,103,5810.595242597907,5895.049832897275,5992.473628838806,6077.7357940495995,6075.969998811962,6115.906028625487,6050.293389448333,6050.737612095262,6028.100411802236,6094.544367323167,6143.9986156170235,6237.688568222969,6302.669951987176,6359.002647778837,6283.084422849327,6350.160337397232,6357.7088820759855,6353.830632797361,6318.258247970382,6261.271510593595,6226.379362638251,6258.0148066590455,6306.469940219869,6451.85428535219,6471.248875718612,6502.466907841977,6535.088245747206,6577.3859371739645,6603.473988076925,6531.325432354336,6538.591318998833,6532.284973696553,6712.399110798681,6816.324670011302,6787.066945558191,6632.014940726443,6538.400456940582,6547.081165996426,6521.646721790613,6577.901880073055,6596.854497957324,6592.595971981886,6607.441770898405,6751.877130028509,6895.862717921954,6880.2401063864845,6891.624384602138,6856.911585933224,6943.945850343193,6949.4503895051685,7062.37296363275,7056.23277635116,7093.1498499632935,7122.885359719203,7082.598750244068,7030.538815160111,6978.042927770553,7144.688355612147,7225.060276631116,7352.109813295998,7297.909604271168,7303.316673162572,7361.543757732629,7473.743527935183,7604.179847965645,7617.39421595059,7590.740916332896,7476.4047051113885,7431.295906392285,7369.7852471852375,7532.512027391282,7632.234217543901,7783.841601972507,7902.407864842149,8106.071728148164,8292.831865999893,8437.261749275156,8471.47322456,8510.920891591803,8420.777164873873,8282.450524979186,8260.730447047701,8194.07000733983,8346.151358053306,8473.129300065582,8726.56344688049,8865.504998702758,8943.185790687254,9009.066327627672,9070.554406011242,9189.17539461398,9206.090598403973,9121.975031482514,9027.235873958132,8986.561733991344,8999.483747380122,9031.045277238578,9134.16280842252,9306.742709759086,9482.960308575495,9604.440938802836,9574.387494034805,9512.90426481469,9448.178152003093,9352.692617401266,9271.20552219282,9276.692192791086,9353.787960203686,9503.710939693423,9574.350890767433,9720.881980826165,9671.360501377372,9652.578469125136,9764.00245600303,9974.852528514732,10010.054680808968,9809.87557457675,9660.558273788305,9756.892120939741,9916.61227682026,9993.730313082762,9997.831859270318,10060.956377370901
2993,25,Palm Beach County,county,FL,FL,"Miami-Fort Lauderdale-Pompano Beach, FL",12,099,1345.9020015881279,1343.7692352047648,1338.7461238795988,1341.0845810681053,1346.5896550351579,1357.3502423981588,1366.7793061185278,1381.3939941451865,1397.4947554956798,1420.084775946901,1434.0268064325999,1437.275196617606,1429.227670252026,1420.2355093596889,1415.1672208414702,1415.2451789209113,1418.0859373402245,1422.30969415193,1426.7749960090177,1431.041077208559,1441.1829519310925,1454.0287875477188,1475.7812793216822,1488.2231283980914,1489.5152967986235,1482.7378087132274,1481.605825693097,1483.1763011511218,1483.5896342722651,1486.4895514245868,1498.0185161155682,1513.4795899915412,1528.97264482951,1538.8155333404227,1546.8326652026735,1545.1265365382808,1544.415765757643,1540.116308455121,1540.699357740707,1541.3524175552177,1542.9811215463146,1547.7629203608294,1558.0342591010442,1571.9512926477073,1583.7230085163544,1598.4141805509441,1610.5442915593585,1621.896480363984,1617.4074411173192,1609.6016039624087,1601.484890622882,1600.465643040802,1602.8307816273937,1607.7696949260273,1621.286250891969,1634.414575703848,1654.9036922506089,1667.6885445994155,1682.6684732916196,1688.9954226259965,1689.8446537029865,1690.4078674489608,1682.788224828667,1674.8436371679643,1667.2768469129703,1670.1827203271039,1685.015351327716,1702.518074730712,1732.3946216485588,1763.7387684989792,1797.9092432443795,1813.952218088154,1821.6470444525519,1823.8657086552869,1836.1862991704413,1860.9230021154804,1903.8992004286536,1960.32103768182,2030.6384380523227,2104.321529708402,2181.799446692772,2245.6362768891718,2312.5670597387416,2362.6162826249733,2402.391257245709,2404.87349481919,2411.71366932209,2420.882376604883,2432.036340110222,2447.3492929689064,2457.2808388648205,2473.018563340605,2483.295838910687,2506.660464683503,2536.6966466548943,2543.592611995427,2531.861967182588,2510.245974899467,2502.042632155096,2493.86037295954,2498.6415417759063,2504.5950373564456,2520.3276198957133,2542.0004209718804,2571.8415719891027,2603.637597962244,2614.82049251638,2607.6497363102017,2598.682252853234,2589.7768459155627,2587.9837984380647,2581.6492682267135,2571.452942197334,2573.481021494409,2586.5692093462726,2616.503352005207,2637.7758713733124,2652.47394141607,2665.1406437128294,2667.5538538000183,2664.283978381032,2652.3241224327785,2644.853363339124
401,26,Bronx County,county,NY,NY,"New York-Newark-Jersey City, NY-NJ-PA",36,005,1535.8857777029134,1543.1543458019082,1558.8979214771964,1572.3233078929993,1578.9362878322584,1588.509952756048,1603.5179578778248,1625.6072355155911,1629.8968058142589,1620.8154532705057,1610.573815478413,1620.3220893320006,1650.8926568024842,1667.6264720991524,1662.4338129069222,1665.8112614127433,1683.8506304352327,1713.6860243592664,1718.934364695545,1716.6248029918704,1725.5532911536825,1733.1107856216815,1751.7464092546836,1758.2165730299114,1763.3998887445075,1766.0041039709308,1789.1462598499568,1810.4386203446188,1826.4887932600145,1815.388062040463,1815.6842722617018,1811.4539497377086,1808.8294509467762,1821.8178863580122,1838.0021729535629,1841.1504373850405,1835.556034629046,1841.640837863254,1860.7094336680266,1880.6315358697111,1902.4178860751988,1924.5072816774398,1930.369081071616,1914.4954263629745,1910.9939175079423,1916.1958905913034,1926.4930231116984,1920.9232136078533,1900.6289544071126,1904.233072232433,1919.825175951611,1951.5679949051068,1972.9087472054991,1992.7651525715057,1998.4532948261976,2000.089489177476,2004.7060472146657,1998.823365197684,2001.9511229245795,1994.050860308073,2009.179911608541,2018.5675116780994,2030.5478201806402,2040.1264208927605,2036.6368450131613,2036.5783183864353,2040.1894417575006,2042.7745954899917,2048.5589092275445,2034.3881052480901,2030.2045256091062,2009.8201283127485,2014.5345370633474,2026.452290455257,2031.0389398667753,2032.788556930497,2033.2474385668918,2051.156307297521,2062.684171671649,2069.2295100027895,2087.4826101011336,2108.2521969625827,2124.8224224510104,2122.9058555854663,2116.9169800279305,2125.6431610146974,2156.907704193333,2180.4998082515526,2212.841004623699,2221.958158597783,2249.0398125928673,2259.186746477973,2271.2833019127547,2263.682495557351,2257.3378272513874,2251.7856414535554,2275.747315402292,2293.385838812703,2314.7160165461073,2309.435156256023,2339.514500543773,2365.3392299242414,2395.223809908338,2401.858036188099,2417.366329794587,2433.8854526810674,2427.7933370898204,2425.5167240310316,2443.128594580054,2465.533521549318,2520.874411990133,2540.437513642388,2556.4662004245324,2541.029838798824,2531.8237958966,2538.663576396702,2526.4586893741784,2517.9820467326813,2538.7355917923464,2570.8938508341794,2600.325834978989,2599.447510748117,2599.6088823457244
3165,27,Hillsborough County,county,FL,FL,"Tampa-St. Petersburg-Clearwater, FL",12,057,1152.8841933897518,1158.0090076215126,1160.2497970044044,1168.4888518828805,1177.6611455542989,1186.3784898089602,1190.7554711070586,1192.7256204622727,1193.7514137169921,1197.0461900102614,1200.2690375677735,1206.7467684384812,1211.7734667174411,1216.5179616461157,1216.7102244125683,1223.4959759960218,1229.6297078894427,1240.1855878259114,1241.7393455658685,1247.496759336185,1250.6543782814258,1255.0757157393716,1255.2069486697476,1253.5904749365063,1258.2990843371213,1264.0866641708956,1278.1675350404416,1287.8489254640845,1299.0257870659434,1305.8997244866348,1309.1058217865036,1307.549070389472,1305.967340889121,1305.439292108286,1307.7276029603374,1310.769999737184,1315.7430471803839,1323.6590610694366,1332.1643443215846,1345.5490826445684,1356.381944235694,1367.0043359559247,1370.466606444587,1375.0374705638872,1371.4627352182688,1368.8969284733307,1372.4871370283597,1373.492904784118,1379.0801658742755,1379.3530196044717,1391.6858253116798,1403.8736009361814,1414.4338399135022,1423.8272389391207,1428.169718650946,1434.3373995082598,1433.8943261884256,1433.3476388413605,1427.9303286075851,1429.5508129528102,1434.738566689793,1442.792322859907,1452.8302122934074,1452.94899556282,1453.7108561085818,1454.6209807003088,1469.801260321447,1483.5438492002488,1497.2299709545366,1504.9889101050755,1510.9842847743284,1518.5037500264614,1526.902406904773,1544.0832791175426,1558.8669749043768,1586.9834119504098,1626.6040669247823,1681.2304507787396,1740.5088394267657,1800.4840541039907,1852.4639845672982,1882.4007276907307,1901.002872521153,1914.5714898552521,1927.2028903333667,1943.75531686812,1961.2481630057107,1992.4769582884862,2016.5878107549975,2042.476914493027,2064.1580202128803,2076.542896783319,2073.981173004579,2058.4817948914315,2046.5329846272286,2041.3021139532927,2041.3977700509577,2047.2302813294675,2063.3690918480925,2075.6103642109806,2088.561310222737,2091.6631523635247,2103.960550463777,2112.0426730670283,2105.4062743515815,2101.3342243623197,2090.993480225101,2090.31472016087,2084.526375495939,2083.010109158593,2090.170273903687,2096.7095441557085,2105.936693871226,2114.2488640981674,2126.228205813405,2131.4763648305384,2130.8739084484337,2131.6368083211914,2132.3598966642858,2140.6457629994516,2143.6592167519793,2156.5150988273567,2164.2165256539797
1287,28,Orange County,county,FL,FL,"Orlando-Kissimmee-Sanford, FL",12,095,1131.1259942808188,1136.682857395978,1144.164297564025,1152.3447732194875,1160.7675568916823,1166.0079938909025,1173.7022081960445,1179.1327817100619,1188.4363065441248,1189.9567737413252,1191.2273731009886,1190.4630982424997,1194.002449106657,1198.7772106508326,1205.4049605429088,1213.1483070153665,1224.0545515796198,1233.56356477772,1239.3763470594265,1242.9816637645374,1244.71748372692,1246.3889116973821,1246.543547731274,1245.380356734958,1251.919401951114,1260.2227204181636,1268.668706777557,1275.9925391320057,1284.9089564775045,1300.0398819519519,1308.1657124064595,1311.3880080040308,1307.0791804105527,1308.0746705702975,1312.1043919683707,1325.11229221632,1333.9921440745256,1346.2143176571813,1355.1842251352755,1361.455208860478,1367.9672593457806,1375.316718686514,1388.4501449366683,1396.8321311023071,1401.0679705011448,1400.8046536548807,1401.6609734645983,1403.9453537125366,1409.0048411556963,1413.2929319390282,1421.2906962057684,1430.7134336764072,1440.1248794625722,1449.856988886436,1454.8776005084192,1459.3359984292529,1460.9872117756931,1463.7110108722622,1460.6689258213507,1465.618766288322,1466.3117950451654,1474.498908417842,1473.5121096001153,1470.2014676411986,1464.7639886834047,1460.8103949540118,1465.9901589449628,1468.3147168776175,1470.764505200969,1469.0225514074439,1474.280021528743,1476.2701504749527,1482.7947472089031,1492.3918863607921,1509.10217624322,1531.7379490185572,1564.2188658674781,1607.7257294333062,1650.6405829491769,1697.707649644917,1739.5158250101879,1774.1578565477419,1791.534735441757,1804.0873063460365,1820.6585434085382,1840.0134200493023,1867.957171843722,1898.5995815074855,1932.9368726505354,1961.2375758140736,1983.7151807844323,1991.3382449169915,1983.8980188714945,1975.495248253585,1970.2294764330493,1967.049002809584,1966.0899521930198,1971.217658963647,1984.7701961963749,1995.9635544515565,2004.7753974165344,2009.0654923951474,2011.14103653786,2010.2123852439813,1998.971245455545,1984.7619468787889,1971.5250063186522,1966.6401784097955,1974.6225201287261,1980.348454361708,1988.5372157138866,2000.1483067385846,2015.1160182906874,2030.5933272539628,2036.3623320998192,2035.3436180081812,2032.3092797130657,2018.3169964540773,2011.0021581354467,2000.229076534504,2007.233492212833,2012.938868339608,2025.1551729150597
1252,29,Nassau County,county,NY,NY,"New York-Newark-Jersey City, NY-NJ-PA",36,059,2176.564131000955,2216.6422691024336,2215.0153272729776,2250.920924766248,2242.22169775313,2266.2297157553226,2275.8184698879454,2287.6565256667395,2271.99141736515,2273.74762779626,2274.220418641018,2297.163013633929,2297.993856115448,2305.112835960108,2309.1073710798714,2335.7705560353324,2356.928324129751,2373.136515643718,2362.5268062972295,2365.580687105088,2381.0720078733298,2370.419082900818,2364.704195687685,2337.0558952382635,2362.175100145609,2382.397198670223,2412.4974532723727,2430.1952361993926,2455.948139843857,2455.259227724436,2467.1707951917756,2461.533833572899,2481.0988585395003,2462.7963109880166,2460.5969120345667,2461.1265977956077,2477.792199150052,2489.030376971443,2503.299867767681,2528.3287468951753,2536.1414905433894,2546.141145539488,2549.6232837749217,2573.4348470401123,2559.176637453281,2540.0771613427637,2533.706589798198,2554.128180845422,2564.3642982141096,2587.5600695305925,2600.2702696419015,2628.1814641900946,2626.7725811206037,2646.114317079214,2647.962480145425,2645.580211104105,2617.1735794037527,2599.517833486312,2600.242138787202,2630.570817816139,2648.8464920029332,2677.055955692217,2664.898952058397,2692.768050777533,2701.0121107292457,2731.1352316316325,2737.213523277168,2736.1671030925495,2740.013835185673,2736.9471533731894,2729.8958860120947,2723.411433164135,2736.400399557176,2767.01594484329,2785.6152320471724,2812.2616398979876,2836.5727945107797,2884.400113734579,2907.6571029152838,2918.6092203948874,2912.2041171593737,2911.848646659204,2922.6344884080418,2930.334797916989,2962.4809237714057,2999.697320653235,3064.3627024971797,3100.2677175218446,3113.476002916734,3125.5875654842694,3139.444734874375,3144.3506376611313,3107.98290966226,3095.5306422111876,3095.135557951224,3109.664078100903,3105.3379098584182,3137.213132484291,3201.8139685834813,3245.4750532351304,3270.581501490077,3294.5530663063078,3297.0114517930188,3284.6493004710787,3248.882005788834,3261.6128524153073,3261.9822673938493,3279.867887931517,3321.877955983187,3346.846454140825,3386.49872564488,3381.140844458726,3434.0281181814707,3447.93245113961,3457.151298161306,3435.2152090416116,3416.0597983870784,3409.0445605919326,3410.9219841753297,3442.03400302013,3467.3829741241157,3477.702888854214,3482.9328213238
2288,30,Franklin County,county,OH,OH,"Columbus, OH",39,049,868.5405804204897,870.1430909882836,870.4191532442729,877.7938094898371,889.7451752221781,895.6416172137715,898.6481944741743,898.8814452850653,900.558385997907,910.2088454699581,906.746437716033,905.331023968768,903.4127514600857,907.5796515700418,913.2900793789341,918.0309310532275,926.5781877450721,936.1608283057043,936.3381566930198,933.2789397996531,926.467934177816,925.504354884568,930.9625438332353,936.1342366855663,942.3682456157052,949.8698754592028,960.3465259701693,968.4404298444254,971.0877012479486,973.9746070744416,975.3457761243126,977.5829863890607,981.0662176076974,982.0564260465952,984.3820426635557,983.0691278472126,990.7598308744246,998.4588853425714,1012.5061786075149,1021.5442465184088,1030.2844889421049,1033.8218831216693,1037.186139932882,1037.5074875721034,1037.1528288375362,1035.8578629672209,1034.1740056198532,1034.4547052481353,1040.209074671245,1048.068711531047,1058.3909240545495,1064.9646392534796,1073.3762044202942,1075.6490883537347,1078.857682961962,1079.0364870200178,1084.3304236224483,1085.13903028818,1087.5539119416267,1086.7270759209957,1092.450465596086,1097.5247741747207,1109.4892109103164,1113.5653359795276,1119.0006257104114,1120.1401511888125,1128.6455296641125,1134.9685986997229,1137.3369227911444,1145.0385537180744,1147.7264685388445,1142.073069794926,1140.245944682432,1144.639931087223,1163.8187008285315,1175.4814014608226,1195.4766355895176,1209.6986173018163,1225.986644410593,1235.1864163819016,1245.165233207079,1249.1674335743487,1254.2170394188597,1257.9607848934643,1263.9087492089864,1269.1768706206055,1278.0373422866458,1293.1339959784293,1312.1847849324365,1335.284352793755,1353.464265690672,1362.269941517785,1361.3787349796364,1349.9313072629564,1338.4792344407451,1338.4055447937542,1344.2324893997265,1352.7128112479343,1360.940994777107,1373.4358089375678,1392.102108387382,1400.8873065814155,1408.9372339406013,1413.2959347196952,1415.470102305502,1413.0933328627148,1413.0575486885668,1412.6647827966506,1412.5545559320128,1415.4751566560767,1418.2970253628707,1433.2496578475898,1444.3320965098749,1463.193417299942,1476.3120828320884,1487.774601269545,1492.3356301916003,1489.6805153952068,1485.4551601304984,1483.8793863832689,1487.807650597563,1491.9045325318564,1503.208845589045
1950,31,Oakland County,county,MI,MI,"Detroit-Warren-Dearborn, MI",26,125,1038.3501331389957,1045.4420982963597,1052.910887104473,1063.3525280950084,1073.4298093188495,1080.4840114406695,1083.7040851057477,1085.4160518915487,1085.7680900989249,1087.5607677398377,1088.0692262683876,1086.1395704360903,1086.389928567744,1090.1195926785717,1096.6642748348029,1105.0107147963763,1111.8746161868278,1122.2718498557383,1128.6939453054483,1133.1351534987857,1130.1460994716656,1129.802564543756,1122.3209121696473,1121.071759791906,1119.765802656408,1131.1278174828,1142.261375983387,1161.0575868075546,1170.7264989374069,1180.6820521000002,1182.5478076922182,1188.1659139786839,1186.9800002143024,1185.7078830657936,1185.3737445963716,1190.2786878025518,1188.4314724987237,1190.3189067614453,1196.4258539005943,1207.0293535521334,1214.9940131323124,1221.0451204964602,1230.1862736331257,1234.5062808790299,1238.8138788146416,1232.664849090662,1224.2073098742108,1213.3203403662994,1219.3283613020426,1228.0362131203863,1239.7087154785827,1250.4406264315278,1263.0536174931533,1271.6392131545892,1273.711190978044,1276.2392082116858,1276.2272298198732,1277.0481664804317,1271.09903163974,1268.0659508074268,1267.9549487016545,1273.6854434688664,1278.559733139346,1272.5632642085907,1272.5932340727998,1278.8983874801502,1299.1589469803425,1311.065835132293,1320.1949787322876,1323.656960588595,1328.3912014889922,1339.0626217825095,1343.658905552884,1350.4712603791756,1356.9468413913953,1375.8165021771347,1401.5601358188812,1424.0174205763444,1440.95184149722,1457.5988868175448,1463.3568816522925,1468.2181745426283,1466.9546694736466,1472.2259698762252,1476.3288137702386,1484.6176349896418,1496.1344402510324,1516.0251114759635,1534.490400550748,1560.3379340207293,1574.006198820875,1576.195752925262,1568.9024845316546,1550.8471153460416,1541.5881166318404,1527.8638549286238,1532.2582506180167,1539.0199762912985,1551.4969096990806,1561.1368503341728,1573.6187621565505,1584.4460980694028,1593.412666373174,1595.328889088457,1599.4287392919534,1593.8785850571717,1588.9850082321361,1579.4607254718744,1581.2094137980043,1586.2410468040628,1602.198250442173,1617.2178088020926,1639.2640596677222,1651.7052886188033,1664.705490728987,1665.8284218471385,1666.5204417535308,1664.0202711576976,1660.5222342484303,1656.4595516067973,1654.6789896270948,1661.390518084969,1671.631561201563
2339,32,Hennepin County,county,MN,MN,"Minneapolis-St. Paul-Bloomington, MN-WI",27,053,1181.536520804803,1186.9803079412227,1197.0964957813023,1203.777736345201,1217.5140178822382,1225.3927066856834,1236.0908768748654,1233.8053267598136,1231.878301548342,1221.7213278202253,1224.304401130575,1224.8880664183341,1224.0567077416545,1224.8661649320388,1232.7381865187385,1253.506900712284,1268.104597041783,1281.4719413512473,1284.2563570660543,1287.5131237581832,1284.0471792477958,1283.034015352754,1284.92705370682,1282.9975523460282,1291.811720805257,1300.4865770526083,1318.1202011968169,1327.4625149497158,1335.6669458016097,1342.2778136269496,1347.7468408165198,1353.3354391239234,1351.3819182831267,1347.6586862923825,1341.853959787582,1348.052964820617,1360.1949952854638,1373.4595501839344,1389.4249747671631,1393.8410306301266,1398.030002712223,1394.3931664916786,1402.6739748695009,1405.7760489158907,1402.560639082793,1398.7322719722831,1402.7138514037163,1409.026438625576,1418.61716451158,1421.139605580499,1440.986545590216,1449.8214319073654,1466.403509335228,1467.5682191368996,1470.0057274328194,1466.8296935956273,1463.5414543683335,1463.379328347329,1464.4534567171274,1467.0748198438966,1476.0382473221962,1486.9998380516731,1493.966250616763,1491.9510430187704,1487.7946076453732,1486.0914034402726,1488.2156356770781,1488.4927461008874,1482.1384737568965,1471.1603615287388,1462.3393500392542,1456.5525173465114,1455.95543538984,1455.2386432364767,1466.2863407837222,1481.2052061746713,1500.2956882156643,1515.0471696641919,1526.3043960908094,1532.9470164333777,1536.922044368829,1535.0065105761423,1533.8318815023613,1533.6400278094113,1541.112741688272,1551.5185205184612,1563.4430804964536,1575.7970625181201,1588.5685202648995,1599.250466123314,1606.0084433183456,1606.2526375792552,1601.5767402767824,1592.3841714349137,1583.8718495444366,1584.5357697210868,1589.1659779439433,1600.7894547803367,1608.4426717870774,1616.556897326453,1623.4794476177046,1629.11952144838,1633.7568299074258,1633.7676921165357,1628.162947476622,1623.1769891112472,1616.8034838208896,1615.354593318154,1620.8595730625816,1632.72377461226,1647.6080596486638,1657.6900482731392,1665.1545493662525,1670.571852614206,1674.077191331148,1679.568710071759,1678.4161621125354,1671.217985423797,1663.3709514612685,1662.600012961763,1671.5605550628593,1685.4549954261995,1698.7636137703055
1440,33,Travis County,county,TX,TX,"Austin-Round Rock-Georgetown, TX",48,453,1187.3475638051034,1195.9641001981975,1202.676570468879,1207.2857745338235,1220.3261476193943,1230.8746605301933,1241.2193155670293,1244.8891499817857,1244.8426946742763,1239.4353207040433,1235.4577572005196,1239.889209353334,1246.1917392813177,1247.1574533698476,1247.8434427644115,1255.5078723850206,1266.6385211806132,1275.4699174478587,1280.0071310832852,1278.8173456356005,1275.139695552334,1266.9037843210901,1264.696283332172,1266.1082765393853,1272.1183002957152,1283.0993303816927,1298.0624747881377,1308.2802603581292,1313.444096476287,1317.5236350853252,1316.6877623285973,1313.093341590784,1305.38597896001,1300.6967921920789,1300.9433942967642,1299.099312996979,1299.2294647756253,1307.1869871128915,1316.3395108864013,1329.8046947222842,1336.4253658581197,1347.6245018771176,1356.8794200087252,1362.5408193220846,1361.7423459704696,1362.4867090276846,1367.1815130413438,1368.5744268179094,1370.3154326847407,1377.2354898520641,1392.6629082821466,1403.7816922492016,1409.894509346727,1414.9559263870806,1423.2120984441344,1431.8679266376823,1434.307817591524,1433.9906845366675,1429.8998167486295,1430.0387875741608,1433.08783168638,1438.048516053278,1448.2346880889525,1443.4394753649178,1433.8085459182578,1422.1775401258851,1424.0751805410096,1425.6865577041503,1416.9630967135004,1408.7244297865311,1405.8086354144343,1405.887809011614,1413.5222348326677,1428.4957529777253,1453.1221221520514,1484.863509756892,1523.8037827543942,1571.4580031495486,1623.9278997615322,1672.5036210770359,1704.7751055025778,1715.343228357739,1712.8916741727387,1716.049966103391,1719.6929459608912,1736.7557582612008,1754.4972939555698,1781.685826371411,1805.6227508385598,1834.5029133827184,1858.6713477691926,1860.7478435573896,1849.3935627731066,1824.871010958549,1804.0805315265845,1788.1456026955475,1782.8470524668803,1786.1026216306784,1799.2308324848507,1803.6369758523167,1810.2163479804194,1809.3245828597144,1811.1697189758243,1800.0161627779203,1780.282431233348,1764.3396096739605,1747.929099804153,1736.5965338531864,1724.4350140482659,1724.0163887281622,1726.584064341583,1733.75638997931,1742.1497965529427,1748.436536262654,1746.6603648112264,1731.9058985467948,1719.7423008784622,1705.226685684984,1697.1099889230745,1687.3484742729104,1685.2581824446743,1688.7195185268079,1694.6706510520441
2241,34,Cuyahoga County,county,OH,OH,"Cleveland-Elyria, OH",39,035,833.8001076685406,840.6630452044136,847.6106278566405,856.4451212590889,859.1283104532806,857.0300618247757,857.2865210781969,858.5035733016002,862.7217402391406,861.5796044369409,861.9157032688266,857.3398719459326,861.6046273563073,862.5869535986984,865.3899557299553,862.2612320184975,870.7153531880676,876.9115863262135,883.5514840276121,880.6479093523249,881.239685791572,881.9595760949312,879.0042914846887,874.8617315577411,873.929486403446,878.8671356437876,888.8391328330001,897.7095686471295,906.559772283647,907.5352893246725,905.6264489815115,903.7629820510006,904.7346585445799,906.8172159039707,907.2949411579493,901.4831513569832,902.3780763378095,907.5646381718182,921.2460376313078,924.9670689998954,929.2457293384094,931.5640509752166,934.9651212403869,938.9884643948194,936.4088610153358,941.9282731545827,940.7708783818206,946.2459418991399,945.414135949738,951.016603882225,957.343438221429,968.8736809945483,975.4732643847674,981.4653725690257,979.9708072012324,981.4438820189002,982.0923308814206,984.0222834634221,980.4797936130294,982.2765049484053,982.634700498967,991.3881883867135,999.4634266907269,1011.7579568223582,1019.749563142336,1027.0023294034365,1031.75664284389,1041.9084536348973,1048.0715433691983,1048.261262008544,1043.6334325621272,1038.1948637535097,1046.8258321382057,1056.7164183370285,1074.1984984148794,1078.9119327603337,1088.4054338529788,1095.7859225559462,1115.852991786112,1126.312574759861,1133.6290176291232,1144.4759160365413,1146.0213178322276,1150.2748236079397,1144.0318363174067,1158.7997639637422,1171.6011097295298,1188.5315001349807,1201.5116390220903,1212.770279412269,1219.5241894894832,1224.2684156427908,1230.613647838243,1228.0420490132576,1226.016982014524,1227.2754726430924,1234.3966884406755,1239.9153304706535,1245.7707266208108,1257.273325481645,1265.3804279341468,1268.1820506885717,1273.2734026960875,1284.6393714016951,1287.5515643218473,1288.331015230717,1288.3812646866281,1299.870932728171,1309.8364285520354,1322.8657765502185,1325.4570057144983,1335.2670560401036,1343.9825302994384,1358.7128934396278,1368.9889901463375,1373.3101109430913,1378.7155505870167,1380.2137057626505,1391.8420720267648,1400.0222198693348,1414.0606541759803,1412.5714110524725,1420.3371362893497
2614,35,Allegheny County,county,PA,PA,"Pittsburgh, PA",42,003,987.9850229509019,995.2960796607216,997.7623869441676,1001.3445123255964,1010.1509624876119,1013.0972929261682,1014.900850394504,1009.1818050794819,1005.7571937553246,1001.1075768320145,1004.5886689287471,1007.1413147277785,1018.4949505271438,1022.9160129343514,1033.689880667505,1037.4546623442302,1039.2952329224609,1036.8461001421847,1033.1650913789892,1027.4415857330196,1025.5086268228058,1016.944519541013,1015.2752069791751,1012.7589976076171,1020.9232885034079,1033.441401388497,1044.83211790024,1052.5756023314307,1055.9520291586384,1057.6429025935317,1056.6862948498233,1055.008503670845,1049.7871934721293,1048.1646470522041,1048.0072373169282,1050.870967273754,1055.3310685256572,1064.213098577208,1074.9081468194024,1082.9561439341226,1086.9146000963335,1088.433397520386,1091.1371954662836,1084.793127035171,1080.8649938099127,1078.8651537309293,1086.6879130835157,1096.8990910401224,1102.8460080371253,1109.2389468413967,1113.901199277131,1119.9137080735832,1123.452180110722,1124.121195347489,1123.565428143057,1124.279456379901,1125.3141203707496,1130.7901621927065,1134.592732302276,1139.7546217412073,1144.282281088277,1151.8454168562976,1159.542134008519,1161.213617029729,1161.1219446359066,1159.8201576839517,1162.8763166922975,1163.2483989888974,1165.1859364704628,1165.5203741296332,1165.5911251426232,1164.90010801614,1166.7836981131122,1174.1072505871111,1182.202296451989,1193.1305492434903,1205.4015701254475,1220.356059011098,1232.8989927884193,1244.0009757865657,1252.805856543284,1257.025322650785,1261.116196433727,1259.2551770931173,1266.7755449063825,1271.4353318938363,1284.4323978401894,1292.2788038067868,1303.8399560537996,1317.6677387099785,1333.3609870367952,1348.4292029799092,1346.909560941424,1341.0523370231347,1329.9330310329997,1331.7562316447086,1334.2659989958702,1343.4345686784918,1348.5185849976785,1356.5508228352298,1365.2005003528839,1373.2167310909356,1379.0023398376125,1382.0981530294346,1385.7671008721786,1385.5104492024393,1383.6764455693803,1387.83048538369,1397.1048327901217,1406.8679510046118,1406.4310775701053,1408.6489194360001,1417.292187994642,1431.4793948206623,1440.7679874198343,1445.8225463059202,1451.1353724102787,1454.0229552829774,1452.2522288674663,1449.519943466365,1451.8856191528532,1455.9498583451332,1463.8144960056845
2840,36,Salt Lake County,county,UT,UT,"Salt Lake City, UT",49,035,985.0352382635837,988.3645777113588,995.5268357257623,1001.8982722257658,1011.2796714879061,1013.8483595636618,1015.8833594068751,1014.6632856395217,1017.4608862134208,1020.0979685097114,1027.0321093487405,1031.8662973504522,1038.2995381921328,1039.6002941504587,1046.5980684696144,1051.3541062475672,1059.412625205876,1062.4111285908948,1067.3583527938165,1078.6508837656665,1084.2274968197328,1084.5666932334202,1078.6460439075436,1071.3740241303751,1074.1449237165282,1085.073882441269,1099.036039303293,1111.5443034732732,1124.2057588161988,1133.8226287566654,1140.7904919265252,1145.4089393227057,1151.375401069208,1154.0272428200526,1141.1200601588187,1136.957676257865,1141.823847054225,1160.3762138671063,1172.2082610655714,1184.0686783395315,1189.2786925081011,1197.462472639614,1199.8581847319667,1209.560562824955,1215.3376231772368,1213.7344701138263,1207.2955841817427,1207.3940589598217,1213.2713656301116,1222.1268278176867,1229.3797444296335,1242.2291537614558,1253.140623989131,1261.7246421055288,1269.0463487107677,1271.2354729025956,1272.0312506187097,1263.7813438572564,1257.7677273307643,1254.0512567307587,1261.439989914996,1267.5302443782518,1280.4149356904345,1279.1334591262073,1284.135349351162,1285.9317862175292,1295.3826826691356,1301.1528655790783,1306.1553136881273,1307.473522173105,1307.417016527558,1302.951748127949,1309.8525371344754,1330.9539398759487,1354.5689728627162,1380.752915313645,1405.514119098474,1436.2798992826738,1464.3763176580662,1487.766095256222,1507.3336852901143,1525.07714693116,1535.4083313967076,1547.36840368848,1557.0096469011887,1574.0416035560495,1597.2485285709893,1621.9560212260844,1642.0739851143562,1656.7251993768725,1667.7766126682277,1672.4817770945303,1672.8292290306729,1667.1559666199423,1659.7795262954683,1655.0643438253949,1646.5492013452454,1648.6896851698873,1650.1624311492985,1661.5545901917374,1670.9015783191169,1679.0038799233334,1681.5403670153312,1680.9222506613962,1676.441689452135,1673.5639255077779,1664.9317141652223,1658.154053675141,1656.996115730576,1666.7940373806252,1674.2320580094886,1684.4345099887578,1694.8778875580028,1707.4987710992039,1717.4008566198393,1717.085917013643,1713.7464598448312,1699.9963277385627,1683.6744427108276,1673.7979498617399,1672.025987621608,1682.8676810983386,1695.1705496137847
3159,37,Contra Costa County,county,CA,CA,"San Francisco-Oakland-Berkeley, CA",06,013,1813.5033887845273,1816.0368392305584,1828.950911070729,1840.2015536338697,1869.5119529632643,1895.637109426069,1919.9429261058606,1934.9708244867552,1940.8983937136713,1946.6863299341621,1952.0482821128385,1960.7965333483,1966.7678432522218,1987.4980201789012,2000.582281467555,2031.582470721821,2044.419783982029,2064.90225716178,2071.247364154358,2074.0943666684843,2066.6544068332696,2053.1970881376205,2053.8349691178346,2058.737814329105,2078.091517872848,2093.950759454471,2114.1528884504023,2138.263179985065,2148.535591887929,2172.577460359211,2173.691332599013,2188.991678349272,2188.609128470727,2191.9983882409733,2194.824737783537,2197.107808905309,2205.5098168537884,2215.3414550658076,2224.9851880293504,2241.690242399795,2253.453494329733,2263.9067746910846,2269.027017015025,2268.5630253645077,2273.8812344065145,2278.2985132140316,2285.3539038690237,2293.3472543754146,2296.6269804704434,2303.756720016283,2311.4501544436066,2326.8873575214216,2343.4056600219533,2354.5609413500633,2360.853189363896,2361.446209537417,2360.288155101699,2357.2814595397954,2351.527935849466,2359.4229259389244,2369.5173532337285,2380.352309417226,2386.8801502487927,2388.3651209543145,2397.4225013775344,2394.8092719929987,2401.112999158505,2398.9906848947626,2407.5029832531795,2409.772184823254,2413.5475833475934,2417.8398009545945,2422.820116850774,2430.3151924197923,2444.931774415638,2460.3095923411897,2483.915669035843,2503.045589026869,2521.660788534686,2544.8937683724425,2558.0304659566486,2570.0061166933006,2576.9439018745175,2584.0922041894405,2596.821553342343,2606.5998337787464,2628.228891011243,2650.805245314324,2667.106460310895,2690.3413384440496,2704.3072785934623,2716.317180575,2707.954459291716,2693.4879451685965,2686.4712088048063,2674.7299497273307,2676.0675785356266,2675.397561032594,2693.004127691924,2695.35413192624,2702.2901914439317,2696.92007805894,2710.3414290994474,2717.0974243239048,2726.7431669698385,2716.7102544818304,2709.3308279556923,2704.8057649207485,2721.8231162859815,2737.610325273702,2760.0076809038383,2780.9265266106895,2799.882350546311,2810.0187723523964,2816.324062014033,2817.1700058093866,2819.508468134876,2807.1876703224693,2809.034127068805,2799.4522504567694,2802.992847255135,2800.9614067955513,2818.7929344262297
1694,38,Fairfax County,county,VA,VA,"Washington-Arlington-Alexandria, DC-VA-MD-WV",51,059,1738.6185128153538,1745.7745713907013,1757.4347129743576,1768.2298720412007,1776.022685089322,1782.544193957764,1784.203140618268,1780.4994364369984,1775.1167198988853,1766.5445976792353,1766.2012174303566,1757.5861933915992,1761.7748244366353,1764.9477177220747,1782.5872046422417,1789.9438515663544,1799.354927378998,1804.6083149831088,1807.617040566647,1806.262723442825,1797.76624829422,1793.215131228275,1788.340657619975,1786.1915755885104,1788.5648556829176,1793.0935322497403,1805.8358011553478,1820.059275434616,1835.3267206548219,1846.771543106342,1848.8352470181705,1842.6030990986415,1836.1467385301873,1831.9867919130465,1826.9648381933466,1826.327919368421,1831.4853585070766,1841.9102652250515,1852.9433427548067,1861.1282939666557,1867.0006752473532,1871.612270955016,1872.8821431538897,1875.0544323748518,1866.009245561114,1865.0737239987639,1864.4329524022253,1877.032647341038,1879.6754715733787,1891.5887009096655,1900.8401037829535,1917.568381724354,1924.6005082390038,1930.965296661527,1933.102897975138,1935.1119480484388,1928.8137955378158,1921.894852351749,1916.1361025201936,1920.2405663907668,1931.4120611020282,1940.3156639504793,1951.7726040424589,1948.0823195235764,1943.5005568686063,1930.8764014293565,1926.292838092289,1922.4095573647887,1913.4466529619604,1902.6808633042638,1890.9962899865034,1882.101143984838,1883.877718967184,1893.3036770902902,1908.200802580295,1928.3304757459616,1953.058192967703,1986.0072948079105,2015.961890337408,2041.5355170780035,2059.0086723686964,2065.890447353437,2066.1252056507374,2066.2697612914717,2067.875344684781,2081.531602531853,2101.275390773932,2130.861490482499,2163.965110114107,2195.753678741482,2225.576431505464,2232.0800344761833,2227.8207713378647,2207.091527733901,2193.8333818605784,2186.8578238713317,2192.0834392176926,2205.568674678458,2226.474614162092,2245.8729874629375,2264.7599724029274,2280.2653002545885,2291.8613113573806,2298.723368596504,2296.983766098573,2295.9386985156502,2297.997452161712,2299.996286638613,2313.758145149399,2329.309284057117,2357.6064147771863,2383.706772671169,2409.777130490734,2435.3805377741946,2449.929287087457,2450.917610836015,2440.463232776588,2424.6317379926654,2421.138415134173,2419.453440431001,2436.3531955318504,2456.3473856884148,2482.322293101442
324,39,Wake County,county,NC,NC,"Raleigh-Cary, NC",37,183,1093.8781263776173,1096.9485602938182,1105.432126647833,1111.7478807826649,1124.1232039274353,1129.85581522406,1134.436928956822,1132.4253672095908,1132.1878539029942,1131.5675622477404,1133.3841581806457,1134.8628977230023,1135.6612315366356,1137.6968010581775,1145.5795946503317,1155.0768552169422,1164.7824978197987,1170.7954678995056,1174.2414515336204,1173.1501802534617,1173.3405328491608,1171.4063872976408,1170.8898876539265,1165.243204221049,1166.91811555474,1175.301735931108,1186.5702046354706,1198.4376184739012,1208.003777850937,1216.1851856609449,1219.5247603422863,1217.7807958497372,1217.4738906706916,1215.127966311883,1213.2348514216217,1209.8750934971895,1213.4921955007055,1223.7234744202135,1234.7265784651308,1243.3151922204204,1251.3688566177486,1257.8688097659633,1261.9665358694706,1262.0394498971118,1261.3710457856498,1255.8266651015467,1254.4772778429447,1252.5334384744192,1259.302977914701,1260.7005984131479,1271.0618908961894,1280.0875480107545,1292.1881855434679,1301.1825583790542,1307.7478575492694,1311.836577196857,1309.7016540793948,1306.747317686281,1304.7210283239508,1310.7243426625803,1322.4665426478105,1325.8296831064536,1327.2008690831015,1319.8819039852167,1319.704179853641,1324.2980660234978,1332.8481725112256,1341.924791259063,1342.6418909907293,1343.9439625384844,1348.4934545123763,1350.1529782345629,1352.8524671551531,1354.2081368040724,1366.6070573154298,1387.4697844166308,1420.616387856697,1461.8543008749768,1502.8602953018753,1536.6237824621378,1554.5802983004112,1566.963232975806,1573.3750188239076,1581.375415642165,1588.4443560862217,1597.8458486795796,1613.2916384769364,1635.3717298914203,1661.5811360556604,1691.1469580567639,1712.6001893146265,1724.2492751439959,1723.2182269369061,1712.092819575212,1695.5373542548452,1685.778737420478,1685.1499078145428,1694.3070320791571,1703.0627178292518,1712.7315238412875,1725.0991821323955,1732.495655303084,1742.6556299451127,1740.3312261238564,1735.0019735642147,1719.3342413411053,1705.2743400565964,1698.8702172553305,1695.7983034975707,1702.8527993249097,1706.3190237675592,1715.1888044404486,1724.9147814500484,1736.2443729959357,1744.5485689265363,1744.4009526370958,1734.0695919058683,1721.7370062977602,1713.1953945412513,1713.5654226937722,1716.4931411556638,1718.749223626286,1727.4825032365009
3102,40,Mecklenburg County,county,NC,NC,"Charlotte-Concord-Gastonia, NC-SC",37,119,1035.5023737114223,1038.9935154309353,1044.3561589483677,1054.9584738880408,1067.2073665547434,1076.98033149968,1082.7750805942867,1086.5059018275738,1087.5543193212054,1088.3406445121614,1090.0462589612678,1091.5812815712095,1094.3163684159006,1100.5334471382769,1106.5893811485746,1113.4015383637375,1119.3772446244805,1127.2773675580627,1134.3455244699219,1138.1901698653726,1139.7847849763034,1143.1803417831986,1142.0300873479014,1141.908285068521,1145.6556022929697,1154.2633283299115,1167.1339318099708,1179.265562551629,1190.1976700432106,1200.402302180457,1205.5604727422813,1208.1779459682957,1209.7624265213428,1204.6618035866097,1208.3947217567288,1209.4793797571806,1213.2754596095485,1220.0813693674183,1225.6682249475273,1238.5223919928867,1244.4496494063635,1254.8537284238455,1260.990759167574,1262.8917273001814,1257.883923725718,1256.1830791342097,1264.218645700873,1273.1113465732303,1285.1667887438002,1288.2846278578722,1296.3680410384418,1300.1174888887542,1307.6101415622152,1314.693139539121,1321.1635538183373,1324.4130158254973,1328.880702220819,1328.9313901823,1327.213484096511,1324.4316405801248,1327.6976540000824,1331.0425126897237,1342.318210070771,1336.0754559466882,1335.0128423965662,1329.7007858120792,1341.538326533132,1350.515428647901,1355.684916576658,1359.6479469865787,1364.4263766659335,1368.9932263721607,1374.2530086231877,1379.2546515725674,1391.1579601120125,1410.9400703976148,1439.492917727797,1471.2440058568368,1503.262301201721,1537.5825436759797,1563.511747947308,1582.6462207307422,1589.5361929865417,1601.5000804892736,1609.377713228348,1618.745485851653,1628.3586375969273,1646.6112171037216,1674.5630534053867,1706.0716624094862,1735.1002465523109,1745.1104945709462,1742.785941038222,1735.25387188281,1729.0138718021585,1725.1167561891668,1724.4285517627263,1728.3700561838373,1738.8050835510417,1745.9085736826707,1758.2163164079448,1767.417840593695,1775.6439766687995,1780.8757751183646,1776.5393474732632,1766.6947495762138,1750.347538811991,1741.8796945342922,1740.8793209306598,1748.0167021536133,1751.4181856141263,1758.5253347731903,1765.9870653299297,1779.4556086086452,1789.2898245966892,1794.0768831631706,1793.5930090061647,1783.1834364197475,1774.2538117999798,1764.5988129841587,1767.6359809125656,1778.4465849840421,1790.3498747292986
2975,41,Montgomery County,county,MD,MD,"Washington-Arlington-Alexandria, DC-VA-MD-WV",24,031,1702.8043899273916,1708.8032521561247,1723.6090537137843,1727.568584951399,1735.5311836303188,1738.7381997404884,1744.660520242538,1743.6793631805174,1746.4055359349297,1741.4040688329935,1744.3447088005562,1740.3341507190676,1745.2888104200813,1745.419174697308,1752.6278575630736,1759.5894803401063,1766.850626743286,1773.323737982456,1771.19903426491,1769.6020984903112,1761.0880842280296,1756.9189851078577,1739.4745806762255,1738.8180266652873,1748.8318489530345,1772.9514624543265,1784.7407130669621,1787.7906808591467,1789.3873932091908,1789.6852371676218,1794.3392042003502,1802.4432301467668,1807.3052342841902,1799.7737112463863,1788.3772162425305,1777.7333815562672,1785.5907070308567,1789.5231039309592,1804.0415552679042,1812.7166014820457,1824.5119421319948,1833.3823916235647,1839.7248863833377,1844.3422365718513,1840.9002671034484,1834.7886823652025,1835.2281792467495,1839.0552729643373,1843.2303044865764,1848.8741334301315,1855.26342035528,1866.6270666767005,1876.6323922115191,1884.4867946823863,1890.5552692332467,1897.592694578953,1900.560051807438,1901.4433844751072,1889.8474542078955,1885.1505529516483,1883.917430588456,1882.5804381340627,1886.291653203881,1879.4051860815407,1878.231417561902,1875.3447790912765,1881.0628562261802,1884.1524472098502,1877.6898583701245,1868.3253583575706,1849.3541429471586,1838.8163821092492,1830.564488189768,1836.7899803003145,1846.7210758855435,1862.2002448849696,1890.601265105453,1925.9623719783683,1967.6560848219656,2000.0912327320991,2019.44111798374,2025.6110398109877,2029.4433208251885,2035.9952706971665,2041.206204896393,2053.8125083669593,2070.9775583876617,2100.7744243386164,2119.5052175491687,2141.7513443127546,2158.408929522436,2171.1828338117343,2171.232610026528,2154.7238464288403,2137.3532248227734,2116.6681001801403,2119.870804863387,2130.895310685079,2159.176663816413,2177.742942289946,2204.2844513781138,2220.2386674737436,2235.8009717639557,2241.7830760971488,2244.010852477696,2239.122141861004,2234.3818814217707,2227.165666929535,2234.1042497155995,2241.8467938389726,2256.844441990347,2265.2960930411477,2286.8872645993197,2304.738986895784,2321.0584921115565,2332.893326286229,2336.950200636642,2323.647314899312,2302.682411282602,2285.823936403557,2292.000154838535,2293.6145771925408,2310.6200920226543
1020,42,Fulton County,county,GA,GA,"Atlanta-Sandy Springs-Alpharetta, GA",13,121,1072.2043626788814,1083.0333566008783,1085.7429128990284,1098.759265781369,1105.1679600160035,1124.9073169020403,1131.633663899389,1132.2919895562059,1127.8113901106258,1133.1107649694222,1131.824306970361,1143.4363208376112,1146.5589609276124,1156.923887190989,1162.7243930670163,1170.2740796348598,1185.4958322072066,1196.8965768871042,1207.6165953583343,1211.9678945043393,1210.4734957092617,1212.1597496721379,1213.4851921901814,1216.0389561038526,1222.2626838187016,1231.6616206812296,1244.8601489202074,1256.907365203497,1269.8871137704575,1279.4909105961992,1290.0595730046089,1296.3693522073715,1301.403453456588,1297.0804317070167,1298.1744901233665,1301.8839664238133,1311.215224026366,1322.3815347473933,1330.5178185594266,1342.0404219649665,1350.6377309854795,1362.3525808912125,1371.5130231154146,1378.7718057409515,1379.9855920123007,1391.5529898868804,1395.989364013083,1403.7823107327004,1405.5575001867348,1413.1848406247946,1423.58056286388,1432.1555148526925,1439.666494329468,1449.3402439489298,1453.4925600227891,1460.636586049158,1465.1522216423075,1465.968536761199,1459.761566024695,1456.878996346375,1463.4653119474283,1478.092473373272,1484.0385582786334,1477.47396127389,1473.4961482799981,1474.5887535218817,1486.3680723831903,1490.9233899070734,1495.6866617358312,1497.9212214401848,1503.5611988687237,1508.6056785009764,1519.5660409596965,1532.7984236775949,1548.3911234648554,1572.1439022647048,1599.8239231760313,1641.468170151768,1685.7200670670695,1730.1379993278058,1764.5852591959235,1782.6138804352697,1788.8722528164508,1787.5288087804663,1791.8798329036304,1801.5715047642063,1818.4147841582621,1834.7021779002555,1855.4803407385964,1878.4545384200762,1902.9519585274527,1914.5824892340506,1914.4406247694908,1896.6073753652174,1881.446361862392,1866.5935928515166,1864.5529636711449,1867.5555608356606,1883.0112227265267,1891.2927327676846,1897.1030647998723,1898.9455266420196,1903.5795874251085,1903.0906433760806,1897.670097432381,1884.2248740062412,1867.1646410697167,1851.488048299857,1848.5089147979058,1857.7593579163229,1859.1433270636173,1865.598216867958,1874.7332449050386,1886.9590410168644,1894.499059776054,1886.7516807650381,1888.5895612693746,1876.3248689842499,1873.7727221933321,1868.10345369903,1876.0984120852902,1888.4953007258594,1900.5081509351396
951,43,Collin County,county,TX,TX,"Dallas-Fort Worth-Arlington, TX",48,085,1195.2419623674843,1200.3817283590713,1209.2297668696751,1216.0143823311212,1223.777808084086,1231.8785302205815,1241.5462384203374,1244.5211101643267,1246.0550618951638,1244.360346534084,1242.7843683401845,1242.988106859017,1244.1530982630693,1249.6804280924634,1255.1826449135388,1262.8172805500055,1272.687251745828,1280.4262011851579,1287.37813871771,1290.2913338041826,1290.749918576739,1285.4904307340287,1280.6970263907983,1273.7562800425712,1277.759952563939,1284.5414936704528,1298.3565467337653,1311.1336059826353,1320.6182808759077,1326.2222911999868,1326.155311829859,1326.0381678219787,1324.0027188591391,1318.656874401998,1316.7227359404471,1312.5662320443737,1315.4471353719862,1318.40158134906,1327.517434923791,1337.8099329678223,1349.7332749868979,1356.710581915397,1359.5707509187757,1354.0827797213265,1353.2108709739603,1355.100743591432,1354.2006408097545,1350.8928862932185,1347.3697127009757,1356.128223858729,1367.1623950260312,1376.3908434313314,1382.4866162072408,1390.2419330061234,1397.2748810526996,1401.8701731869112,1402.7632677618242,1403.391962606525,1401.2755360015667,1399.4892705866334,1400.3171266373045,1405.9119661527561,1414.0273237735055,1415.7988602544588,1414.2496639548285,1412.539829460575,1416.2296778666373,1417.6415347915538,1415.8977136725061,1413.5577402947924,1413.3240862924254,1417.6136541310277,1426.5193053089895,1439.594182787759,1452.4401818952567,1474.03823343557,1507.12281596574,1551.3786321384998,,,1681.0816425547432,1701.7971206148206,1714.7500243019012,1729.3706312222375,1737.0967016513318,1742.6050113894726,1751.8898886025054,1772.1890341111261,1801.292741805338,1832.980781308794,1858.4046471982053,1869.7607759758223,1864.3512024781462,1849.3928874908395,1832.7023164854227,1819.9395533972668,1813.9135225802631,1815.2363667825298,1827.515906907927,1828.55360255331,1835.262464158641,1835.769753454989,1844.9822584131482,1844.8311879841178,1836.3193213511054,1825.5739826185231,1816.1256862671455,1806.5362818875362,1798.5990133704233,1793.4614728663903,1796.9088806004308,1800.6222414525669,1807.2021752591647,1811.6379301179886,1816.3183927576301,1815.683817316721,1807.2560906184256,1796.90024651332,1779.6078572727633,1771.5772179227486,1768.7547234135338,1783.6538481996558,1792.6069364138232
281,44,Pima County,county,AZ,AZ,"Tucson, AZ",04,019,864.6210234820956,867.1597347915535,869.7174892277418,871.9640358195678,874.6245924736003,876.5290448551627,881.3258966161819,880.7591279635094,881.4857344855594,879.1684318344055,882.8170726597403,885.1801185977066,891.3131941606472,893.4197684144775,895.9023146343716,896.7414584811424,902.6921937404244,907.0699006268649,908.5043169837992,908.1262948108605,906.5030255285897,906.35682622351,905.8980224473069,910.6313859246426,917.0282204671064,929.4219011625988,939.0258123487666,947.2813976244929,952.1364258608407,953.9745028560942,954.6445130047575,953.1537464403265,953.8053624055871,957.9754192803996,962.3155959029666,962.9796138456043,966.9064736587922,975.3050366521692,987.7414238925991,998.0010574881373,1001.7273823458883,1007.2301079372812,1008.9113300082977,1011.9676005866132,1014.6207833793563,1018.6144047836445,1026.5731832190738,1032.4012817019268,1039.9366503781055,1046.1747020421826,1056.8735621661615,1062.8337629664757,1071.0213150873005,1076.359795606994,1081.8163560568144,1083.9087676752126,1083.393248668865,1087.2588834056824,1094.5407910089486,1099.719237470772,1108.1918351206818,1112.4749159752766,1121.2732528063486,1120.9292232158525,1120.087677563563,1121.873537427072,1132.9347038571843,1147.4994113299783,1165.2436033452252,1183.219513373772,1190.5135024041458,1196.761842279225,1199.1906596945787,1213.833812471336,1229.3096282230144,1251.9463557531112,1273.0916879112403,1294.495208542723,1317.8484382703575,1349.194440372003,1380.7642672235318,1400.647654935657,1414.6563949465692,1422.7927875482733,1433.1169546503052,1442.7250711649465,1455.4355333382882,1465.6170763860823,1473.5018077130487,1483.2454499612968,1494.2533463544087,1504.5220567270694,1508.8990033508476,1502.3477158239416,1500.744358910961,1498.229072926642,1503.7449213671491,1507.082965885903,1513.6381053395946,1520.4659223554725,1532.0648240328728,1541.7284796828596,1554.008341908118,1555.9336085683499,1557.7736512061617,1553.8416272748336,1551.8908342119296,1555.694642848987,1561.4482587614195,1568.2750070330492,1565.903897706297,1566.3311835107347,1569.800384058092,1578.1623516563131,1584.801699732861,1585.7379447369292,1591.6479978028153,1594.498263164679,1596.3691029069441,1591.0989119236247,1591.468298094201,1589.6491262780557,1589.0079981541392
2347,45,Honolulu County,county,HI,HI,"Urban Honolulu, HI",15,003,2008.4968290142517,2021.2526202156666,2027.6637754386643,2029.279979133655,2048.3645069717536,2053.772126077155,2063.5696642389803,2067.1539550867747,2074.9325097801184,2076.7519457484073,2076.9549229045647,2085.6749675637107,2088.5285453109736,2090.7424654657198,2079.6090933543555,2087.6987263916476,2094.422162169814,2102.857413117382,2102.2238638132303,2100.407088428101,2097.743731558292,2091.662146611366,2092.140742446281,2092.6406764426815,2102.4032230142493,2114.8904916600914,2124.353248427129,2146.192294074755,2146.516476771389,2146.3985514420187,2133.6614422616885,2136.317741237174,2140.726321835547,2146.8941861191142,2147.0615000284083,2156.6323224564717,2154.7313515980723,2159.154714187179,2158.938338427693,2164.7121891553925,2170.6340835899837,2177.7364868765776,2182.224317032462,2179.9076021880855,2180.1898933860825,2179.456329247089,2188.7281512432396,2188.4365666147482,2195.963430377168,2200.767128115583,2217.0212341127694,2227.5479901330687,2231.2399343422117,2224.4868328292387,2228.5085968330677,2236.6594419442754,2243.9947088983495,2245.7968073477705,2243.5529116314065,2244.8825023295476,2248.413570307504,2257.7777229334697,2254.0374976351695,2242.246360708673,2230.8488402804996,2228.419521058487,2233.473103944427,2228.9040956876393,2233.129256871403,2229.469522483005,2240.3989943411143,2252.1062017287754,2262.629820716805,2285.5043508666026,2305.9035044693996,2344.337739845759,2360.1748575761167,2376.596271750143,2402.9371984812196,2436.509498027523,2465.681833351444,2476.3824133293188,2473.499856606373,2483.4874401609713,2480.868573421585,2526.5307968017473,2542.290137895851,2561.5073859729964,2553.9996999080468,2555.357397522136,2572.7193443849687,2581.314171806246,2586.8357404865033,2580.1669247191494,2568.4097897593415,2580.175005616759,2593.182225099017,2608.6619889205713,2622.9780043503815,2643.7743212770206,2660.639710242139,2658.7296672942052,2660.1382390959006,2656.620658524239,2675.8246666311325,2680.1313209947893,2680.4096272152838,2672.3439804382892,2680.4074668248527,2694.7381361060507,2717.0037665693367,2726.449597958504,2747.5913146069006,2759.1340414582723,2781.0747091612525,2788.3751439875596,2798.9779541530884,2811.897336218295,2811.721259360268,2819.93647956902,2810.370449818524,2829.134708105396,2824.040829674668
1018,46,Fresno County,county,CA,CA,"Fresno, CA",06,019,1019.8563492269788,1022.2212663601283,1025.206962140665,1032.6741458472095,1037.8897299342054,1040.6248872814153,1043.250065062998,1046.9155734677215,1054.3227463329915,1056.3498773321737,1061.846410492677,1060.8537102544976,1056.3735004570253,1059.0616486248002,1069.160475796704,1077.9642286721903,1082.2577158307347,1085.9941983248682,1096.0136917268583,1097.7917363732654,1104.2144109920089,1100.7621483973387,1104.0800102183043,1101.4851682015628,1104.1909741158681,1105.1682378211867,1109.4134504136246,1125.420465511684,1139.9833864511602,1154.7891899868223,1156.4136879491648,1160.1162909409597,1165.345526267083,1170.435162980545,1177.5247919737274,1176.9908314639927,1172.2252668825463,1173.3531328145345,1182.8803016352938,1203.100902799476,1207.6972241823084,1214.2668931535293,1216.8327898210573,1226.320900393264,1228.674926282394,1237.4690098739193,1242.9594277648655,1249.5943928004515,1250.1933094847134,1260.7116300148548,1271.8180675931017,1288.4740308589096,1296.758739658088,1306.9377262362339,1310.779515147606,1315.0874368803716,1320.214209532071,1327.5281852479495,1332.1519064741094,1338.1975603134035,1345.8774927410573,1353.5410720450868,1355.8093588694699,1349.3728012527392,1350.2496119329473,1360.8119113730859,1373.5921158466074,1388.1139191605237,1405.1921039716622,1427.4691063014718,1443.0950240517839,1450.0194680986444,1467.585786618209,1481.1083321145509,1510.8860029522748,1541.034109379408,1583.5907914978513,1612.263573299304,1636.9042717602151,1669.3421714105796,1686.7179653948463,1690.404958097534,1696.8507317329447,1705.3487247552155,1723.2794180288543,1718.9667348455125,1732.6943205283521,1749.333819365329,1772.4974729670955,1786.531528028769,1782.108827163315,1781.9695606545715,1778.864625020688,1790.4416248211896,1789.1978890647326,1808.1525224683733,1814.3294962427794,1828.518648209591,1828.0330660333027,1833.8696197076024,1851.4126785660467,1882.4540823079205,1896.347587748171,1896.8047829330926,1887.296863189359,1893.5632160710968,1901.3220419766915,1894.9751596118133,1891.463347119212,1888.7952066783798,1900.5420356354284,1918.1468730024415,1932.4070624566841,1948.955322851032,1960.1103358029443,1963.1767840489904,1966.5319012816221,1960.8062946758578,1963.808621073438,1952.3188235952878,1963.535373524713,1966.9523176546093,1988.8243503499073
3130,47,Saint Louis County,county,MO,MO,"St. Louis, MO-IL",29,189,876.8294341304269,877.7804892469146,879.9461308499824,882.698613702729,887.2186419508062,892.1265372435921,895.5375083320727,897.8080410020195,898.8440063551367,896.4366300593492,894.7117097546219,894.8023413457121,897.4743507273761,902.111166094138,902.6220287133094,904.8840944240224,907.104648585805,912.2268777211407,915.1338649976249,916.1227660538736,913.316356045622,914.2318908440361,911.9539054169824,910.7581032387569,909.6785487800843,914.8228234596994,922.7540907494254,927.6774598451512,929.5520917825345,932.5567844864645,936.5679401263574,936.5670129835531,937.4512811489874,936.5159820115942,936.0275600065364,933.5062814704735,933.1397409773666,936.8656708990623,941.6189815132743,948.2795828628894,953.4164705676745,956.6286340604768,959.0421123950176,958.7847415996454,960.674754621065,961.2949356981263,963.1970010352329,965.1294107465671,967.4885690327939,970.9622608789794,976.506891456617,981.2057436811396,986.2872047793448,990.9502005473713,994.9014747525739,999.475461819971,998.606420610816,994.4715290268401,993.4344992782973,992.3617577113049,998.687474366784,1002.5786748762243,1011.7274668736076,1017.2912889517615,1021.7561121498067,1024.6828723852943,1030.860927926822,1038.7063074787013,1042.874032147425,1043.1206411341284,1042.1851258560862,1047.5966024502359,1052.7231485910365,1059.9209613491453,1062.54873370141,1073.839847677349,1088.1522142206293,1108.7269959082037,1126.1156501687476,1138.9705717464597,1147.098570357882,1151.6360023097834,1156.2619040206707,1163.6852984171364,1166.3408875263233,1178.0809721208284,1185.1626326260377,1197.3271465440798,1208.7014667538792,1224.4734726305242,1238.5476354371422,1244.9068644363228,1236.484566858906,1238.9514269076335,1240.353402613037,1250.567148456892,1248.11104302051,1248.183155827074,1255.696964996517,1268.427491883856,1289.928734457105,1306.554440631921,1324.476493382307,1325.4665009717557,1324.1773646204863,1321.0143201545657,1322.8910064801705,1327.2384503879784,1327.1308781929713,1330.306256115851,1343.2300829664925,1353.385384359453,1363.2538628572022,1371.9183917553385,1383.3931601737734,1394.972687309655,1397.3847282548145,1401.9401719049374,1407.7183834524965,1410.2446638732915,1413.7006658420626,1410.0151927478637,1412.3870842703561
3148,48,Westchester County,county,NY,NY,"New York-Newark-Jersey City, NY-NJ-PA",36,119,2013.9622481923939,2030.8587927886329,2050.7018650326777,2051.1514742277486,2053.7351669210575,2058.3803333883457,2062.174215068608,2067.2784026307895,2069.025839833978,2059.159393402482,2055.2015545395434,2045.713842830492,2065.4038002307425,2063.14359589102,2084.6384322761523,2106.0940746805377,2130.7020606207157,2128.5364571650935,2123.291960566311,2127.7647144376483,2126.5889625255027,2110.268988967389,2112.5386455708062,2127.583266477041,2137.5024427159724,2149.575376980264,2158.8103271160635,2185.951969123831,2198.3751049187954,2204.15486660307,2211.491639406108,2202.807936877544,2209.1554138047877,2198.467945003705,2208.184641708314,2213.3451678298543,2207.0294991264786,2216.232214089159,2220.386735975596,2237.621542499472,2237.0832543468073,2243.550506186913,2256.1949973430246,2260.4157326597756,2273.8451342955223,2277.5474159225587,2273.958353893417,2248.733763184266,2256.886007158765,2283.6695173768358,2309.0414602690976,2307.186283626284,2304.6899822553974,2310.8402469828634,2331.6474837846126,2338.201357207297,2353.000659056988,2332.388882781002,2332.976656327906,2324.4862590222606,2339.388576372647,2343.4514227701857,2353.641853622924,2369.732407051523,2378.4640547592717,2390.202026408641,2394.021439434001,2405.192095483835,2408.163801096361,2407.6190888916276,2421.521737588727,2415.338498030223,2416.5931639372666,2414.6700132729156,2437.167927650948,2466.1411233543536,2469.5597394767924,2481.671279947545,2495.707797622024,2521.6477387564178,2524.1147632168836,2523.6591183494616,2531.226799651818,2559.728156833497,2577.755019545381,2595.4578271579103,2605.9096777069353,2636.859268830425,2665.308050005093,2711.233383923235,2746.5321749003224,2761.970195324071,2758.8334855627995,2721.0396746526353,2717.2554449847703,2687.078726597628,2700.348061129149,2705.179331248247,2756.6135875990326,2789.2604046961037,2809.8545176278108,2818.2759669334214,2831.648614981997,2847.4722690479884,2843.558333093718,2833.8071455310806,2817.950033424023,2823.0717676108284,2847.203517155328,2867.0546418062268,2878.6390067802017,2893.4687596285958,2905.8866405323706,2928.264001905245,2917.5977716438842,2923.4413315142288,2918.850013791328,2914.966541557362,2938.626057646414,2942.8782401216645,2976.8738537989275,2981.647054466492,3012.749126135562
489,49,Duval County,county,FL,FL,"Jacksonville, FL",12,031,963.7564428219063,967.6001301515078,971.3775597990435,973.1711801919984,978.9884935435014,983.7085827675453,988.7038025973294,991.8542522275136,991.1718242978684,993.4727257982094,991.5761309751841,995.3397761662916,996.4213126935732,1002.1889382322782,1006.7093382556568,1010.9549241555104,1016.0402646096765,1020.8600851154096,1022.4053498577694,1024.7417480133045,1023.2111797690268,1024.7195216424866,1023.5301909267447,1022.3583671028256,1025.9901311668425,1031.5811303826392,1043.4641636072545,1050.4293340912288,1058.1505802573188,1064.397123632447,1071.0669147150124,1073.3954677770969,1071.8769641715865,1070.3953666641407,1074.2414608668153,1080.4946866876387,1086.691881040769,1090.4888770481898,1097.833069382,1105.3828095977622,1115.043167087379,1121.4962018955132,1127.7961411275753,1128.9509251863333,1130.1508920529966,1130.2460573976693,1136.0870756683503,1138.6578993288633,1141.5515546384565,1142.9623678580936,1149.2359756184956,1157.7764910748267,1165.8676002139302,1171.4317174229525,1173.7828640969424,1177.075077216061,1179.1292429643322,1180.0725124927656,1178.3326307047546,1183.5281441949992,1187.907985145014,1193.8979056409019,1200.5346449837314,1203.5326897331015,1205.837337035092,1204.1382754189694,1211.27111930101,1222.852070344475,1229.6673611034216,1235.961044356586,1239.5784834594183,1246.0667402403476,1256.1263953052664,1263.9557856008078,1282.4552246974108,1304.4469586739453,1335.698102868983,,,1447.6138595782693,1473.2161545159615,1492.4794794047214,1500.906093159848,1512.6632965733818,1517.9134461280967,1533.5057134299668,1545.0457398476751,1563.5519939668402,1576.3603101032436,1594.5579090325168,1607.63604140509,1612.7449630461979,1608.63221288859,1608.1505192990335,1604.7949743626993,1601.7569417695793,1597.511271499513,1596.035149637428,1604.2070243124283,1611.5265501498973,1622.546238333319,1626.4057964155518,1629.754663682756,1630.786009785464,1627.3063219343126,1616.3277345074007,1607.0532932930323,1596.021297302382,1599.2878703044264,1603.789892956267,1616.9725146415992,1624.0077302004936,1632.4877319432132,1635.55397782247,1638.9694538189392,1640.0165478643034,1644.4713251948663,1643.4446548809053,1641.7432460987147,1634.8215770544607,1635.8404114903653,1634.6072398216593,1639.9841624723067
1165,50,Marion County,county,IN,IN,"Indianapolis-Carmel-Anderson, IN",18,097,820.6666379715526,823.8397205190008,830.445097114467,832.4109709722671,837.9086265282602,837.7251615849917,840.3757873615428,840.6667982137257,844.2809540962082,844.936620052578,844.6286018694638,844.8669622951621,845.033439899721,847.9275716332553,851.2880276098807,857.9976023966855,864.2191075409946,868.3097676141238,870.3893262642498,866.8841413083628,865.3395611184542,864.6697964721085,864.6885560778545,863.5088536216166,864.2994259686253,871.8925422330502,880.187250514589,888.8702607290713,894.2038783616188,898.7022228032531,900.1614807691782,900.8501153146038,899.677059399151,901.840238872175,902.012791719005,907.437029623767,906.7981377401208,912.745514755284,916.514712487887,926.4165432782423,932.5893581551812,937.8769181707381,939.7164865413474,941.38218976727,939.5496674139333,938.4228574756759,940.0734961878109,942.912476369563,946.6681081835839,951.0731725003105,960.1946332399136,969.564023039173,975.1495631711368,979.2944726792538,980.360824995161,980.1861196761661,984.2058257523232,984.1824430389232,981.8230781817614,979.4954359918614,985.9865585749797,998.6630570178212,1009.602136668348,1015.1266455383176,1029.1148142787376,1037.853419023068,1049.0779085710863,1052.522414432334,1057.0382278258048,1060.7639117402412,1057.1693192296416,1061.5240967866823,1065.3578375940142,1074.1928142114891,1081.0510334356138,1088.808536077331,1103.7325019188468,1116.526567892473,1135.182903401837,1151.2994580899199,1166.8482595902385,1179.054144872935,1184.9170385672996,1185.8157885162261,1187.3127754233014,1195.2334330057688,1212.1030388871347,1231.0569633749326,1249.2199445740575,1267.2753815450553,1285.3662527122538,1295.4297005508306,1293.201941677281,1287.7184129819068,1284.938359286628,1290.7748788932972,1295.18798911247,1298.439970744411,1305.7371628306637,1312.825711770488,1324.9714704119963,1331.6619869714286,1339.1689710531996,1345.1834871782467,1349.4058609210504,1350.5854218799607,1352.6082141103582,1353.859646269128,1355.4672845952323,1362.5337732075873,1370.5359410654285,1375.3281304817772,1379.7418095976864,1384.964245583416,1406.6804581158087,1415.1766779456354,1425.427681908295,1419.3187388409074,1422.1221941584572,1420.1203834082796,1428.383869931178,1435.7126445903493,1447.4280568758484
2480,51,Pinellas County,county,FL,FL,"Tampa-St. Petersburg-Clearwater, FL",12,103,990.317349017733,988.735122290579,997.4863988266812,1004.8442657413085,1014.635899056184,1022.658620057328,1030.9027066556425,1034.604821206055,1036.0945348633786,1041.3584258569447,1052.1809256821941,1061.2861621673935,1063.2161808334188,1066.4514021316052,1072.7373973018227,1079.5734542592677,1081.8815667329093,1083.2688691549984,1085.9389486972864,1085.5205859586804,1090.0865834931553,1095.8613685382434,1106.136059860124,1111.37813195514,1117.9193742752393,1123.2324421309095,1127.7732539316592,1135.106493515612,1142.4576916585875,1150.7871861897204,1153.6429837093312,1155.8299050033713,1158.7732721119262,1165.151667955503,1172.7402578325966,1181.6152888512233,1190.0271357580573,1196.0554556151421,1198.5743013056494,1202.5262098423195,1207.7723594173947,1217.595756632415,1224.8132037511743,1230.4924136573247,1230.681984076369,1236.2212349152906,1242.9807655079915,1251.7608135600199,1256.4955253731387,1259.3846426588284,1261.7789244955266,1265.3344162968351,1274.7504766221402,1279.8279929442383,1284.7298404517671,1287.5136412271277,1291.4487617072805,1297.5735757841173,1300.776598013382,1310.541523048176,1315.6699933737923,1321.8485342200115,1328.0693206936435,1326.9866454892854,1325.6060653505187,1326.3678016749618,1339.0633702534235,1357.933846649076,1367.1610594706626,1378.6919127405477,1389.2120648426417,1406.4069258920842,1419.413299229031,1433.6117539074623,1447.4743996094285,1474.0812719174567,1510.3259567324928,,1615.8332094175473,1668.8826095296733,1694.9186585854704,1725.9098857968181,1734.2362596983808,1767.3148484187186,1790.4562922657926,1814.4932533835363,1833.385473438569,1850.449493589194,1881.0543243993093,1906.878675042784,1923.1373073113082,1922.0549912998408,1914.087089686159,1914.4214699759184,1928.1664730817909,1934.701807498962,1944.6034000352818,1943.6434730285314,1955.2753499139633,1962.4778643863444,1966.074095433466,1965.8859539083717,1965.9865901141923,1980.5918286623785,1989.4865008331008,1988.2936851734935,1981.372415183153,1976.9336115999301,1981.6862589718212,1991.4956443078281,1999.7600647461597,2005.1510353025324,2000.4057206366074,1997.7310536112648,2004.496496680474,2014.3957202175657,2019.1762583062186,2028.3969172322008,2044.9930046583563,2071.0815566413917,2084.4195416110215,2097.8660806758467,2101.7831560570335
3246,52,Prince Georges County,county,MD,MD,"Washington-Arlington-Alexandria, DC-VA-MD-WV",24,033,1400.2109113766016,1400.9492161717858,1401.6269630279023,1405.3995177644465,1407.9969781603888,1413.7077690142044,1413.6127327555002,1412.7194850621818,1418.743982892016,1426.8288701162708,1433.4570887307639,1433.8694139489924,1435.0225311757736,1431.6497425016335,1433.723400374777,1429.9717369757286,1442.9742548548745,1444.5126996382103,1453.127932946297,1449.4988638149314,1449.0324254368384,1445.1530684755546,1446.9033895390114,1445.6113256086296,1451.298573616091,1459.5204268024231,1469.8066165943055,1472.7960296978824,1474.9968793854216,1481.8052793709712,1494.2721923457675,1488.5539005820244,1486.626124049436,1478.2005507401907,1484.0654142049714,1479.8665185516497,1483.1027955010857,1490.9606318103047,1509.707748032826,1525.4085450634368,1536.0128321063678,1540.3781191055007,1542.6140301453024,1537.7268472905962,1535.5624044455276,1534.685785279647,1542.4943361177407,1548.127812902347,1551.506812889076,1556.9371604921098,1557.9709227946948,1568.826203824939,1574.9155610301111,1588.1953971107334,1585.5553164355422,1577.2005270376198,1578.2243873481993,1571.7102550193924,1571.9715398737583,1571.957942784154,1587.0158140336407,1597.6500008244188,1610.5613709191198,1612.1986936700891,1623.579908520829,1624.4793909384955,1635.6542368214457,1646.5717151268075,1652.214028346822,1658.678072673174,1653.945916071977,1649.6052377608376,1650.720055094324,1652.2723776856467,1662.15693257963,1674.75745618218,1694.629068950474,1714.2630027940647,1734.8013286149317,1752.223412876158,1772.0757377286338,1777.640495219207,1778.9017765865442,1765.174714400579,1767.9849602188044,1777.5721455454102,1799.157210104745,1816.333544601075,1835.4761718876048,1850.6521310853796,1865.1950076112676,1879.1934727734758,1886.6075339456877,1877.025536354302,1857.8928847491893,1849.3381873635683,1847.8285366276123,1859.8494450201001,1890.4132317193091,1903.1145331593323,1907.5436137222262,1895.1711737735113,1904.9496220718925,1913.9471324545962,1919.2297751799354,1915.073760919819,1909.2834199008878,1898.482942666303,1905.888001679736,1919.7924429049813,1941.379619646566,1942.2093096148526,1952.7240966076777,1960.3313180729806,1980.8474778643895,1985.0662687078056,1984.8310912286643,1976.069320852197,1974.4517626382749,1965.3160695054016,1966.1267449667705,1973.9392735646952,1988.562837891466
2694,53,Fairfield County,county,CT,CT,"Bridgeport-Stamford-Norwalk, CT",09,001,1692.1033932814069,1704.8353961359894,1722.029592615831,1728.8212679448923,1736.896437296321,1739.8007944920262,1757.5424008386974,1761.5526106653654,1760.290336355861,1749.308908410209,1751.2754978497474,1743.3998931148046,1755.3204314324034,1753.4357523159956,1767.1275634316619,1773.7313608903278,1783.8159908726416,1787.2880544648876,1784.4678429888938,1783.0983464716326,1780.0190783686678,1783.579833056338,1773.4232014691115,1771.6382467206422,1765.6618403796601,1784.1165614720503,1795.4621575062877,1819.150300549465,1839.2629389290498,1851.978405889145,1849.4732783576412,1840.087512831195,1830.3788479064474,1827.695563741995,1822.1816245775246,1833.8811869191138,1836.4944878515803,1861.4777013831415,1869.957931122624,1884.076638427441,1890.192833566702,1906.1775765516077,1911.3035043837897,1906.7122227923967,1910.3486055339608,1904.860806832156,1909.845575689745,1907.318801559342,1916.4195422073878,1921.688772158823,1930.455584785799,1945.5941928254606,1954.507964215976,1964.7333408187114,1966.1171202698392,1969.607051847651,1970.7402136136866,1974.9214757157124,1966.2193274396134,1961.8640902640752,1967.6066503895472,1988.7517970192996,2002.407127873848,2015.6988330803904,2025.7745041510295,2040.0382879347144,2051.8179499302673,2065.033452991733,2076.204479636446,2089.7688428758793,2101.9714074936414,2101.382399377269,2104.1362846843017,2104.72210403589,2132.0672180303823,2163.548738192687,2207.955018807941,2244.6986363956116,2272.845314853003,2285.7136177587095,2296.901340121136,2293.920178494804,2294.58566558227,2298.952718942318,2316.1383463385037,2337.535092293442,2363.838928948117,2403.6001552008142,2451.6272272471624,2493.3831662182743,2515.1081574978616,2520.4012226130903,2508.007282714602,2496.6551843454017,2480.7071441181897,2471.2273227656,2474.0001711573386,2482.376761810749,2517.734362245077,2536.3144334095878,2561.7806249666,2579.1762196594077,2596.7681994617465,2608.0102259032838,2595.558585670159,2594.0764525167933,2594.635102241228,2606.6311454403267,2610.223559064286,2626.8525763693256,2642.1496054161576,2673.059790621014,2694.9727888914863,2724.787827456674,2757.5053304771186,2778.1463395285305,2777.4007848451315,2760.806605267571,2768.289120273132,2782.294399718383,2812.5882588765585,2817.8627979573903,2831.3282865005426
874,54,Bergen County,county,NJ,NJ,"New York-Newark-Jersey City, NY-NJ-PA",34,003,1786.0938697920492,1786.7007088991297,1807.8753613552963,1824.8742343908452,1837.2270164452277,1847.962984605141,1848.1933595566377,1851.8342626255048,1846.4068389676856,1850.5260843504113,1839.5392738543483,1840.0508528945338,1842.6741653990878,1854.1818284341625,1857.6314761190367,1855.1741146036495,1863.7810424317793,1883.297774539978,1897.3435222587887,1899.129679899365,1883.0405281892486,1879.0368089255182,1884.854775933737,1903.1658706133715,1914.2284208926817,1917.6238359323593,1925.3510023625067,1937.6795281422037,1950.1507733342721,1958.8589674665463,1958.0922895692354,1952.710324451285,1945.6673199307647,1946.468368496569,1953.5114833553441,1972.4026956446858,1981.8491038109448,1988.6306160589604,1980.5032493316708,1995.9378360760124,2005.8405269627754,2016.4775571333037,2010.4795944823056,2010.449067935141,2011.767653823672,2005.3672636856277,2013.4403209385061,2028.1622943217178,2047.3076532120388,2050.6455005817247,2050.1603282128485,2053.138488888431,2063.995642526321,2072.4686242690746,2078.1867780501034,2087.158167904944,2091.620629072044,2092.957468028753,2089.6921338253583,2084.2799195408197,2087.7883362478246,2072.592344905547,2083.4458965746003,2080.813543559811,2089.8643535030874,2081.6789031448534,2099.9590762357448,2123.2265825826976,2136.5269722469907,2138.343777233624,2137.264315640791,2144.717986904934,2150.044934600215,2150.802521914399,2157.077593094037,2164.1270345158064,2183.714108004367,2202.8767974115694,2217.2766147837647,2246.69742088419,2262.041212593733,2288.7363191820914,2294.9245716984906,2309.321247014964,2326.779919430838,2357.871354858046,2386.039885025569,2397.5652757343328,2416.933507673238,2441.4916673829853,2485.256887560975,2501.3847740990827,2515.158688860791,2499.4134493306606,2491.589081874205,2486.6629343270556,2505.3892472212383,2518.6351846768484,2544.6200112440347,2560.2844509476904,2586.175099158754,2590.0056520800035,2609.2547209727795,2622.221671841723,2644.9525618017137,2653.2587694114777,2662.222755539497,2656.719927308686,2662.8772922823573,2662.0993308213965,2685.2373244086275,2701.0188993108186,2720.359097406131,2733.6042916385204,2749.063575022429,2764.1071312055024,2768.724481098081,2759.773804973369,2744.445552829267,2757.286637578521,2756.0009637641815,2760.7727845487093,2765.135165163331
157,55,Erie County,county,NY,NY,"Buffalo-Cheektowaga, NY",36,029,809.4775644495027,819.8984420959233,833.4897857543091,835.467180663657,850.4770252563128,860.3094944624619,864.996911659204,866.7796464327838,864.2089262474157,856.1922862280065,849.6367027711445,846.9381269121612,850.1608750667684,849.3789847461757,852.093385946048,863.7369108827755,882.7604748803886,895.9164334278265,889.0051602580296,882.5937761356096,877.2476512118345,876.7018424075894,866.5718770067921,867.7217965049992,876.7460048638842,891.4501953805452,897.0349193104536,900.991036296541,911.4953892811589,921.6986517579063,926.0679158829603,922.4457215277693,912.4374928715972,913.5428315368325,913.451546655979,921.9339491158406,922.9697552815239,927.2802310322608,931.4762012511463,941.2658855309821,945.4321316134811,949.1337638594061,949.0781708054038,952.2709283739687,948.745008931297,945.4337288521375,945.7806546902556,954.1056054547672,958.2511724757363,957.3720317946713,961.7892851162597,971.8353176441079,983.746909437894,983.5868509046688,987.5573865029742,986.835299563048,988.4275989275782,988.7982054714926,983.1609489685743,988.1760283005568,985.3878173072544,1000.3167261006927,1004.1650278689381,1021.3624002120392,1024.2446574936073,1034.5326388218816,1037.8615289033378,1043.7843810863862,1045.969688097745,1050.1962311507048,1047.617529972081,1047.1967041989847,1049.2689619845307,1067.299250160494,1077.7457055311427,1089.014885063125,1097.0737243600618,1109.6565861908216,1120.857435554066,1132.7872973532724,1145.250775864963,1152.4875873968679,1152.7605126109852,1158.8318506579908,1165.40943872212,1180.5184070290047,1189.970992356289,1196.5082558547695,1205.5919474586915,1215.6278491153596,1233.4888514714069,1242.397223139905,1243.3394799542145,1238.2981925459524,1241.676060582305,1247.0716624710367,1257.835971804419,1258.281441346769,1268.3440055167757,1271.0618712981968,1281.5133869782326,1289.1291298176336,1304.4041606257038,1312.0556221126074,1312.2240811532613,1314.7688618234574,1311.9072624420628,1317.919108999597,1314.6958175629002,1324.780521396907,1329.8916082237913,1339.1616682065464,1346.092129684151,1351.748685636942,1358.9114848711458,1364.5369387044982,1379.460573775787,1382.2568277320195,1384.4074975269064,1382.269110626499,1381.7126319807567,1380.3211618104403,1375.6900993816353
2314,56,Gwinnett County,county,GA,GA,"Atlanta-Sandy Springs-Alpharetta, GA",13,135,1133.6308035149095,1136.0783470245565,1139.6998755581114,1149.0481409260383,1157.7424337337475,1167.8509478631017,1176.1272711174347,1179.443647513505,1181.8828833532332,1183.915838020739,1187.1003570194996,1186.412014114054,1185.4278631963534,1191.6562366510989,1202.2329600054343,1213.0353488195976,1219.9103863554928,1227.1825574368556,1233.0082002068475,1235.7279122466039,1237.4454768924452,1236.6082076415853,1236.6441946685036,1237.4262666488219,1242.068973297837,1250.9032095161538,1261.8737552707257,1274.8198470275986,1285.6614154543654,1296.740959658165,1304.504179741763,1309.093028628584,1308.9574523584727,1306.2520790105816,1309.140393153984,1311.420934273159,1321.6776737194477,1326.4666329289284,1338.9768531891152,1344.5780048124816,1355.2162102350321,1359.790877884064,1369.3068899433829,1371.575582308639,1375.8158306283613,1376.3476790052825,1382.1506495240428,1385.2533587352314,1392.1030859374675,1400.0851683728997,1411.347538439973,1418.4817633534933,1424.7326563225472,1429.4732760367067,1432.948095303166,1436.8068144966765,1436.204571200007,1437.5543613544087,1435.5591900060738,1440.4479113296964,1448.2326829869628,1453.5522869159286,1461.1081602176712,1459.579760773435,1458.8276809717734,1463.4680804241125,1481.3663397982382,1502.823429499319,1520.3883996168365,1532.9127259583556,1539.4880258210137,1548.0845734186266,1561.7009735943802,1590.7578811156607,1610.9153325284763,1634.9558990237301,1660.8318050605656,1700.4046142876814,1745.5021162212036,1796.018062255781,1841.674797584249,1860.4793737286861,1867.3701631182626,1864.9266831269774,1871.8500132092406,1873.0701167798954,1887.2552614959413,1900.436422582383,1920.2074960937211,1928.3225607207903,1947.4918754793464,1956.9346020712994,1963.8931784326537,1962.777789425725,1955.3999523802138,1954.9735243131838,1949.540609872906,1961.590071083951,1975.3129154816763,1987.4580177898215,1999.250869912025,1998.6385117728073,1995.0303932411139,1984.6522508767557,1978.8208230762013,1975.3348904793302,1964.5825900800212,1959.2990629565406,1964.0567259838747,1975.8218392463637,1986.3880500784487,1992.4379164335608,2001.525449165456,2009.3898648276672,2012.1488201623476,2009.2060457323907,2003.6432590442998,1996.0597867051592,1985.9581629917036,1974.8085889032666,1980.8743211863825,1992.6468122062065,2017.176912984599
2804,57,Milwaukee County,county,WI,WI,"Milwaukee-Waukesha, WI",55,079,955.1951151204009,939.9449287644373,946.9179350726737,956.9220543662792,965.362211177547,969.3745024401076,972.0505183698061,969.0469407765859,970.6655626043919,971.788258512761,968.7648651968725,958.068731058123,954.0101501387454,961.817099843682,964.7854007958796,973.07294527184,984.3810666892833,999.3080024769828,998.9272207426036,990.684564867445,985.1515998049218,981.6093103300576,981.5166257889246,986.9531838530246,992.7896453934617,992.7020870779453,993.1775925739613,999.322517839063,1010.1633219833708,1012.1986005133296,1014.2832351906085,1007.2608974213301,1004.0870577098163,996.4180096542004,998.6486978863096,1003.9522350451123,1013.375728976267,1018.7738512449647,1026.5283658243611,1032.0278374065097,1039.3530560278812,1040.7437061880605,1041.2348211723092,1037.888321441146,1030.1261506977276,1029.7676388702482,1024.1978194911987,1029.399309297766,1032.8969744493463,1046.8099766341793,1056.152220476229,1063.7868512864463,1068.0831823628725,1070.3541576215248,1072.1014968229074,1070.154995633529,1071.9226310862803,1068.8630737783599,1069.4024848321822,1071.0736185653948,1074.8684950306078,1084.067474627637,1089.7424059857976,1096.9482299967638,1098.8782331212308,1101.0107453886321,1104.694577279418,1106.0897368288167,1104.8448262519132,1103.2039570977247,1103.2378298764625,1103.906414684954,1110.064118915955,1119.892988604675,1130.6719304032501,1139.5607494555861,1146.328553589234,1156.5089040052496,1159.947407901875,1168.4491934551372,1179.1824548086086,1190.138140333081,1195.1975909390637,1197.8990972224733,1202.0042727410882,1207.4964255131874,1215.7770610938462,1226.504631788848,1238.066168486679,1248.929281191754,1259.9500509707404,1273.4170431088644,1276.238440930257,1274.0637829076438,1272.8595922384457,1279.3831029729395,1289.5510966174047,1294.9103642791674,1301.94938315411,1309.6306750104889,1316.5428917517013,1321.4680518685848,1330.7039403099166,1338.3173362209109,1343.1581184758952,1340.168712173561,1345.1463017905262,1352.4870552709988,1358.1779287424245,1356.52175246106,1361.015403148449,1372.6248906033009,1385.0190041850533,1395.3096200458417,1401.6678493379784,1407.7688939408506,1403.5250478707264,1402.217112980835,1402.8853850669107,1413.899462298558,1418.3982249106627,1429.735743821315,1431.931850340886
1682,58,DuPage County,county,IL,IL,"Chicago-Naperville-Elgin, IL-IN-WI",17,043,1301.342678292002,1301.478701860585,1312.0165530540255,1320.270858315591,1335.7145562984415,1343.3609450453555,1348.0107915620815,1348.1963747720024,1343.9630624683311,1342.7213088108251,1340.8088905518377,1345.4927899327552,1343.837123404693,1350.7795450565104,1353.9821274863932,1358.9428199510344,1363.9219190677418,1372.6031933652323,1379.166562620334,1380.135396838904,1376.5835022021047,1376.431695321227,1374.1036491228167,1364.667393837011,1366.9392530084187,1375.6582125527905,1392.3995276355722,1400.4608537554354,1406.8116250351509,1412.7546780251805,1417.1925100124254,1414.7708544869754,1410.3277139418535,1409.623913403283,1411.5470182772976,1414.4342203812107,1411.8595213560086,1415.2632060695623,1423.2495839244152,1436.8961051854344,1445.2037355367952,1452.6105780675998,1451.5903096262407,1450.8203649547318,1447.6832658647202,1443.614432462229,1440.8010469971236,1453.9402956714516,1466.8311763822846,1474.3320390685926,1468.6911005239758,1471.5462154420843,1479.019299169818,1486.5960496491434,1482.78229808945,1476.5200900753441,1470.1076586053202,1471.2981729289754,1473.0808390938264,1485.8438702511062,1491.8883110129325,1501.4693235899242,1510.0899967754556,1512.7071579012854,1513.1616078305844,1503.4318414413585,1510.9829672353824,1518.2093484038303,1522.4890953458212,1523.7733122077275,1523.5408033295735,1514.3683256615036,1517.2338488315668,1525.856752271696,1542.9748084423802,1560.316315775487,1583.7178305852553,1614.8568353983626,1642.2785179120704,1663.3179808002162,1679.865243529321,1682.5726778500455,1683.5399850366575,1682.3545783733048,1687.420870740905,1700.1154691315166,1720.3513300743184,1751.2379414503441,1782.699849809758,1808.6970380107862,1829.2039996437238,1834.533265559121,1833.3625788075735,1820.3094762185256,1805.4536097097644,1791.237417164163,1796.0774742428596,1815.617479772143,1851.014990502647,1871.4564399738836,1892.1228480085374,1907.3231982715513,1921.6655271541802,1927.638225595465,1926.9587367889726,1927.1331070623182,1923.7171211124178,1921.9876939660735,1929.1968734934005,1935.7030388000899,1952.815845753838,1964.3568822203238,1989.04224597487,2006.942703527798,2021.7668054712594,2033.3845447390158,2042.874374683517,2043.6554594520635,2040.7916828486182,2039.432300432449,2044.2636251030917,2058.8070601507407,2067.5616146242005
1388,59,Shelby County,county,TN,TN,"Memphis, TN-MS-AR",47,157,853.4539108203394,856.1351305132458,858.1567491765305,859.0973290951664,857.3127509920905,859.1315799413525,859.7525579509638,862.9377087983205,862.831527602094,862.6567331587532,862.2832300690028,862.5843971465939,863.6795106705493,866.4515311365526,869.5638259641697,873.046396271063,873.2586306364332,876.9189129641405,877.3444718049685,879.2970287801531,878.9956542482746,879.1762727120091,877.6146027341914,877.9076435025625,878.9690993540023,882.2036028631918,884.7091853308814,888.9399655599204,892.7039979706676,893.3675619213419,895.636038558576,898.7128058594915,901.412306745451,901.251779978304,900.3477682008728,900.9329667369296,903.0936962188301,905.5100506659361,909.9262992683579,914.9602871254286,920.1080322530246,926.5134272896983,930.7540985337795,935.0044713603604,933.322924893764,933.351638490314,931.7476287895244,934.8383111655193,935.767464762872,940.3457476574781,944.7657559128136,952.5229614130018,959.0057456961041,963.5877497428769,969.8836561491919,973.9627552749674,975.8875315840343,972.3116746534855,971.5405274642862,974.4889527521036,983.0260314463129,990.2138418946745,1004.6160340642313,1012.7846722095042,1022.9570623706217,1030.3384877517403,1045.0231246642516,1055.8310935233578,1063.7126866346598,1069.8165528405086,1077.603613724224,1082.0453270010937,1087.6576534124495,1094.73973177405,1107.26674324295,1121.9732516679362,1143.797176014347,1163.443376024792,1182.6394383721968,1202.209707294606,1218.545108739269,1230.7110474727804,1231.2350476052607,1236.9736297173652,1238.6410339030094,1244.5540706505913,1252.3558690742989,1265.2792580060895,1279.1039483007871,1292.3196442663154,1298.2375924277483,1301.1491437846635,1299.1507579414451,1296.3601064634097,1297.049635826037,1294.5242462923532,1300.986029590998,1303.8376701629952,1314.0982773728651,1320.2303008292045,1326.3488439712405,1327.768942767328,1329.2540110609334,1328.3851379105595,1323.2883023122401,1319.6810043489031,1316.983746630956,1329.4571105266587,1344.3821136400563,1354.251763549657,1357.2897411883296,1355.8420720751983,1363.084461558948,1366.9780199004474,1372.366411008907,1376.1672831729418,1381.8537322154843,1384.7663595602994,1383.431340440824,1377.655575770838,1376.5105197289263,1381.7941369148518,1391.0918935606703
1322,60,Pierce County,county,WA,WA,"Seattle-Tacoma-Bellevue, WA",53,053,1007.9119707979039,1009.196724376979,1012.9006926062981,1018.4170332259055,1029.4264952719295,1032.98328406568,1042.9260647652843,1046.8138404986064,1053.986495031407,1057.426644864617,1060.319618457464,1065.5813405635256,1070.7637012255122,1074.3348625089054,1078.0168053575449,1088.3815020989894,1105.710755722408,1121.6837256688686,1132.0445707993345,1136.4829453650605,1137.4016937875829,1137.483350638962,1137.2891957992108,1138.0201053660924,1146.0723688644146,1156.66615938731,1173.2464596093594,1188.6027194907842,1207.3722134693849,1223.9627475966313,1235.1289945832782,1242.278590697878,1244.4202796117681,1245.2466901875273,1244.9709870600261,1249.7556394720448,1257.5126820290977,1267.3311135821148,1276.7608337465351,1291.00758158324,1302.2621003676627,1311.202067843981,1314.939945620832,1321.4755909567082,1326.1814172978577,1326.5878817589733,1328.444617240862,1332.0588944798133,1340.4287708558418,1345.4980660705828,1359.0414714022968,1370.3549528277597,1382.2022204699297,1389.7341277027756,1396.3958288912356,1406.4306702886865,1405.8987893452045,1407.4849591937382,1406.8388389390484,1416.5429437966955,1424.7406189503163,1431.1680581559308,1438.0563431435387,1441.0998536127424,1445.3664132709312,1449.0621641358164,1462.5267322266657,1478.5368954157423,1491.518754782573,1499.0721526854873,1506.6282375014985,1515.2901889754899,1524.9903407155653,1537.0410383181293,1557.7801106782008,1586.514323918912,1614.9664543628535,1641.8416158454158,1668.7245328431393,1691.5037720838177,1697.6775582272894,1702.730260931182,1705.3504751380424,1714.4133376257028,1715.052649581194,1727.611920585288,1746.3757105431569,1769.8106614007218,1790.0303598232556,1811.1500791211033,1825.9410091692819,1828.152374025804,1820.6231273884607,1808.1865159333538,1796.6523329162137,1792.9222110819587,1790.322752664145,1796.3447906729539,1802.3803616512841,1809.7129234201736,1815.587714584474,1820.7421375447489,1830.5164305189153,1833.8922188467366,1836.6654666839715,1836.2424458310365,1834.5396082108514,1832.8388709999258,1837.1585796150794,1850.6066020067985,1862.1659845675647,1876.2346247843284,1888.4951808251603,1902.6059974610735,1911.8679823992793,1916.0996678604174,1915.6591770359596,1901.7923621382722,1890.9257124914016,1886.364432276286,1899.6905673357269,1917.7400747646602,1928.3314211886307
204,61,Kern County,county,CA,CA,"Bakersfield, CA",06,029,995.8434277606391,998.6197780175145,1009.5350168108076,1015.3479812020736,1021.5846991226582,1018.4519212085935,1020.2997095632471,1015.9290742632604,1015.1206337775112,1015.3982478202817,1018.7172120345552,1017.3155717379647,1019.0733924508062,1019.8737007727062,1028.9768773595774,1034.0306087724368,1033.799948457337,1036.4906132620238,1041.8384057097703,1046.8065446700139,1045.9866187255775,1039.695810856001,1038.5449550622152,1040.9930131299568,1047.9124752457412,1054.567806677182,1059.2841934327964,1065.531804141131,1070.4752932746806,1072.388640617188,1075.1648302440183,1076.6481097049564,1083.7073503885763,1080.1640916739825,1081.3488955738894,1081.9614238038298,1087.6623254198776,1094.963049007412,1100.5946158562933,1107.6874108251852,1112.38759983165,1116.0199904020799,1121.0159459517963,1124.5044549949248,1129.4353025446567,1131.6737769768515,1134.1250833121046,1136.689861229279,1139.042953220539,1145.8244001705489,1156.3466322050915,1167.7434640451652,1175.5224673090327,1180.6011429592206,1187.7948321209292,1192.2803267835998,1193.024150826595,1195.0580262697738,1197.9632565804654,1202.3598319235275,1203.5596055867277,1207.01541990114,1213.1535372694893,1215.5737066593977,1222.6796746169578,1237.889152417055,1261.1076021763167,1290.697695520426,1294.8217460075036,1305.1587313469793,1301.379676260886,1314.697289195426,1332.4413776661556,1339.989974616018,1346.02267015584,1347.831750267405,1375.7760093576076,1401.9946793840422,1415.4427617476367,1425.2078948084811,1458.6504163637853,1483.9039952689882,1516.7464534581404,1528.1139305152958,1548.7481063376847,1572.0719329234264,1583.3413989363264,1604.8794119382417,1623.6104883093367,1643.0631982294067,1658.342106619464,1650.3561234222084,1657.748022823583,1660.1864526134739,1658.8724426666422,1652.4058749635433,1645.8064839150018,1653.8569179682167,1666.6216618446713,1687.2350690029086,1693.1698539118465,1702.8451337142362,1712.3632148003874,1727.6154634590928,1729.9970474056029,1731.045425040763,1726.5530079974135,1729.7924918346455,1728.0944048279848,1741.8262224438374,1746.5085393603945,1764.3404612480983,1772.9269307612112,1791.6743760638037,1795.949383062364,1798.9332819988467,1796.442602226796,1797.6143983839113,1792.5310466022174,1785.3632100651564,1795.3141964738577,1811.0552149124571,1829.800290486565
2337,62,Hartford County,county,CT,CT,"Hartford-East Hartford-Middletown, CT",09,003,1126.1402611399953,1123.5131604166938,1126.872656134223,1130.0952725585369,1141.8235772077642,1137.8570367062698,1137.431941077945,1140.1893457097385,1147.5709825319661,1157.426314699646,1159.197260858069,1159.5728616050683,1157.7704141937884,1154.8378617953545,1156.4203302561893,1153.7104310916666,1163.4183466547754,1166.2429565285136,1172.7194719507856,1169.5872294088897,1169.2395452151025,1161.1477872430721,1169.6765545758253,1170.8758729021351,1178.2428180444476,1173.7251239640032,1177.739175139145,1187.392874997214,1196.7198959975833,1201.1201112757249,1201.198764182413,1201.4108797270565,1202.1323322841115,1200.618310374282,1197.4088946198833,1196.8000553120712,1200.3318857044337,1202.4224764744638,1207.6282717779181,1215.2394093919938,1224.4291146090036,1230.4144698492591,1227.510401014105,1227.0796573896314,1226.786346049824,1232.7006253152665,1232.3007628111486,1233.0953598104302,1232.2927586611581,1238.9310570104763,1237.1986573361864,1248.2732891601559,1252.2965526536243,1266.4620704721717,1266.5749311739482,1267.7960168204413,1265.902415462033,1261.803369172233,1262.4021284985895,1268.341544622654,1275.6651106752927,1276.6652965212647,1278.1502867274758,1286.6099500851728,1290.686595964409,1292.582865854308,1292.069216043582,1301.1535799733003,1313.5145844837218,1326.3557850483926,1329.0625848349716,1332.4100224304257,1331.4248003454795,1342.5344595817187,1351.5320295470112,1369.0927952292664,1390.5789101486112,1414.0569825270934,1440.556330905219,1456.4710487736186,1473.0813590218677,1471.955611012131,1484.9942506444795,1490.7591021368457,1500.9693682765746,1509.6029466860784,1519.3530041120912,1537.6445756999956,1551.9105300003796,1563.3115963212479,1575.3080993209983,1583.4092170650756,1595.4716472179744,1601.2810556871116,1598.8801189160502,1594.4524359489724,1591.588857431643,1609.615874561342,1631.946315592946,1657.144439778704,1671.6345166373533,1682.6475249076307,1688.0776555690572,1696.0987318024027,1705.1977341109427,1713.444008430488,1711.0655576008296,1712.1416021607395,1719.855689304407,1730.0488775632452,1749.006945344911,1766.9524886060615,1792.107438296749,1808.5235914616708,1817.0732796093876,1827.1718384408412,1829.9912563845915,1831.9294802273905,1832.1491410537765,1845.4059518787972,1850.6129277362124,1856.2732297302978,1857.9014910788876
988,63,Denton County,county,TX,TX,"Dallas-Fort Worth-Arlington, TX",48,121,1199.6775828036104,1207.5300037842155,1219.1257315794912,1230.584832877818,1237.4040611390378,1244.220187008511,1252.757437126984,1260.6543254504534,1263.1675045486065,1261.8318404216168,1255.6511160621237,1254.4966791405207,1255.1924633553324,1264.170730509423,1270.0273018026103,1279.3169714649798,1284.2920240256801,1292.199517776759,1296.5463992404627,1300.8318359981497,1297.3126103942527,1294.2336285492493,1290.9887212840147,1292.8978901886867,1295.7991987333658,1300.6457235860985,1313.473184746649,1325.9873387983112,1346.2704338088827,1353.8280026495638,1355.830288685853,1352.1929406096283,1349.8355702248307,1344.2652188297254,1336.7249046947165,1334.0715671276723,1340.6786601176195,1352.5752793248896,1363.2176622505401,1373.4152268254181,1380.7299527619593,1385.921214299552,1387.7444241580845,1386.7524947278002,1383.4118849784336,1383.760295847583,1379.311351779183,1380.4222730613606,1381.0178665930787,1387.6337392401756,1397.5196529136674,1410.9505639423173,1421.9696437248242,1426.3463789230004,1426.0044358710131,1426.7417201472697,1428.4456840108228,1430.5225902355962,1431.4049569671406,1429.3458387198211,1427.4236981993392,1427.2597896917698,1435.9313717818827,1441.9235430410686,1448.5576298644783,1453.9434868297876,1459.715734218838,1462.4849586834334,1461.9495267800125,1462.3201249429444,1465.7496080439364,1469.8800179013351,1476.4585716964598,1485.6076836069424,1499.7645020835312,1522.2474699620982,1554.1049631414915,,,1662.4032780259938,1690.7796876076063,1708.977347291408,1730.5237498452157,1740.2693059580688,1748.7469429802668,1754.3725619545817,1768.987881357102,1791.330403554069,1817.0406184916667,1839.957799218803,1859.4989549512657,1865.332553920679,1862.725360847906,1848.0952725340826,1835.1885048650186,1825.9559329985734,1823.3915939177346,1826.9162905367823,1836.1903917183074,1845.4424761940381,1853.896149418827,1859.771925051526,1862.4523714810239,1865.844676983295,1863.0563070940773,1857.9558016974051,1845.9722522319885,1830.2800019397314,1824.1375778811853,1821.015577946874,1831.4484724265183,1842.108317624146,1853.9865657677615,1857.082946727127,1860.851496903817,1863.8921497351923,1859.0733718773624,1851.5909973293917,1834.2742651466506,1820.797326496735,1812.3645714220786,1826.1152102660665,1844.0825018538592
1155,64,Macomb County,county,MI,MI,"Detroit-Warren-Dearborn, MI",26,099,818.7023840343535,823.4482618555578,830.1219176611764,836.1254859647747,841.7065534872926,845.2610843524488,850.8555843202815,852.120413213131,853.9274873148676,850.5046557196121,851.2369161005917,849.5163638556842,851.2550760650616,851.9108025850655,857.9617422389373,863.5669087722316,868.7859072997697,872.2322286338259,876.539743997838,879.7744089822587,878.4562895033812,879.8352159212145,880.3276318691965,882.6551815713799,881.819945838747,883.1710800626829,888.9453845313299,896.6418362631839,905.0997044626127,908.6523815349343,911.0923166356854,912.2190406219188,915.9854705390644,917.7005325898098,916.6905118170233,912.501765516968,911.9312108481952,914.6119072705096,922.7047171172438,932.513621769501,944.8984127703287,952.9660890734143,954.541969262003,955.40259914107,959.7409431320203,956.8994162147648,953.8793220992432,951.4268826436926,955.2674768257461,957.2111348286951,958.952953218038,966.8676107764803,978.0850894960313,986.5068879312395,988.4996316798926,986.98001495921,988.5665676732536,989.2410600042323,992.2459654690656,988.656205274892,986.947066635463,988.7148394059191,1000.7531451158217,1013.2604640273504,1022.9485155360796,1028.9009012756635,1040.052531057503,1051.5575186286508,1056.6750544190882,1057.8291880416577,1064.1358340535203,1071.432220215038,1080.8551029304467,1087.915107045783,1098.0629513134627,1109.9917152668513,1123.8944941350671,1134.5761263157262,1148.5222413722315,1160.3351213509734,1177.0937987264833,1188.0222120180565,1190.7529717080502,1193.9961057366795,1198.8462512022327,1206.7071026314338,1215.485118939924,1230.816924326252,1245.199997927793,1261.4394171383333,1268.9129647020243,1276.0239541424871,1280.6869197155468,1278.5816643147512,1283.8071879379831,1279.0174738102335,1277.231011789914,1270.8934507174627,1272.4311679771133,1281.8524866181735,1288.450802145901,1294.4735410829344,1294.1613079917654,1298.6567344825185,1302.0097332233518,1311.4807672720863,1317.4074352853277,1324.7246696799514,1325.8666959922134,1328.8549051193138,1331.4662519751532,1342.425249209126,1351.4910988645092,1363.8042035844078,1368.9856927717713,1374.144242795826,1373.3886743493435,1371.6569881742269,1374.0940868283833,1382.02449181052,1385.4047333012518,1390.1579011748504,1391.8278245709437
3227,65,San Francisco County,county,CA,CA,"San Francisco-Oakland-Berkeley, CA",06,075,3004.3233683126214,3022.6003662228504,3073.8993993215026,3143.1253891879264,3160.093480558512,3199.951172266027,3229.127330974998,3260.949925800976,3292.963126533597,3293.8974036863206,3292.971914533371,3260.6504517934327,3270.393331671041,3270.3539143902126,3256.3483262122145,3244.2608893796346,3234.35937453644,3256.765025501032,3264.441918866138,3263.62807123,3251.018913094953,3213.9692524124407,3186.2794501749227,3159.407643213469,3157.0618654763207,3180.2447949039833,3200.37583235043,3207.682613555066,3220.575212158829,3247.045237781408,3271.8876778665635,3284.965410454884,3291.7797088473526,3294.8957326707796,3263.774680915505,3255.553766290711,3255.314269107975,3283.272738353521,3294.4075513106704,3305.622060181041,3318.880470496981,3335.2938660271893,3358.6903846821256,3393.7181649361905,3400.72056253343,3398.7553294798868,3379.312779081917,3372.5540930791376,3375.6510454814234,3384.798176507107,3401.2025793389244,3404.483199176661,3421.3272455546157,3438.9350013205653,3468.951061654814,3477.3903992778323,3468.4349312686936,3447.5782535761973,3430.8799820250697,3427.498688784855,3433.0206559191106,3438.6929610382163,3426.820656454479,3412.8073562147647,3379.0776914456073,3342.1688116430987,3272.5080398716277,,,2942.001828964396,2875.453058612044,2841.502895198598,2833.084443984356,2844.9745415865623,2873.458211962967,2913.451685699903,2963.7501831545337,3033.2105323202873,3103.9791473231126,3159.8062652507215,3179.6886072538678,3167.2619991667966,3147.510038847671,3133.4427531670367,3147.610913392988,3176.1134062337646,3202.383329178414,3222.282408921344,3243.9134873898365,3268.3552712816536,3289.0914537378976,3307.692872259997,3315.147788936952,3315.3926658734754,3292.2882078902267,3266.6425704482012,3248.5435995758066,3248.1413895999935,3264.2437159977526,3259.106946438332,3268.8975315479993,3270.2384720643213,3284.423068760537,3284.5981230993266,3278.4410414458216,3260.263103893974,3222.2304098632953,3189.4674649317303,3192.9921535560643,3214.426112616986,3248.7149798277846,3268.3645241257277,3289.3856607447683,3306.214322991223,3323.734002106276,3334.361937912942,3338.6406365143566,3335.7907731504974,3340.4609076077136,3343.67179745306,3354.056432503089,3381.4582231507893,3418.677378458628
1776,66,Hidalgo County,county,TX,TX,"McAllen-Edinburg-Mission, TX",48,215,845.8434744800111,857.5732399798181,858.9726808175952,858.3840940760533,861.5017215304401,865.510682311789,870.7516194777426,871.7127929602977,876.5435331356634,872.8038703374652,873.8865375924687,875.1506096091804,874.0013817435955,868.9825596109035,857.8839942295525,864.276536594166,865.2648749949528,874.4440871235338,877.6788870831001,885.2947015434612,883.4846012072577,882.2581863656934,877.3619626265024,872.1611187424501,874.0458643339131,879.4370217542607,883.7155164942682,875.7914138476569,875.3775281124862,879.2734151718388,886.4256216372534,891.046056416915,897.7603214623539,896.2321518178221,892.9147049127479,884.0773849110104,888.173871876542,889.3754599078709,896.0158267816262,898.7819308485582,897.6918976030142,899.4406323674041,898.5217790897948,903.7152967207159,904.6230586436201,906.5868559514596,907.5516160431491,905.3564500983468,906.4076706518587,907.7381495563775,913.7124295882203,913.8097195822112,921.7615607846992,923.8055648137723,930.0251097862605,927.7385736248956,928.931200994086,932.6157572837748,931.8533314769819,929.7919222031546,927.4071454108616,928.9207662964405,940.8919614098907,945.189146158542,947.8556002123945,942.3579925745423,947.7044552026754,951.218203305093,958.3442044578554,961.0101569911748,963.1180982429546,966.2901755922886,974.6651932093505,985.4285704960665,994.5657946990641,1000.7616175175302,1011.7691706416563,1018.941081737012,1031.618644878546,1033.0658149467222,1052.7266513477944,1053.8647570756432,1066.1958301858701,1066.966935174175,1076.6818034742992,1088.1718226305065,1090.0292999693709,1103.8740622516007,1115.0626932056712,1124.8086685408398,1126.553890205306,1127.885507567841,1130.954485157206,1129.725375234698,1130.4964862197342,1129.1405831467782,1137.8918434767309,1142.4305610448769,1153.970003657611,1160.128506529913,1163.5422846413187,1168.7728155174252,1166.836152002476,1169.2682330770583,1170.7261998047554,1168.7519122957228,1167.8938434353797,1169.371833669307,1173.4885409068127,1171.9473410585942,1173.1757812791368,1177.6687901316775,1185.3784840536619,1186.4239094731001,1190.6998479587012,1191.7191653148514,1185.9814643868124,1179.2422472252254,1179.5941484015477,1180.0162789396857,1189.6860161575526,1186.80249813287,1194.8654588429179
2815,67,New Haven County,county,CT,CT,"New Haven-Milford, CT",09,009,1168.3562765414167,1169.0347710762658,1182.5931845436314,1188.2749956320697,1193.0761637419696,1190.0225165413308,1193.7274775692833,1198.4118392827424,1196.0737753485125,1189.15720363306,1181.089368734308,1179.2658996964983,1189.89404005,1202.3505833587437,1216.4620250580856,1220.4561679999442,1230.315493669635,1232.8913344421064,1230.1357401342989,1222.1095653702607,1219.322744274622,1216.0119715758638,1214.1315754783489,1213.0138928802492,1222.4814751652536,1233.093761352465,1241.1260154784154,1249.8026460143574,1253.835979048813,1259.721976009105,1260.7846162534718,1263.2465020119657,1255.4955374766134,1247.9576156976555,1242.7140482306256,1249.3031751005326,1254.836266791882,1264.5035765833738,1278.670397115209,1290.9177309922973,1294.527454460247,1295.3928790648727,1295.3289609632445,1297.7125542507997,1295.7697694267206,1294.0550155659478,1289.697232844153,1297.8011731386941,1306.636737593124,1323.1244146172455,1328.3157829980441,1338.366235840611,1341.1677042380138,1342.8789867661199,1337.9681066408973,1336.8126108968418,1338.1291919041214,1341.7951777353387,1343.3430394259008,1342.7465075459795,1344.6173216857037,1358.473672498576,1375.6131694103276,1389.2791408856406,1392.4747330087805,1396.2483453792827,1396.3760517538863,1399.8521826753135,1405.9443101379088,1419.5657311911816,1423.8951564911508,1423.1121125583556,1431.954523653325,1447.2250522910188,1462.5486299676872,1470.0405753226412,1493.5020116344015,1517.3658182453646,1551.9553229382682,1563.2506505862389,1584.6496761107478,1583.5205778839425,1594.516717642748,1603.0381486197632,1613.9883171376591,1622.5337867758385,1637.0025640735812,1667.6270774118925,1697.8282285511943,1715.508736092297,1728.2058436744776,1733.2921771246881,1744.8674343984317,1742.705818446967,1750.650432208648,1743.8390580503406,1759.8357847153209,1765.819629575846,1781.8611690751254,1788.6156361305884,1804.0496840261237,1831.432052169812,1856.407870285308,1876.7004879842855,1875.0871595653352,1879.2873545981488,1888.3815242175972,1896.6330842439822,1902.4208968719663,1908.9475838704923,1926.20933531296,1946.934341733356,1963.6907320894704,1985.9277139276048,1996.6209606329187,2009.65222317293,2008.0804478980126,2019.1134406032818,2006.7622338811777,2017.373455492491,2012.6471830422108,2037.2731482097615,2046.7406839592913
1690,68,El Paso County,county,TX,TX,"El Paso, TX",48,141,987.5123453436803,989.9886490068806,988.344587454376,989.5241781612843,991.7051536660138,996.2262230995918,999.4686536265117,999.603606571445,999.9179344454188,995.9793177558184,992.5466843307845,989.778940643042,989.4113804991302,990.9038470801489,994.0283023336538,998.7099860783562,999.9982660886018,1000.1430158111574,999.1144102281379,999.3844783725542,994.9108609822799,993.0665967031352,990.1247373051451,990.9834232229099,989.2750613103321,994.2998310274135,999.9702335006245,1004.8940627382602,1006.5421850717544,1007.742519154054,1009.6576555372811,1009.604459673639,1008.8879813130977,1008.8529332521928,1008.6917797281031,1008.5511626067098,1008.4239317922929,1011.3759941310234,1015.2686020751902,1019.6872742713423,1025.1755852498386,1029.1817418704757,1032.5697549911256,1033.1971565509004,1033.3957604155225,1034.0024812142713,1034.1060049214968,1034.9126557200386,1036.2154371706436,1039.0282045505141,1042.7965833860344,1047.3893447444016,1052.9689335523592,1058.6669972166587,1062.729381863187,1063.6414218695757,1064.7910019714861,1063.6772798275204,1065.3432428616898,1067.6524879997505,1072.7383473295256,1079.1655760440276,1087.2152621411415,1096.5911073820164,1105.389524814772,1112.8771005372014,1127.0771556405489,1136.121336802774,1141.520667008286,1140.3450971540847,1141.6214216793123,1147.9572195096832,1150.0789639787279,1155.3036610025924,1162.1705240611147,1180.364429151033,1199.2899971205436,1211.4123784849035,1226.9389208459615,1236.6165418318762,1253.6405580458638,1264.0633532884872,1276.7851906111741,1288.0315382531737,1300.3689449104081,1324.9884428066484,1339.0710886465672,1352.890186135768,1365.7780847482484,1396.5787517204249,1412.2121751256532,1416.9961616094765,1413.42242475856,1417.0641050122392,1424.1154414937118,1426.3742227760404,1434.2984744632395,1440.8624889256614,1453.4864682781856,1463.6569619568177,1471.3832580701069,1477.9652993402838,1479.7044122491982,1484.837045433707,1484.0962871473266,1489.5111569585556,1489.355654018421,1490.5652113939875,1490.6971225147793,1501.1872919583268,1507.8560015693715,1517.1614562198013,1523.618718867006,1533.7338997305264,1535.1505581294746,1531.3540980172068,1531.1594660628746,1528.6637798244756,1536.2730641679973,1538.909117589388,1543.5168658120779,1542.7490478896461,1546.2464175485009
2802,69,Middlesex County,county,NJ,NJ,"New York-Newark-Jersey City, NY-NJ-PA",34,023,1616.484404428594,1623.6424093015207,1623.9718702627342,1635.798335417673,1638.7049467963043,1653.6153125599515,1647.3401120915532,1657.18121179921,1650.4882492230167,1661.6000261292363,1661.6841170689456,1669.8709594507704,1672.905495660629,1677.5780255058135,1683.3553849695063,1686.321239210735,1693.8456468815677,1702.617488959617,1713.566983085994,1712.6585609396072,1712.9785522249188,1711.2130460280127,1720.7075901659148,1727.4243393174504,1727.7969953905995,1727.7860813568725,1733.800050882044,1742.9727976531356,1751.097716170796,1754.6102705617473,1759.6113630709358,1765.369879034521,1767.2574313604885,1769.0944752760295,1770.8999362484928,1773.6103735267288,1773.2644594027056,1786.9768848178023,1789.3821399126555,1794.3688691601612,1789.3779028134888,1793.1280379765299,1799.2538795447467,1794.3411653814599,1793.5644171227984,1796.9906638782597,1804.7553194001491,1808.455192050411,1802.8239398773785,1804.609146184639,1807.1232901750564,1824.0440543840803,1830.9938226611375,1844.5453809336527,1842.277398400094,1847.031170662679,1850.6438425029369,1849.3920496452986,1854.0922227901394,1850.050276334769,1857.9961800355213,1857.8781452565645,1866.3141400157042,1866.1015863921807,1873.2491231096778,1868.4860218609178,1868.6382497538257,1868.5956462035253,1876.4356787094382,1891.456761713635,1897.0418228542776,1895.7098545884346,1887.1977239940709,1881.297109568495,1893.3542333831442,1907.9222261349225,1920.5666032460135,1943.6199142699015,1983.4549919941833,2033.8240113790707,2070.514856798769,2093.8369598077247,2112.6780202436844,2122.391389075564,2137.316015214586,2162.2534312179514,2194.5128767094266,2227.1054596216222,2251.3055410142097,2280.8436140610925,2301.709734406627,2328.7554919324525,2330.9715818436675,2340.7936185739136,2330.9393346832862,2343.6855518479456,2335.7132245153525,2340.8107284140187,2353.2849037483456,2373.4983071320694,2387.2169911482356,2397.2196877315114,2416.7433541979826,2434.2402872623106,2439.297066474126,2441.0489342505057,2454.4555588125377,2460.499839113533,2466.024688090138,2469.3890390516485,2475.980245784876,2477.803684387011,2487.840882868991,2501.3027998927732,2523.25918233527,2531.3253549868837,2543.917869167793,2533.2945315262014,2524.7075028138293,2528.4120308837396,2538.891603440941,2551.1684487407333,2554.195670699974
2879,70,Worcester County,county,MA,MA,"Worcester, MA-CT",25,027,1091.049387888622,1102.9099960129577,1116.6035042438025,1129.0033563294112,1131.8893530868684,1140.2879719150421,1139.1885486199399,1143.8413981750016,1141.8031190931538,1147.8000953498913,1149.457080684879,1161.4467518001068,1162.3150646027198,1164.7845194228132,1153.4532363520768,1166.2671445772885,1181.662222314944,1209.8297830832078,1215.7599090431963,1217.1654483739967,1214.9898410266323,1219.1936176188647,1217.715273776081,1215.7926862109136,1213.7454451826254,1223.0430762758062,1234.2991833322567,1254.5308728016416,1266.1943949982065,1274.3331516447736,1266.783550087017,1262.6580905977285,1259.0796130045142,1263.9978851363985,1272.4889304177257,1280.871664878135,1284.2439075014117,1290.0807589574963,1301.7365584087697,1321.480078445507,1331.1339897835614,1342.792920691685,1349.1335782886076,1355.8575885569321,1353.4415801747643,1348.7996220711516,1357.2282383273277,1362.8990673570722,1370.3390156622327,1374.1541708081334,1385.755616378628,1401.7969306111834,1404.2035504439443,1414.2584826549655,1418.8295659155817,1421.954823128987,1423.2588065982027,1427.3267175667584,1433.3340578080051,1442.635952383251,1452.9135470106114,1464.7950198720669,1470.9413002253737,1473.883901486743,1480.0966065110085,1487.4079170039379,1489.6759448978853,1501.93510963164,1507.0068407713939,1517.2332621351213,1515.2791839778547,1522.318454756219,1524.0932705840519,1537.5431480776588,1545.3894112746932,1563.5127232165512,1584.8984573302937,1606.5047270888388,1627.778642634362,1650.8609429959877,1670.2234104908798,1683.2677143604842,1696.3505320769232,1694.7432556946383,1706.497588129337,1717.5056146620316,1749.337673686507,1773.4173228837737,1804.911657462344,1834.9552800011038,1860.167472440152,1860.5880275637576,1853.1304559298142,1840.5084985495193,1842.4703303142335,1852.432366115158,1869.1955974654184,1883.6900393161384,1902.225495366021,1921.7778534495908,1940.584894835822,1953.9747967493931,1970.233513326196,1981.2578640622755,1986.8674777568278,1994.853482110434,1987.2458076158584,1992.0202086462805,1990.327586395218,2012.3399503261587,2030.8033986584446,2046.8857805900748,2071.593794357866,2085.8100264296518,2111.6039344578885,2117.246922068003,2127.3416799668103,2117.4759258391114,2124.9306844641396,2121.1622485247963,2138.4818888870145,2150.420990128692,2171.1535317460316
504,71,Essex County,county,NJ,NJ,"New York-Newark-Jersey City, NY-NJ-PA",34,013,1278.3720036553145,1288.5720411792095,1302.5279447970263,1299.5701722383512,1297.2043109283159,1299.841418679037,1307.3634294661663,1313.8412455755902,1321.2569267157576,1327.580755458511,1332.5412991290755,1325.363477803718,1331.790762072739,1336.1413377596073,1352.579549099853,1358.6679322320663,1360.1192371534064,1360.7027727139978,1378.7998328253561,1379.2492491227317,1384.8763410852428,1377.2940820688902,1393.0956164256763,1400.8733086551035,1408.5947083696183,1414.3156567302617,1429.417966384905,1433.6128505284544,1447.372617908954,1451.12422630445,1458.4755228829624,1464.4208278916144,1457.6584386394657,1460.0098087503056,1465.7360631285183,1474.4541196173793,1475.450791369004,1480.3980973349703,1499.3170132843886,1514.2368769471043,1518.7030170519236,1513.2907086271596,1525.4350442499722,1532.055245599933,1546.8899729963637,1546.7619125127771,1550.8490098604925,1553.3071606320043,1557.164278638374,1566.4852409804048,1571.129642313874,1582.7376522206514,1593.0176478468843,1611.323891802664,1613.8000711665873,1623.7103008648949,1616.6636004681334,1627.4697528830875,1625.9187641346055,1631.1138904417717,1636.3297548169382,1634.6442771938068,1644.0206151180705,1641.2231394585099,1656.8847440816344,1657.6405283574895,1674.2354043331159,1673.6035147644977,1684.5870717472642,1684.7285214322033,1688.5450325295074,1688.362467641321,1697.0810455776725,1711.7062615457844,1724.3133608112205,1735.3675203722319,1744.5210253113491,1758.2353102053278,1771.9345614991819,1789.3932108439215,1805.1546974780008,1827.1012516495107,1833.4530091314193,1846.7186657184334,1852.9331024678036,1865.4608838746599,1885.440497121228,1902.8656513151977,1935.398274445889,1966.5089268941585,2001.5855227037976,2015.203521289534,2028.0026558841885,2026.9143742111,2030.3038785415197,2030.55285528125,2030.9069566347177,2035.8325644754682,2042.9940089664665,2054.9696280406297,2074.8771041483046,2083.8738551740644,2102.0156224972693,2119.662022183852,2132.240678983292,2147.971652389212,2156.237973416007,2171.335714511459,2172.1696114372603,2169.1778653294205,2186.020824900466,2197.500629581317,2213.0472670272916,2221.4332700478453,2234.650411102726,2243.6352863754432,2248.877618225874,2248.778533271606,2268.522735300778,2276.2119729171877,2299.4668533233025,2297.4626903475173,2315.709551038263
2981,72,Montgomery County,county,PA,PA,"Philadelphia-Camden-Wilmington, PA-NJ-DE-MD",42,091,1253.8498643451128,1260.367953681889,1258.4557450348195,1266.2370355314774,1267.534904018398,1280.1165099755938,1284.3797766978255,1282.9959824431141,1284.0600613853196,1280.2974255683923,1281.5231813217852,1273.9475595744302,1278.2672133813635,1278.707590406016,1283.6510507420521,1292.0220029377076,1298.986238478359,1317.2191736072593,1318.6965985168113,1325.6587629472897,1321.2326718583051,1320.0002327829407,1316.1832370693533,1319.1037373333324,1328.1800391356915,1337.611038465001,1345.6940336527323,1347.4956068118895,1355.9509993723836,1360.34926626658,1365.3252909065686,1364.3479360295903,1365.387114788557,1367.26895741543,1365.817682488346,1369.8725244776347,1370.6140900641044,1381.2957264465524,1387.4734201914682,1396.2370164333888,1404.0526928432203,1411.1027415383235,1419.3063128465408,1419.1972807592115,1415.4213532670478,1414.6739342571402,1418.5662452455801,1427.4715461095614,1432.9432610722297,1436.778326947183,1443.6531677318442,1458.090179748456,1467.2487747242942,1478.3546151000387,1478.8109808658633,1484.84701107611,1486.1155806922552,1487.3928402283273,1486.3285671262215,1487.1027672669545,1488.676823972148,1500.2351827210578,1513.434162879363,1519.1069213173532,1524.4462122292039,1521.6037101415347,1531.6813120962606,1531.4824858836196,1536.2464662033603,1546.683555854125,1545.0201906250486,1545.7127824188117,1542.1319228477025,1556.8485453964242,1572.8809512285054,1593.8507050002158,1619.8718716547107,1648.7335483531795,1673.5418770733768,1696.1490467443248,1710.0902632485024,1721.8628428346117,1725.772525383509,1740.036865701973,1751.6118181737281,1777.5568830945128,1793.0951548922685,1815.6903315616735,1828.681066227235,1850.1360459688206,1865.5661967419692,1874.7435422392984,1868.1698588408892,1862.852867618579,1851.789516230337,1847.9189464251904,1843.3226235577254,1855.743590868136,1876.637349661756,1902.0646352881806,1916.4133407638292,1922.0398331056047,1933.6480936900682,1938.461541577515,1945.8578330911284,1931.08542723538,1921.5096623042286,1910.9696755059938,1910.9961341070277,1926.120895057572,1944.0783178136141,1964.6764901705606,1980.8863723312131,1999.8796800338043,2016.429242957993,2017.4858821546848,2012.4030798703197,2013.3991624273997,2009.5457526554978,2003.1793557053559,1998.9494996729013,2022.2250837860895,2042.0178600140778
2626,73,Baltimore County,county,MD,MD,"Baltimore-Columbia-Towson, MD",24,005,1177.1610079130617,1176.616140275514,1180.0516201730875,1189.5215613302378,1197.9044919589494,1203.632082843772,1206.7728983958546,1200.5919683122881,1202.9971027284091,1200.993539660743,1203.0753027292722,1197.526464683852,1200.8314543325712,1206.967669165189,1213.4309479947458,1215.1912405796954,1217.753056010007,1217.7102140734683,1219.8200970663422,1213.7292434386136,1209.0184464877095,1206.5994382805,1209.1061296266441,1213.1341658185909,1217.8933361087034,1226.0245032856776,1232.5845613971585,1239.7628331897668,1238.5230519666677,1239.1627987966804,1239.1432146381235,1241.4040678588815,1249.6953452475625,1253.104100268794,1249.8628825738285,1237.6893975681253,1230.1128479567008,1235.497428266568,1244.9384331684462,1250.2424134763419,1255.4847243848458,1256.4870371366594,1258.0525325825517,1259.4555745488415,1266.3480984523972,1270.1609795045597,1268.567746506878,1264.9288590304918,1265.248311269107,1274.1396391822786,1282.005103733788,1290.7211997643026,1291.7741222324073,1293.39951627665,1291.3730336158396,1295.5314181505707,1300.5717213330972,1306.8972368729221,1306.0477593818396,1304.019180728254,1301.412317849055,1306.1555294047173,1308.0235555356176,1298.4577314518735,1291.8983913250613,1296.448048460222,1312.308969866537,1325.0263780452988,1332.2941379555798,1340.5870493342074,1349.7075206718741,1347.0442899945608,1356.1015922946071,1364.4865878423925,1386.3133428390593,1405.7860290503086,1425.9718354205443,1444.9829406880926,1466.559224906714,1491.6215860541956,1518.5574536652266,1518.9341712329492,1518.8082014115853,1511.6515326072101,1522.640293479186,1527.9703061896985,1543.8011419448226,1559.3845196398029,1571.4979463109282,1578.1554290013028,1579.808491531379,1575.9662418065982,1568.5125062248485,1563.9557426900453,1557.3364515073877,1554.4922225498435,1552.9270571378408,1559.2605669682846,1573.2058106745662,1579.8351703363908,1585.0344341524944,1584.0663476977086,1588.8667052069604,1588.9054384629862,1586.3711833694922,1579.6741294128221,1574.4192617115905,1570.132193905452,1570.6556924465706,1576.2170374223795,1582.048476210744,1591.3309816165802,1607.7621308604053,1626.173164589411,1638.8117911927638,1643.54218941905,1642.7293208089102,1636.5601790409423,1639.4704467031977,1642.871313713944,1654.1402232009777,1660.630851512793,1667.6559762963825
2061,74,Ventura County,county,CA,CA,"Oxnard-Thousand Oaks-Ventura, CA",06,111,1781.7605803409363,1789.5059713564642,1793.361329000631,1816.8295908158452,1840.206631487014,1850.7858005597093,1854.9228365604904,1858.8343327412465,1865.7434366860273,1872.9554954896187,1870.919760431228,1862.6044366773174,1864.1432526546148,1870.51905164298,1894.7118962228253,1907.698535557274,1914.9497182798502,1925.5558818534719,1939.5124143528246,1954.618753575319,1956.613933843868,1962.6424359335308,1955.188920641972,1948.9102842955654,1946.260867507006,1963.54818429177,1995.7312309517918,2011.9868733558696,2024.9316381422832,2017.1555791891367,2032.1809591272595,2043.7796158967296,2057.71564731303,2057.2656429783437,2048.8971366362207,2067.6405693891097,2078.6948265937895,2106.531565082572,2102.7687465526656,2110.1469994385097,2109.241253366255,2118.531645924421,2127.496850666639,2140.794748853435,2143.630224450332,2150.181648448575,2150.1568404589016,2159.1106334315855,2165.4021849910223,2170.6285795484855,2181.6395423420654,2185.031519122958,2190.5592597522095,2200.4490265053223,2204.8800294274,2217.9169614115312,2208.2866733313967,2209.4614535063847,2198.4626987727597,2204.610013440477,2222.529449440458,2241.452903289295,2246.7186155246964,2238.1547185104246,2227.765796432616,2234.6282381632877,2239.532801112584,2262.6902541537356,2285.8774683533898,2308.9605501167716,2325.6925418305964,2341.4273761772733,2361.9180221279953,2369.3020577581965,2389.207777397675,2419.004253649796,2459.285551538996,2495.2308322594986,2527.115469309158,2557.7393700084053,2595.0525025069114,2613.0418432020606,2646.57189227898,2668.6421711975127,2690.079886471497,2715.2852301832318,2723.1222128903482,2747.6882093917334,2757.6573278307683,2767.983092805957,2779.7449903685506,2782.4370286293924,2788.8841269872028,2790.761282864344,2793.9801599995985,2788.0311012738603,2784.330703220611,2781.168269039025,2803.7702056172557,2823.0666465872782,2833.726331582783,2834.494756992816,2846.3444761282085,2862.0910432720607,2872.584201419432,2869.3613626405663,2880.0901465061525,2880.575484607186,2896.0344714310313,2904.4404212957047,2925.86610440455,2940.5100938502196,2949.0518611883886,2965.570443473484,2976.033898614539,2999.2640948544786,2996.7836465827327,2992.397752157479,2994.0815959454153,2998.5005425810155,3031.2252142823,3054.1533031499334,3083.3228156848127
2322,75,Hamilton County,county,OH,OH,"Cincinnati, OH-KY-IN",39,061,828.1459347752117,829.2406391434399,833.7206856278743,840.2789742704867,845.2888977922387,846.2742752426229,852.0551427436236,853.704137341053,857.409884189026,856.4152608119759,862.2868228863649,865.7532282856295,868.6114963770732,863.4839678087865,865.9195297093299,866.5120240632641,877.0842890389309,875.2497584904482,880.1362915363502,879.3186461460309,884.9172208141271,884.0779199762221,890.6026593293733,895.6506456060575,902.940455047977,905.6597971289181,908.7309368310474,917.0547351955311,925.503236950419,932.0166706334154,937.6862409561717,944.0702060290191,943.0636514717036,942.2698932067193,939.4487331727966,947.1079541957936,952.4548708188063,957.945058030514,966.6864814170572,979.3788401788063,988.1029736877643,990.78922673183,992.9895415157746,990.8945477744041,993.8113156867825,997.6308035612226,1005.7353277045606,1015.9529547013907,1016.2584992952098,1021.9660171110395,1025.2055768427783,1037.801429835872,1044.3835953085527,1051.2497925911798,1057.0826638557944,1061.4187940383517,1061.1015784131175,1061.119557436322,1065.3897675462586,1069.342814765868,1074.440179326943,1080.5029781277456,1091.9640453498635,1093.4680167062113,1098.2087227981685,1101.4144006467784,1111.614225772812,1114.981609499165,1117.3581757920524,1114.9674594361086,1119.2940676966482,1125.2889078899134,1135.1370494417517,1137.1593710366687,1142.631251884739,1154.4161482849313,1168.3525457454616,1181.3740059383513,1191.0295624982002,1207.4774090037693,1219.5277154667235,1224.411299086716,1229.03743542601,1229.6734697945285,1241.0331443482455,1249.849028951717,1267.8890598530074,1285.3980631604745,1301.8848702247749,1320.1427766456547,1335.5821174777127,1347.5451212605208,1351.8269543543333,1351.9832811282156,1352.0363834724446,1354.8993982887687,1360.695562078892,1368.3815902478584,1378.9412327968535,1387.3926276253599,1401.0625997626678,1405.468160934254,1415.647358164269,1421.1222617879523,1423.2994675038335,1432.9687166651179,1437.854985346249,1449.4395807278402,1447.849804766353,1451.3136988507838,1458.3113379127083,1466.4863820176756,1473.944700231944,1485.666285379832,1489.969989898131,1499.4630425808318,1502.8695674762494,1517.311169781736,1527.4330071517004,1521.6154910118819,1515.3358130274382,1506.079337599959,1514.779108897191
2847,76,Snohomish County,county,WA,WA,"Seattle-Tacoma-Bellevue, WA",53,061,1234.3507194039532,1244.4315792615303,1252.5064486680826,1261.3801907025752,1269.2810907241264,1284.3840479402677,1301.5714356678773,1312.1891417615973,1318.8078846271603,1313.1805571278346,1305.9439058134508,1304.3992620627107,1313.3498456497273,1337.3382219604273,1351.1056416508068,1358.145089035704,1371.4605343350543,1388.9992039994024,1410.4237208900522,1417.0511540835842,1423.0799364733214,1424.050026048327,1417.0087925650635,1405.9973479134724,1405.9923541876608,1416.8354917475426,1443.234117952215,1464.2049098723026,1486.0701478851752,1503.8817651321197,1517.6831499171487,1524.2316879852626,1524.590523557942,1517.7422015864406,1507.2590786655155,1492.2097365174247,1495.4401746139663,1506.4628221398632,1526.0048363983544,1541.3891891445014,1563.0516683708265,1580.0317615867975,1593.2261555925431,1592.5388629528354,1587.178281428708,1576.8713366504394,1577.78529017943,1579.043003686369,1580.422996511651,1589.726003448084,1599.5903397745428,1622.491872125453,1634.2505104664926,1654.7363916397644,1662.124017043142,1663.4727492525585,1655.7354688689318,1644.9874823577643,1638.1841104467344,1632.0480689993792,1638.5329574255268,1653.8836161944628,1675.8730691845212,1680.0704677579924,1678.5202814703327,1676.3454125913636,1686.1693515981483,1697.6667169455184,1707.044369056692,1713.9576783912378,1703.424127322433,1693.0968710911718,1699.542102503694,1716.7613005138062,1740.6145507248439,1748.00839908593,1771.4869199456778,1801.8592977116216,1838.325079162579,1872.0854903684562,1897.4206144094837,1907.7145460059294,1904.767065277057,1903.3229096315245,1909.735546152528,1932.4134100937754,1950.794982810409,1982.8805950819549,2012.2860138856825,2048.8241181448084,2076.916783142283,2080.248272187709,2072.585759443466,2053.1175479889453,2039.1755342590461,2022.5061342773847,2020.8675794142857,2033.5032179305329,2058.5684137965213,2078.8974791486025,2093.987926710696,2103.5394687841176,2109.250358696497,2113.8919150942747,2111.356196839601,2106.9376853938893,2093.107736219099,2091.365010459254,2090.9183560231304,2100.142109305398,2112.9942162309753,2135.8665267340916,2159.6204053168017,2177.347310058026,2190.451227647039,2199.3060888280597,2195.4973993993267,2189.3126115523637,2170.714246429243,2161.3876176741855,2155.914968363146,2166.8932720782286,2181.5412385620916
2810,77,Multnomah County,county,OR,OR,"Portland-Vancouver-Hillsboro, OR-WA",41,051,1131.7615694006795,1139.5783896420426,1160.7936231330123,1184.122988321293,1205.4851014552605,1220.6716503279133,1236.8617066693241,1246.8871533578529,1262.7442433925055,1270.0513772889133,1270.5670127979956,1262.0162311996255,1256.151977472866,1259.7797487145772,1269.1576416971743,1282.8382160860303,1296.0976700986694,1307.9986865891467,1315.9729998296584,1318.419217542341,1317.9540732104333,1314.1324282489445,1308.5635578256024,1304.7768770755008,1309.3988710756983,1322.9718479000378,1338.4574674722965,1350.8039957703907,1358.2370321130907,1365.4406086800261,1367.7339164411876,1370.9464577835554,1368.442570986185,1360.8084047363334,1352.8399135015609,1344.7383878216879,1343.9486179447995,1345.6035090281268,1358.5468419231493,1370.6563515921962,1384.588442685513,1388.944732276859,1394.0133779089206,1397.039096372078,1397.026533195929,1393.2114809006812,1391.0190960786783,1392.3995442522873,1399.4438655775891,1399.1343396568934,1405.960748520064,1410.2985999404684,1424.0417476934902,1431.4813471430598,1445.1591379777065,1447.864052072646,1448.5616946527157,1442.3717858669052,1445.7824268240154,1444.1398056750502,1446.2903643737818,1445.1338978980086,1453.3817247071352,1451.509954154049,1453.7661127087747,1454.4548718567464,1467.3246455787928,1470.4028584885518,1468.2707346144987,1451.5550666854433,1439.858290663277,1427.1804911177023,1434.450039955556,1441.5364258495417,1457.74010031104,1472.0343383362579,1493.6733262043956,1519.173068968066,1536.8917370549216,1556.7003262174562,1570.914423250207,1578.6779527489914,1579.2079829990696,1574.152072000272,1577.7637293140149,1581.8882113187424,1592.6613858145147,1605.614090237675,1624.3209276274965,1645.953530414316,1665.1998482612303,1673.4357313103667,1675.1660968855956,1666.289048206481,1658.21236076348,1653.2353110272993,1656.1385840675923,1666.883221685518,1675.7423322953448,1678.436172469455,1677.1432307999257,1670.9862608459587,1670.9836333860353,1667.3273875689022,1665.5550755957604,1659.6489089641552,1652.9701416005357,1646.1840298124698,1645.1933595177998,1652.5395130781508,1663.554073549624,1679.5549854582175,1693.3383200055166,1709.0542683275482,1717.2868511593933,1720.0934987853307,1722.6225018732468,1717.4234294355917,1713.4962023041664,1704.83940475039,1702.9454820226392,1707.3877907122535,1714.220968411346
2698,78,Fort Bend County,county,TX,TX,"Houston-The Woodlands-Sugar Land, TX",48,157,1447.9720300333715,1452.8605717087457,1459.183949728863,1469.154226108499,1478.20826279058,1488.094728971902,1493.5176425516731,1493.5045041407125,1487.20267296154,1478.3036678695294,1472.8614228451129,1465.3854507396786,1468.5450117294167,1466.1367790780866,1475.6160814587583,1470.5247510282038,1471.6017369927195,1469.0463205186122,1469.4566357919562,1472.4096048691545,1465.0252094040836,1457.1926640197564,1445.150987593869,1439.643356555222,1440.1350909328262,1446.6313410702792,1459.6499708296399,1469.6662206885699,1479.5635626037733,1481.7192657569512,1483.2629445680345,1479.1823106038069,1482.8457844591871,1486.5695259922825,1491.238285260587,1490.1145752147122,1493.6851548172854,1501.8546094037815,1506.0077312893127,1507.6174484355702,1508.237351258873,1516.2865692658006,1517.7203419646519,1516.9793676200893,1509.1982066104088,1508.4171719019403,1513.426392307735,1510.7727127165585,1510.572573720296,1508.0827673768774,1522.819227001904,1531.2832668656176,1540.182126519557,1540.4848859598906,1544.6584386580193,1542.06894791257,1543.987849932408,1545.1590042133923,1554.218872847362,1550.3845397231573,1549.8133206119035,1547.1179611947866,1552.239629460908,1547.3378460775607,1539.5374340492601,1538.9851607402952,1545.6171429640372,1556.1271396989869,1566.8529674674758,1579.4948039702122,1587.7390169883513,1590.7935221400471,1592.2421251128114,1593.4093644955883,1603.5082820189557,1619.5378190229192,1650.8313689048473,1687.745214699731,1731.9066480352312,1765.395712502318,1783.5537157011133,1789.6721874275615,1803.6950603645025,1815.0207254805812,1822.854485322651,1820.3581699780655,1816.0850820338894,1833.9183183656237,1848.579688874447,1879.9200963777666,1891.483140221001,1900.374359108907,1900.0919872549182,1896.1445625758797,1888.9962252512234,1878.8897924145137,1872.8989206461717,1878.7541826392965,1890.257610712054,1901.3904440248245,1914.6279937122247,1926.500490316381,1934.4290010457285,1933.847326963208,1932.5820754153838,1921.9225971780293,1909.595520225062,1894.6339292681375,1900.0565756606431,1909.7918945034737,1921.5171661956076,1929.3141990800427,1937.785146500316,1949.2099015117706,1963.616259073789,1968.9354401350547,1971.6295128949962,1967.7968954397882,1966.6385893653412,1960.6434609991356,1952.8691648927022,1958.4626159435875,1963.0267193542259
503,79,Essex County,county,MA,MA,"Boston-Cambridge-Newton, MA-NH",25,009,1460.568439822703,1459.9902391356284,1460.7024983558726,1476.9815959674204,1494.5928980325511,1507.2816893413017,1532.0743140488125,1543.529113160608,1567.6945115730039,1559.234395547165,1548.9004806439343,1518.8887625829336,1507.8103503967768,1517.0855692189853,1538.206295273615,1563.0255242106136,1581.3200726001185,1596.123382311198,1605.3589400407302,1608.1904293680323,1616.5740576234496,1611.7277647289059,1616.6711687066934,1608.6435771205622,1617.5732308810927,1626.0264353091,1645.0910133470113,1675.318794728541,1682.8820496852022,1699.8268366734274,1703.4013586227356,1706.9483604979914,1704.624310795018,1692.9644065098755,1697.9250432879635,1697.2380527739188,1702.869641641051,1716.6742928099898,1736.1102345950712,1760.6420858915205,1768.7666460981727,1772.7398418177688,1766.4518537806468,1763.5350409715277,1762.4763903609903,1773.4351625619147,1777.08626231631,1768.121955332518,1757.6930025048666,1774.6135377528644,1801.2481342432798,1820.3777705810826,1828.3567334690517,1834.9769950858981,1842.9095587869292,1846.897529955658,1858.3142893612403,1850.9334261877011,1836.2113717569061,1822.6585482415103,1832.9012452576053,1854.8594236790873,1874.0697097329846,1884.4436131263665,1890.7872717861467,1885.6102666986585,1899.2341019382666,1896.8498512884105,1909.882646835487,1915.7962392010984,1935.4589858991183,1945.9692139487195,1941.304487711063,1939.076087430474,1955.0665076269006,1979.9543182500795,2013.530475089284,2038.3606354351164,2065.990523434605,2080.697061107302,2093.0275222753303,2112.6720129194296,2127.176516244931,2138.8167734098943,2133.433579080068,2147.7726821420724,2163.077689453431,2193.6676724154972,2227.300896687812,2265.8854280122623,2302.5643990270387,2323.1506203704917,2321.872912186554,2311.930339750466,2294.8169576158502,2294.8817729850953,2307.1933587639223,2328.9423010779487,2352.9736862825166,2367.3024699975817,2393.012525203161,2410.837106444634,2427.2044401706485,2436.4758311710193,2440.615688260069,2422.8329724537393,2417.6417155743843,2428.2369164727925,2448.7918178038044,2453.5734485166536,2463.5823764304664,2492.3329948336605,2530.0534978351134,2562.2539684751023,2578.320626884211,2574.7639940069075,2571.244000095354,2564.0111111063675,2558.667583035067,2551.6499402186455,2562.019075454975,2581.273118084213,2591.44518108755
2045,80,Suffolk County,county,MA,MA,"Boston-Cambridge-Newton, MA-NH",25,025,2216.143433781,2246.695714408142,2275.318050692804,2290.249943895928,2301.0405220205084,2311.119581267514,2307.8152672081396,2299.020438037279,2284.266976395362,2273.666884597423,2274.953300745826,2286.0868783070537,2314.463056763266,2348.126833508416,2367.898550392649,2375.467749545232,2377.8844198971115,2387.0550793416032,2392.5761318977534,2388.5978664795402,2372.8593854808496,2358.807914153296,2343.909389531165,2352.848805738266,2386.123636574771,2429.906584233139,2460.331161435648,2467.589671461549,2470.162715926816,2472.8221069586834,2474.667962486653,2466.5766576032765,2438.836455015937,2415.9746181404594,2413.6931812948787,2451.856791988567,2488.7182856250924,2517.227041413733,2528.1047772774273,2537.157616932507,2547.6982118056894,2551.774447916556,2553.271540066631,2539.7367595689157,2519.928704478067,2509.70890409333,2510.3972051469873,2535.573640489642,2560.9599082498976,2588.714030474906,2601.580769213206,2610.7506233122576,2624.5141981715446,2635.717358979539,2646.773641784459,2638.263392397464,2629.8566798663414,2610.989503982001,2606.3081972184086,2621.221311322208,2644.9305613532615,2674.397031347707,2690.491804072768,2686.938562327691,2671.906369873843,2646.1453670304104,2617.847439349333,,,2412.1683653289083,2376.210622763631,2382.1848418437444,2426.851467564598,2481.7523367541544,2526.1772429589037,2544.4627289038235,2576.8113835953213,2611.0895667918085,2650.6331724344095,2666.7335437785778,2673.8805310440107,2686.3798653922113,2707.3175238835042,2731.1136393666025,2758.674083254486,2771.4290118095055,2794.0257521618946,2817.116535457244,2857.7887139466707,2895.113346355193,2928.654130750271,2952.391952283585,2977.7022805649094,2980.7830991360383,2982.6733591688044,2984.545481021822,2994.0051576521055,3018.5275038720765,3040.39334031168,3074.3039661734815,3100.8329398829746,3121.3829182880772,3133.9839970301387,3136.5398425679564,3132.456302196613,3134.577971757099,3156.424251303208,3174.01625530517,3187.3067833258056,3195.485364850451,3209.8692799937385,3227.0973967692826,3240.8194225679736,3255.361584360865,3252.1440124676446,3221.60650481626,3195.111494073274,3189.381980473382,3229.976183576678,3272.099769544849,3316.141123149527,3322.0092017469883,3323.5090293498106
2463,81,Oklahoma County,county,OK,OK,"Oklahoma City, OK",40,109,898.5185816419412,897.0553750395055,904.6831387763841,909.8576027018585,915.4851187630845,922.137983561286,926.1640773554079,931.275918355301,924.0581370699342,920.1800151439957,919.5754199902003,924.135413134815,926.1494522648886,924.8907509594662,922.615332374704,926.3626130997623,927.60614020647,933.5347521656344,929.2190328247872,929.2386126307945,924.6262630769173,925.4443613556462,920.3157765590117,920.6718237074471,920.3495841807958,924.2492748251819,928.8979455661014,936.3730325894873,942.8483194823953,944.9940882341263,946.1058032636479,945.0554348132976,945.4166355235733,942.1537129568446,943.1923015279342,940.7234257220229,943.377807331091,942.3212606162621,950.5760999465233,956.243806027839,963.140464700772,964.5975049847868,966.8638624941472,969.5675116166927,970.9449989668883,969.4675507354638,968.9102448806935,971.5000443551406,972.8263316591164,975.2086087014743,980.9235873205025,991.137311061317,1000.5483249499574,1005.2592970768624,1005.5288309730621,1005.0167163150907,1002.9030488884076,1003.9702270580589,1005.0226440972875,1005.3181010745013,1006.233247146515,1005.6793067190952,1011.840134506472,1016.760273658147,1026.2886501630894,1030.7618480872434,1036.4783928696831,1039.2740757919194,1041.7596666526981,1044.6440243658847,1049.1776953226606,1053.8198320064341,1054.6511817327169,1056.4964925947318,1063.126963714245,1080.5698548390556,1102.1573358608046,1123.7595775206216,1146.2952339366998,1162.9962853212432,1174.4771493384017,1174.9023383639103,1175.0072532806162,1176.3759096290516,1181.129287499293,1186.381570617242,1199.9787909490974,1216.7390086256742,1236.557031757904,1250.7338219305782,1259.8762960665135,1263.1911082327765,1259.6595676778093,1253.7671000011696,1249.8013186333778,1248.7019547937966,1249.9147077140944,1251.9917308045601,1258.3726213189539,1267.96396437306,1276.2364737592309,1281.5261426909726,1284.6470493592656,1291.5809344535571,1295.515676618941,1300.1220823304602,1299.719996397407,1299.8570918982296,1300.0921477593276,1302.0060215964322,1301.5370312895627,1303.5141271948758,1310.9254597120982,1324.9319883628448,1334.0625001427595,1341.0090145325623,1343.1873707247635,1346.7596160786952,1342.8323230054839,1343.457149175556,1345.6391342068587,1351.4891009989576,1357.3312502113597
2742,82,Jefferson County,county,KY,KY,"Louisville/Jefferson County, KY-IN",21,111,838.7991469447431,856.3334824070789,861.3938905771366,866.9873959426141,861.0230417861915,866.5597796017948,865.9731205869896,869.5340515635193,866.3231343416196,863.067996726647,860.8434625214068,866.0868061648963,868.1823529951618,873.6358007562642,875.5037399413368,884.1164686524011,892.9813654785487,900.8689395952695,905.6053237691625,905.1554540056154,904.829048891311,904.7291416695438,902.0899041094018,906.1478716285018,912.9400200524619,922.4581711589159,929.0282970130431,936.2955920500541,944.8794589731125,949.9872038260208,951.117404200073,947.9751312588628,949.7035261949702,945.905269809323,947.5825988090676,948.5787219021831,955.5716233476594,959.6265368298606,962.8173299114669,969.8873529640993,976.2294083809296,977.7864007063442,977.1914167131621,975.3980217102044,977.887296553454,977.0038472002491,980.5024286694284,980.9996815137345,984.8659305113633,987.4608762028267,993.7752770143069,1002.6418923064509,1010.6779974748379,1015.5326083921414,1014.4579233728864,1010.5136351121417,1010.0207134920449,1013.3613253359856,1013.0509147833584,1012.0637728702162,1013.1324491344501,1021.4642542078265,1029.0672208295216,1036.037093992423,1039.625346442379,1044.3190089128864,1048.8574950968086,1052.7622443714602,1057.683947433421,1058.0193072952975,1057.1587701244664,1061.0295067114323,1059.0282665685954,1066.4270238518545,1067.174091836121,1080.0581013449225,1089.1954051720181,1095.7210633762913,1107.098025656533,1116.6599407148672,1131.6381057568874,1134.6611262956949,1142.2906789107215,1147.9703376222194,1160.4721741844214,1172.425141003725,1187.0148606225655,1202.2015870012058,1213.7955681717672,1223.1342002563936,1235.7659994944781,1246.2670115472974,1252.4252110645882,1250.527276647948,1251.5974148186056,1251.9086081415169,1259.5099155043088,1265.0198667371371,1276.0656582808501,1280.6111795671202,1289.2583068643758,1293.024199223647,1299.7502270248192,1300.1848839905863,1304.096628235733,1305.301369697883,1317.4661665833796,1324.9673312558702,1336.2720325960884,1347.0659741430866,1357.7425254827267,1370.5622520306147,1372.6329400968498,1383.9751845890512,1387.5338021411421,1393.5704956960835,1392.9335083715557,1396.625416600649,1393.8048271963066,1397.5920935555755,1396.232766114091,1401.5692270725185,1404.2616224777378
3134,83,San Joaquin County,county,CA,CA,"Stockton, CA",06,077,1271.0955482374818,1281.744237282625,1295.0280414397007,1308.3767989908292,1321.4381843913814,1330.8217695727217,1338.2014155003812,1350.0838655585173,1355.501945691456,1372.7623083373203,1371.9548455713013,1379.9001944953422,1380.870559698871,1401.4483562842204,1414.1510617077072,1422.179268642306,1432.153635783175,1452.6810525261556,1471.5593549386456,1476.683918133794,1482.7588018836088,1490.3175933118441,1497.7866935223806,1503.3622716760092,1508.1940325230814,1519.2394516393556,1525.1513099494373,1545.328880813756,1559.0943277410774,1573.847820607741,1586.268445850232,1608.4034206100396,1617.7809952917912,1618.0520866096406,1602.5290561450147,1608.5200811354835,1616.3065727916528,1636.5514216565928,1656.0797411070105,1669.2580238131618,1681.5405176269385,1681.9393062987635,1692.5453859708323,1703.2902286393605,1712.0006564050946,1710.558574580974,1714.0772862381168,1713.0045427456853,1716.6141158923358,1710.7392091268957,1729.1784994016195,1742.3465211593775,1761.6286565903367,1767.822145207477,1781.92798209362,1791.9853436198473,1795.1049148176037,1800.8919277841778,1804.8195181388721,1816.1761292716055,1825.470332305436,1841.9376440513638,1850.760330466217,1852.5730317870225,1856.0744259915268,1858.07043198722,1880.259803564009,1902.596911097747,1926.631915115089,1947.8920803622075,1962.0262729497415,1992.4634069563294,2005.1630830111137,2021.36975436074,2046.4501202262281,2082.4097951759095,2129.943136411959,2163.5452301814717,2194.237781277581,2215.45170186899,2229.7883880768472,2224.8654243072974,2210.9948990290054,2217.4412917059276,2229.7332429394587,2260.651340293883,2272.5840773826403,2307.4252732775058,2313.718439837374,2325.335902967051,2317.9246629918503,2328.6948956110014,2324.9971332261107,2322.612916042947,2317.3901379083263,2311.7687527718413,2311.9037707807342,2307.7171147331414,2321.67100179305,2323.249301754253,2343.0804803379033,2357.140245747377,2378.5653188780148,2383.7344231629886,2390.5147746407274,2390.011293661336,2383.5681078455195,2375.509893432224,2380.861224708279,2396.9113075483206,2416.1056463098594,2433.6702550542864,2445.250458117961,2456.6351579173333,2457.60303496516,2465.1426118024137,2463.9255236864306,2463.391958946652,2464.7225193584127,2457.405763256453,2460.841457461086,2472.0444025816314,2477.2369366447347
135,84,Cobb County,county,GA,GA,"Atlanta-Sandy Springs-Alpharetta, GA",13,067,1035.528626319533,1039.9572948442594,1044.5858158859571,1056.626537125493,1063.2504737342135,1074.697210474522,1079.0137569775056,1089.8532956006557,1092.0030718541311,1094.3008165208632,1093.3786242600154,1094.0252043592113,1102.0726680484722,1107.0860913456772,1117.671403056723,1117.88889762387,1125.9984164629684,1131.3274410206611,1142.4746848208679,1151.7589782311359,1153.531577261128,1152.8096071361997,1147.384332844493,1146.9003922078853,1149.5785159736877,1157.3912639883617,1170.3145397645683,1183.1716012473703,1198.7441453223635,1209.3797368404305,1214.9894383763306,1216.5702791540975,1222.2728711701252,1222.055198410023,1225.8351695338772,1222.839537349924,1233.062181294687,1236.9748166561028,1254.393567029239,1265.4710587711186,1277.192996786742,1278.6816821850675,1280.7687020166709,1286.7539497201922,1291.5396603820063,1295.3398065875713,1294.8795567218992,1293.5742204730436,1300.564291542415,1308.7125085231685,1323.6365323709008,1333.5022041317636,1342.1194008441685,1347.319314360648,1351.6345229150982,1358.0287688822377,1361.245527818874,1357.171059448624,1350.7977863641804,1347.552292247758,1353.943661464622,1365.22065207236,1374.4000151218358,1374.497156495463,1368.388865762434,1373.2602608043278,1387.7288548230165,1412.158219301275,1424.7262057162989,1435.5364127889213,1438.2718642744062,1446.3199742354293,1459.090790653165,1472.5544473012967,1491.245249667888,1511.5230173756138,1545.4270801590258,1586.822306136666,1639.1438074187713,1688.13505293785,1720.9093705156668,1734.9734462207618,1742.453877185783,1753.4751759113155,1752.4680368728434,1749.1465924719037,1746.0752954674842,1754.2522823958686,1779.5952048083122,1808.2454298439363,1841.668701183867,1844.6241352666964,1841.0329635312933,1825.2345763785697,1815.4992999077674,1809.4005973538972,1804.4555020258829,1806.8405265562742,1819.4939981528883,1828.3735304956672,1838.33605647907,1833.1690088834982,1842.7523737794093,1842.2360239911554,1840.7618324399543,1828.231470739129,1815.9228724815844,1800.6395575815854,1799.5205203212925,1805.238079599429,1823.398498628305,1830.639150712915,1838.5680734306047,1843.2977054892353,1852.8476358255853,1864.176131103945,1875.755800307101,1875.076802633225,1860.7583068333117,1838.946432059205,1833.3894736192478,1843.2410432983359,1848.1850644251706
2842,85,San Mateo County,county,CA,CA,"San Francisco-Oakland-Berkeley, CA",06,081,2573.4273403184284,2571.407811699437,2611.4793341199033,2655.23708149142,2703.4161580427817,2734.757982343482,2767.0852732400426,2792.7834887123586,2820.268390977591,2806.593131543861,2788.410068645125,2781.761777708863,2781.1551035028992,2809.1272889223023,2830.0444575004713,2867.929492967041,2861.5262413521486,2865.2883474006403,2852.3854279262487,2875.7240604090034,2854.7370729630047,2870.4788575198168,2857.1919873265047,2851.4854119014976,2847.40119666523,2856.4322005415474,2885.8384288157163,2904.7692625697478,2924.7140273109644,2942.53983351793,2950.7826860372684,2957.8125116158226,2955.315134779606,2949.374404316462,2932.1192001833547,2927.8566359966667,2936.3833481812426,2949.54920009567,2952.866567022329,2973.0797018675994,2997.7423337956816,3043.6438637425003,3062.7148259678283,3073.5348072496236,3061.735027051706,3046.923094571602,3041.443884553679,3033.268208963263,3045.9616932168697,3050.081212551531,3071.729796481102,3089.7300019387258,3108.8781118064053,3124.8311131454525,3143.522573673423,3153.247564591194,3150.247991223953,3129.445569478785,3123.8805330367804,3119.174775648685,3133.8160343078334,3135.348286631724,3157.3951216513565,3150.9278398892943,3145.228487496175,3113.7627356014405,3080.921645416921,3038.116469541614,2993.1139040806397,2947.8507123786444,2902.6409268026296,2869.032682393256,2846.559815168483,2840.0503102279017,2845.091809610981,2866.7189769484453,2902.7545300464126,2945.354717203185,2995.1083302691122,3038.1110916050543,3056.734132185516,3049.8980751174445,3036.867358229142,3034.949970586401,3060.357577553757,3093.9534272553424,3138.1382323355915,3160.073446899455,3197.246454862749,3220.662583533021,3245.3167456720166,3242.778645752512,3235.4989890452343,3209.018883521097,3171.538270890517,3143.940737588344,3141.240359778232,3170.963203332802,3192.6966789996686,3207.644889067695,3220.0200593852255,3243.5129110800326,3256.2596349555724,3260.2239294044844,3239.2386820706206,3232.2741691122255,3204.437063911918,3196.8201676496587,3196.6836683004117,3218.4145828256515,3241.3498893985457,3275.7599569242257,3304.9644185397447,3336.323482094942,3352.396650827683,3367.0902518850908,3363.6641126731097,3340.0973132535773,3327.560345977512,3308.1216749075456,3338.8946037773376,3354.034233305021,3397.490029623368
984,86,Dekalb County,county,GA,GA,"Atlanta-Sandy Springs-Alpharetta, GA",13,089,960.1660231872086,964.9226153566041,966.8237089779157,974.5947823122085,983.3925669197953,992.0758412605023,1000.8479147419364,1002.3978134634148,1004.2519758769308,999.8710063646828,1003.7805350483873,1005.0567142144814,1011.8549485467514,1018.1585283874331,1029.4971821989345,1038.8924762844701,1047.348330962559,1053.1978238893864,1061.4063486096338,1063.943488204853,1065.511047537985,1068.6311416781818,1074.914865568892,1078.4866518093527,1082.907269480187,1090.7962097107468,1104.0215422713623,1115.1843863212434,1124.5011583555374,1133.7921832835884,1142.9997394101786,1145.841458735575,1148.0156293322111,1146.9232596432014,1150.6977576279176,1154.8694325722388,1159.442578075945,1164.9497755906955,1172.903102260071,1187.818212588941,1199.9983136650728,1212.038530418778,1214.3646810170771,1215.9383825473358,1213.598443715945,1221.4380073564178,1230.5202781551645,1237.0426522611128,1240.4460788556785,1248.293349406507,1261.8412637576475,1273.9182971743746,1284.4544077181895,1292.6282690197372,1300.8061343659974,1306.200090294497,1304.926989654647,1304.4763657661551,1299.7675598607414,1305.2202220322247,1307.8976032739818,1318.1948971471172,1326.286385797989,1336.6998558238176,1339.951277012235,1345.8898658063729,1357.4278965259714,1368.6939583811607,1373.4550711999907,1376.1449242346453,1383.011084555909,1390.052333165682,1395.5423846081949,1406.0594124640104,1424.6461988181934,1449.4820748663603,1479.0077822914855,1522.1800839767652,1568.904414769022,1613.0934605003038,1637.79041760956,1657.9829994378242,1664.0175351393318,1670.2859416875608,1672.8254086926113,1683.0576102937282,1695.872056238279,1708.006921166718,1724.7865372899103,1739.0325069330775,1754.3033671761777,1767.42614790604,1774.601074924397,1767.8220931938276,1753.7763905217444,1744.6962512203534,1744.4284418456377,1750.000436024882,1756.5598506287522,1762.1267136960375,1767.1355435273135,1768.7656187952957,1772.5602291375017,1770.018648464568,1761.8680804665007,1747.1935120161531,1734.0345069718144,1729.7016623741613,1730.2209737440817,1736.1928983785142,1746.6076601400032,1755.0245179881247,1764.966179625121,1768.8569953350952,1773.5727969818217,1773.5347533192066,1782.6105360400932,1785.1408627952424,1777.4048745802643,1765.773977654176,1769.5784451009936,1787.7042230385669,1791.904787805189
1223,87,Monroe County,county,NY,NY,"Rochester, NY",36,055,909.6549645628418,905.1124596155679,910.7106869952268,913.8036636750752,923.4397715162319,935.0398707036783,935.821005696552,928.8777086346574,920.7815881621191,928.7977751015167,936.1853625306254,934.2168960687511,931.5760447762474,937.8318244061383,954.1519946777963,952.5836590457137,958.4969871645901,960.1769761867877,963.98619394623,963.8531972030607,962.5060425189829,963.3548970259554,962.0782303816337,955.7726889126743,958.0908892191846,967.1874321522321,975.7605608429593,983.0066390543855,981.660998728003,989.457265108628,992.928394909575,998.9207717135143,998.0220732812036,995.5258988542289,993.8231521907593,989.7422770192029,1000.292675209284,1006.5669573710593,1019.3029574660976,1020.8495386117062,1025.3471561766346,1027.220563972181,1030.2616718995512,1034.1423796471186,1033.1770754240242,1029.0150178048605,1023.0550056904044,1024.4827214295406,1026.7761731444757,1033.889621780701,1041.1746654226204,1054.2837117987563,1062.2579862431207,1070.2727386842623,1069.8478721281076,1069.9277684462202,1066.1367009619385,1063.4759208772914,1062.6106007663727,1062.4408268074803,1066.6642677774607,1072.1840349448257,1082.2457604662009,1085.9540683039259,1089.842382067951,1095.2614753105026,1103.8863845321712,1110.336591937841,1118.3434188632807,1121.7180520130958,1126.2601865782408,1135.4169337645826,1138.5479107540714,1145.9849152862787,1151.6155059235446,1170.825870473782,1190.3839931289665,1204.22728735336,1217.4360499469574,1230.0881143804522,1231.9178293153402,1237.7841340968675,1236.670778649918,1239.2267649303044,1237.2251369003584,1253.6189094368297,1279.786010836971,1308.0959336427293,1331.5693498762305,1348.80722282443,1359.039297806558,1352.468636407379,1345.2335221575083,1335.3152178618686,1334.594975477018,1332.9510803203984,1345.4481108069247,1352.5345075403045,1365.6664238613641,1379.3081477170163,1395.6327434122763,1408.955696302775,1414.1357412032758,1415.021440395894,1418.0044319853073,1421.2780762392392,1425.327547480575,1427.9641426872743,1428.7985050379505,1443.221670846877,1451.08816715221,1464.1264329494018,1465.2238145395534,1476.2815460545082,1481.0152813474117,1482.20538773669,1476.6141414212043,1476.7788789620686,1486.4450301896504,1499.0354112468788,1520.2899324467026,1529.8306830337588,1543.3475138418535
80,88,Lee County,county,FL,FL,"Cape Coral-Fort Myers, FL",12,071,1022.8790157384411,1031.2952041734395,1038.497701105983,1052.6966493772186,1063.9872922267873,1076.2886916507275,1085.7551274672028,1091.927907112947,1107.8133738707443,1114.3605223854559,1134.710243749408,1135.1682487360138,1146.5118195053774,1139.7443147803533,1146.1645872688352,1150.623046217536,1156.1407880285317,1157.7483863274056,1162.2031800261698,1170.2843323141979,1178.6052459677244,1180.1945276526149,1185.4130207761516,1188.828052049101,1198.5996128177624,1203.448507904149,1209.7864502010627,1210.5864063173008,1211.2464879974505,1213.1207809170342,1216.6091607218937,1221.9326874530918,1227.7720530546685,1235.18157232891,1244.4973273517503,1250.0864626464202,1258.1561683437913,1267.6287831946804,1271.0739562356173,1268.9808713596694,1264.736446679117,1266.8573601613577,1272.3566249014573,1286.2476176874234,1290.2509369435609,1297.6332328289009,1292.8441656576326,1297.4777996358735,1302.7708431224355,1307.4751428866691,1308.9014488601176,1310.9938156817218,1312.439671896026,1319.8198952804569,1321.894310899859,1324.5433364101186,1326.7397389016278,1332.4073505188505,1343.1571203806777,1346.824322469416,1351.4369483044586,1353.43522107823,1356.515925248185,1349.4621103895913,1350.5316338005366,1358.1528681589457,1376.349290229468,1391.6456198152125,1405.6792029025953,1422.2472732380654,1433.5914864167855,1447.53944332218,1452.4426079264072,1457.9200994549105,1472.9470715587483,1492.5908078466405,1523.1997620709922,1556.6030714445394,1604.733910493255,1671.0916016567612,1726.7609626987894,1765.572299496423,1804.8752128706894,1849.9801891955528,1886.1570626149153,1893.886653741922,1892.265985208743,1918.409870829072,1957.1016958931857,1980.4388869927573,1998.206694280331,1999.0731619786948,2016.183288750653,2053.8226060548677,2098.4613890946844,2134.638367046631,2136.451698492661,2133.697949589109,2145.3645412847472,2140.756688201041,2129.649882445057,2110.285876304397,2103.44077533681,2108.061161162105,2108.413242918508,2111.4355983739933,2105.7638398789936,2108.0674709983305,2097.969843922675,2090.9509828107953,2080.5799695012784,2071.8938841198506,2064.858729763694,2058.326286251855,2061.5183841361422,2073.155009805431,2085.8791442634197,2084.134387885105,2070.2183692264725,2059.6544050359535,2054.540092818551,2047.9253264509837,2044.2447505696953
1689,89,El Paso County,county,CO,CO,"Colorado Springs, CO",08,041,1038.0565466118624,1045.155647684125,1049.904229561863,1055.2295840852946,1064.2055654713438,1070.8085280938526,1078.8183802015562,1083.054904006142,1084.8859488945584,1088.5425343485367,1090.6172848649874,1092.4573388627898,1093.9651516413992,1096.3178099231386,1104.858337432118,1119.334304158308,1130.282945268764,1143.5535992611497,1145.6004788687562,1155.4159394355836,1157.6914975322582,1163.8372445131215,1160.747372616541,1160.4594566121514,1163.7967567890114,1177.0227957225954,1193.4554369888867,1207.8906030134867,1216.4123486206308,1223.8996740397597,1226.1807318220012,1235.2429964960022,1240.2645168870029,1243.5647075016273,1241.7454961338483,1246.252500125925,1259.3178943749406,1268.3586350786481,1277.3622447786129,1283.9707688440271,1293.9403845569977,1296.5581699348409,1301.169026451244,1303.5868924855706,1305.0382643430348,1303.350318591176,1305.9112849022354,1310.5306573769617,1322.2148824684089,1334.4430020887005,1345.9562766274285,1352.8260460937342,1357.6727952922681,1365.8434903513805,1369.0730488789827,1375.2711350145537,1377.199834898393,1383.7927490992668,1380.3754285917764,1385.9010504741307,1393.7514447210694,1407.534568711822,1416.2489818198626,1417.0208324123303,1416.3768740600485,1422.9518581908333,1434.0795769103122,1450.3910500606805,1459.5307105036275,1467.1974220735801,1471.7713665549581,1476.9516259302998,1483.022891008955,1498.338485498156,1517.5625207215699,1544.880454552148,1570.7906791011735,1602.693507657573,1635.5215944678077,1662.550238400776,1672.9288661026644,1670.1751748044073,1671.026114298543,1675.9390428415225,1684.1522385046994,1692.2070381231315,1706.8471909772775,1726.773190846596,1747.7892544764888,1766.6239411177705,1782.2340192685976,1784.7156389327833,1778.8358331553716,1768.4987284043982,1757.2131919621752,1754.9632436784618,1756.147930831018,1768.737258284642,1781.5529999054613,1791.8958605735263,1799.0354394403885,1801.5351344729474,1804.649774387492,1804.2722318680144,1807.06441378119,1802.8522299946028,1800.5407880782207,1795.610438670967,1797.003879593336,1801.2127018836118,1807.4465269678415,1815.3740907096478,1829.3761427416619,1840.8551457961646,1852.0116487286907,1849.9512492930344,1847.7310016444176,1840.4491030492586,1833.3308632953213,1826.2889243315356,1822.96474826101,1823.4042012579039,1824.8528563954358
1948,90,Norfolk County,county,MA,MA,"Boston-Cambridge-Newton, MA-NH",25,021,1978.8503332971168,1994.2506011973935,2014.6501988305633,2030.1786643838188,2035.8021949040053,2057.047528456611,2053.6285651221992,2043.9446738543768,2033.9143038292693,2035.4583540831256,2040.0662033119552,2036.1627216302472,2036.7330030557991,2064.353815604045,2080.9772630483167,2090.5617362083985,2099.2699133131696,2106.0838434644306,2122.4981751953173,2119.0868780537858,2103.415819368226,2092.2301181605435,2075.0342986117676,2079.6410075354656,2090.631161968897,2124.9837938222013,2152.855996054433,2166.701746694136,2164.2876859434928,2179.0634887702063,2181.404013639341,2178.8436472454882,2168.8981923286387,2155.1143898873484,2169.0667347569306,2173.0467906085155,2200.4344494805896,2203.5433981495576,2224.1031270498565,2227.9519006229943,2248.0779646537594,2251.260683426074,2266.289647923169,2255.7921647788567,2241.6873761046145,2221.4847591451817,2225.2762115174773,2241.3928540190345,2271.1003934678333,2292.379281680137,2306.0020356325567,2303.5863233591867,2307.881832423563,2314.78206231153,2323.18683212243,2321.243667199336,2315.464286805052,2314.1714362467383,2328.3514489174017,2343.2043014226524,2371.5078203772,2376.8733798166404,2386.5925868921117,2361.4037029294377,2351.832044993641,2343.8133377775375,2345.4015501065255,2319.0722830498007,2271.844723789504,2224.1104276250167,2227.7294795742628,2232.7171511208176,2266.823983983249,2269.8901513997816,2283.5807522080354,2293.0109689376463,2319.1821535858876,2364.7857513901927,2400.5963818166506,2430.2673112669377,2456.3210606336274,2482.1850041407415,2507.401173346753,2510.4831006208283,2515.690553597248,2516.5163337830672,2543.7119333102273,2579.433265362594,2620.4982375650834,2654.6096565937023,2680.124740318489,2702.34887089603,2711.4833905508626,2707.8609094631324,2700.7625886513138,2692.3859593324405,2698.037213850569,2714.526367721867,2744.4095730591657,2777.384842561545,2809.055428321189,2837.0907733764147,2855.600215147161,2850.632922183605,2858.605094921195,2837.1705392825843,2838.189440928028,2833.189209564979,2865.034707672009,2883.5935855412895,2902.335737635107,2918.7081595552963,2954.4168694842133,2977.920407776223,2997.3507909623745,2988.2840631569416,2977.678785387247,2960.4238293464396,2971.8883572053205,2972.6778792284504,2980.8137283749115,2975.0173100356237,2998.008584697704
220,91,Lake County,county,IL,IL,"Chicago-Naperville-Elgin, IL-IN-WI",17,097,1277.9782467652606,1283.515251963944,1293.0257203814085,1310.285761899334,1312.3333406048735,1314.330468094584,1309.616766445224,1312.47538633105,1311.5849707201933,1309.5756675130785,1312.9982374245983,1310.832745682751,1318.8754648208997,1317.6891586479048,1324.4175776485251,1327.7888260434852,1338.233370779422,1342.5764024972912,1346.1064804543234,1342.5734722292354,1335.1042242416715,1326.5020588415186,1323.2520695857045,1317.8702012413446,1326.9052268375167,1333.3480228698131,1354.1435262132395,1364.9873318010855,1377.5103811860688,1380.9461291838727,1380.862726484703,1374.536916214847,1373.4046613091243,1367.8848446926816,1370.8369305900958,1370.1167493104392,1382.202124981286,1390.0234791711298,1401.9946739666104,1404.6435263392232,1407.2458296392772,1410.5606312598572,1411.7059479488353,1413.140745664036,1412.865341582496,1412.217596341077,1416.4164846707815,1414.7579993546422,1418.8880605142347,1422.6709264997971,1426.2184759634301,1435.668260873105,1440.434035473974,1448.8329311664077,1452.749762736997,1452.0096743422005,1450.5462566568347,1441.3511945977048,1441.0472236236112,1446.5455942004749,1454.9211075665773,1467.2680254981904,1476.8016774241485,1481.5338809139375,1475.7820432572964,1474.7249679074994,1476.8578507606471,1482.2554595336949,1482.0405567425464,1485.6840970934622,1488.5840536776745,1492.7162451044762,1491.0265015773336,1496.4410913888798,1507.4497162022926,1536.2818534329695,1558.0861424091795,1577.6870403916103,1591.1990457205095,1612.934878806572,1628.2328305722704,1635.3571266364975,1636.5537946351863,1641.866702411026,1644.5554999046349,1653.7262593361047,1678.0361086723397,1714.3194794660928,1753.94383562866,1774.3818929934714,1789.1711939307772,1789.839736127422,1788.2387894542087,1792.4356756110951,1784.644033335926,1785.180797857154,1787.6655349062455,1810.4763493773532,1828.0891897536098,1839.4205938116988,1847.5613299008526,1857.624661534989,1876.465103085277,1892.54928328122,1906.5173019190295,1893.6301028123514,1893.1730564828538,1895.6759699083223,1908.2616464056923,1913.2409791135958,1922.508696291925,1939.0477309524758,1954.9915547469095,1971.6353639552176,1989.080214184736,2001.851281674287,2010.8965266196803,2015.7666627209462,2018.1588623878552,2002.4660892779395,2006.5513909876454,2016.0225042101904,2048.128795767463
1804,92,Jackson County,county,MO,MO,"Kansas City, MO-KS",29,095,824.9989768853226,827.1533796251167,836.3546345870599,838.8603049598337,844.1054112566766,847.1597987271427,853.2927217937877,854.7662289638491,854.7906554310875,853.1595293325427,854.0878707716538,851.7409679652137,854.2985054515524,858.2293594515312,869.8227771985282,875.8457833386583,877.4406482783421,876.8802748637078,881.1427685528773,886.8735629043049,889.4912938303346,891.63799490729,890.7276149568366,892.59300960764,892.6421996235993,899.2334311132399,904.2078336246411,912.4317164251613,917.627286733834,918.5937158028551,922.0695813747126,924.5471293902452,929.5481243859118,928.940424895505,933.2879700777767,935.5945022262437,938.4343509005234,939.7209430075208,944.8189449515257,949.8727489904668,954.0992444791062,960.3347817808142,962.7444193310611,965.2776942799493,966.870248015946,966.6426898652793,968.0640284829077,967.9522169045291,974.0934427464013,980.0645036859505,986.2832045462239,994.02824342596,999.4633229714893,1007.1133289735166,1012.5796487908309,1012.73438039405,1008.0220317669322,1002.6679604315218,1003.550343201324,1009.5205250175162,1014.1453640137736,1019.4532209317861,1028.7109202498518,1038.7286078618613,1050.045555933986,1058.6183081725412,1065.2030163619095,1069.243372827051,1068.0668080962862,1070.4205717161983,1070.4407819910125,1065.6978107484158,1071.9490835321963,1080.9032681991716,1096.473255453686,1108.3543916703534,1121.9835242733795,1140.5826653090626,1152.8918139889124,1160.6404368351364,1165.846522433934,1170.4132823932127,1173.625917894278,1179.890287535291,1185.571820640026,1196.4151849238754,1202.1822394695148,1214.0998070644682,1226.1662556439253,1242.5603293023412,1257.7896205284428,1268.8295133126887,1274.9108109917274,1271.750521314115,1272.236583253821,1273.3263413239895,1278.7542439610581,1282.1815581412725,1290.115249302453,1300.2579853634013,1310.3043406996494,1318.365296733365,1325.2140440850274,1334.2305533157041,1332.9341051711485,1339.347880377958,1339.839461701468,1351.3832615759936,1354.4735249222592,1360.7862619694365,1366.5315516153958,1369.3228601179878,1380.9239449589782,1389.446571989508,1398.561135911093,1402.5489867135038,1406.1261376945745,1406.577344172108,1406.2618304510588,1404.1762251483403,1415.4893195469294,1423.2255334624065,1435.1346278520193
285,93,Polk County,county,FL,FL,"Lakeland-Winter Haven, FL",12,105,1008.8852508391665,1009.6840270999716,1017.8318895650365,1030.5182644290742,1042.5891192994222,1046.7484531933255,1050.8774503013208,1050.639871105731,1048.9657264333848,1051.0796297293498,1056.5042267760134,1058.7147382576502,1063.5144396392373,1065.3781187943405,1071.738438263879,1079.36749108805,1087.0185230402656,1094.3191712007938,1096.2911413196684,1100.2997517472927,1105.2943198786313,1104.3211188865034,1103.5337296372356,1103.151032241093,1109.6380257842422,1116.5969828162288,1126.5712769295806,1134.967813239491,1148.091180544492,1154.2917223797845,1156.467427073296,1153.4859272832261,1154.4153860919657,1159.0454083687775,1165.0789734853795,1167.8972071463174,1170.6416977942933,1177.1624578761357,1191.4662008815055,1205.8223550146774,1217.440922165213,1224.4126908268831,1231.560512003259,1234.5722760092706,1236.4267252751247,1237.1355442660604,1239.6824794803883,1246.2912132516556,1253.1079798907138,1261.4357966326684,1270.9091021573795,1277.6706319646837,1283.238396449554,1288.7966653855851,1293.3654565403785,1301.8133950472054,1305.7093506438255,1311.7082650811176,1309.2198706466263,1310.1403259047966,1315.5456952853783,1322.6747099127113,1327.688560632051,1349.2577986687365,1354.5544497334784,1352.183525335022,1343.6644102256585,1359.2220384530112,1384.9821454029454,1396.3157459836655,1404.5715032140058,1405.4199810495247,1412.1445938263769,1411.9860687289026,1426.8372376595382,1448.68595793319,1482.1608937277995,1519.6930735625872,1558.9127757859503,1595.9458485036528,1625.6342881152336,1649.866635437135,1668.9775209290772,1678.509473861788,1686.7086201687073,1695.449557316049,1719.9489156391853,1743.9763594829358,1774.0304530964884,1796.0456326586648,1815.890250641671,1820.7667997328626,1814.739842978141,1809.4730082862027,1811.5466031566937,1813.4105946087902,1815.1287632288695,1816.218319952147,1825.669767442754,1831.1088982919312,1837.927480604261,1845.4007594532236,1850.2705235162753,1857.5941962679149,1849.7063785692544,1841.1986726062705,1832.1060720404264,1835.8386533840064,1842.7312851470922,1851.938408312953,1860.4213794195762,1870.96793673903,1873.8005202139402,1872.2881399619391,1872.547965452983,1876.0589186406485,1874.6293709100105,1864.6870908789099,1861.1627621810562,1863.9693612961426,1872.3144933949702,1879.6541924221783,1886.9555475053469
1106,94,Hudson County,county,NJ,NJ,"New York-Newark-Jersey City, NY-NJ-PA",34,017,2000.4949206514796,2014.2639216236369,2032.5837437397308,2045.1194986866158,2059.1841936692167,2063.5447214931373,2085.7913584552557,2091.592806448252,2107.645437917395,2103.1451981443083,2107.5164792811443,2100.652800436787,2101.9639570493027,2112.6598595876035,2115.0685615901,2134.2731557546713,2141.882191458508,2162.119844731484,2165.0640645928966,2170.776070336977,2178.9464122869263,2183.52306709128,2185.2422524609005,2184.110805326571,2187.1783966541752,2191.401281823952,2197.1986130753107,2206.3305410862577,2217.991706949531,2229.5121080270733,2239.523661809453,2243.5920137333537,2248.640804137296,2250.437095820525,2256.5066368377443,2258.4670307058536,2256.6674774814674,2256.241940136861,2256.6750632109793,2269.9909883066166,2285.7173015078474,2300.8163409856124,2311.090368140475,2316.7886046670865,2318.901248493836,2318.2805154479397,2320.683140736435,2316.900763622837,2319.1013190482095,2317.540087377906,2327.050527564758,2338.089444497778,2352.3488218191424,2369.733935373895,2379.5559548955157,2387.9161410635984,2389.96906183538,2388.4338608311377,2388.023888831382,2386.2718142753984,2394.6165176159393,2402.066760444343,2408.6182111706808,2395.1665211926443,2379.9172202009013,2367.0726064680107,,,2326.581519153299,2300.9162542518125,2274.8942242628814,2259.9287650988244,2258.1783462139865,2265.271323322858,2269.9625015860365,2284.8475537309796,2310.596556813917,2345.77141670315,2378.3029744773144,2414.850727030417,2444.79691906915,2478.3143314180375,2501.1978795655873,2522.6184155629826,2532.8914310523332,2549.4705759068415,2579.387405974506,2625.679363527164,2679.4248074240577,2738.232293112588,2791.1848137780567,2825.7592474829485,2830.222503800653,2827.599648617149,2814.1592034893315,2801.971548854897,2793.139968040181,2802.3307339000294,2831.30977370102,2871.5856274859575,2911.8529869088825,2941.2636529527194,2957.6245916108633,2970.132429359777,2976.9240207301705,2968.814398916071,2957.7562691344096,2933.789502937748,2931.729172334647,2932.2069211642697,2958.0711594699214,2985.763402368126,3011.3141752149772,3037.788291861109,3041.8627250973577,3051.879820568405,3055.7718907436874,3063.3789482049706,3066.4908421914065,3055.149695613843,3055.692650461909,3067.543405665935,3089.746901324526
2243,95,Davidson County,county,TN,TN,"Nashville-Davidson--Murfreesboro--Franklin, TN",47,037,1158.4692345463272,1166.4759738979646,1183.1156131700952,1189.9739664394933,1202.744145785265,1214.4775175152206,1231.6913333694843,1237.6566923436274,1235.3836697089757,1236.0904493258854,1229.6710815449228,1234.1781246000774,1242.0316719048737,1254.9260954138058,1264.7601061717676,1265.8650541316579,1277.7178754183738,1291.5341852919312,1301.129485563062,1308.4692432267773,1306.5810457852867,1303.3141301705186,1291.560801118104,1289.9646780376072,1302.1547990423664,1316.2694115314816,1337.2261278339092,1343.6048915904516,1353.0310417772534,1351.0722648594055,1356.3956847006648,1360.637561094482,1359.4526433804315,1350.896217850489,1340.4347208123575,1339.9433771018498,1352.5522469144685,1360.048992279702,1363.294500460647,1364.1329575567136,1372.9716242024092,1385.0652035156309,1390.8953885974063,1393.8786411049518,1384.4454643752629,1389.0722151651185,1382.0960043771865,1386.6768017119398,1379.1013791191106,1387.1137154624378,1400.5364668210814,1413.4563082908257,1431.1222260946,1439.2683825400322,1451.3017426660413,1453.7621314808766,1452.0110638838257,1443.1924860329798,1441.0462390894584,1446.5631853741677,1454.0714406952895,1457.2495016189393,1462.5108491377669,1467.170310408796,1473.096589521159,1474.7130223905413,1477.8690441683577,1478.656754552043,1469.362925482918,1464.2506894264702,1451.9034230790799,1454.0666680187007,1453.6759713065178,1464.6868723266407,1476.712132596417,1499.3500306599644,1532.5195997129117,1567.2956665832298,1606.8768070811307,1639.8565721056332,1670.7192350685261,1689.314173857207,1699.7716547270486,1712.074685272068,1723.433304661597,1744.6185709437998,1759.2806813430275,1778.5493775886473,1799.9087011439901,1828.0250331981013,1846.7131045000651,1849.9498041115442,1837.020250071131,1821.660557218264,1812.889589901528,1812.8607140580048,1816.9851463425578,1821.2127272248267,1828.6072667686594,1836.5363044902106,1847.8219890250919,1849.9019268533873,1851.8971485468312,1843.1724084191223,1836.0950559976861,1821.9381205038005,1807.022161331526,1798.3326776154734,1799.3473420919881,1806.0437269164715,1817.8819897110147,1828.4155452130888,1847.00868559513,1862.1185489252243,1869.915306841022,1868.2662730690895,1857.1524228758285,1842.3911742541109,1832.006176903825,1826.4183244974158,1829.7918719140478,1835.2392138116477,1845.3924559827472
989,96,Denver County,county,CO,CO,"Denver-Aurora-Lakewood, CO",08,031,1281.1061533492316,1295.6075263491068,1315.0139193139646,1333.6551538197912,1352.3500792301663,1366.4007977568158,1374.3866786186225,1376.4030160604468,1373.3155670314181,1371.9189476866568,1374.5169929572269,1379.9143104297325,1393.626554525898,1396.046632517845,1400.0410498081503,1398.568133021585,1415.2678973631232,1431.0617642341067,1439.26878123848,1442.109616998421,1434.891692714642,1424.011444372773,1409.688282891432,1405.3427757385377,1412.826403434754,1425.080316386602,1438.876499526187,1454.1022435569066,1473.5098005695313,1485.8792339313793,1492.7315324382582,1490.298029972379,1482.319691758959,1477.1745581861087,1471.9265028096713,1481.9656110963738,1485.8969241873258,1499.791814971575,1505.8885962959953,1518.1399921922148,1525.4400657921776,1536.610062345362,1543.459171890383,1546.5014899887562,1540.6215967228434,1535.2730057484066,1535.4619226005511,1540.470584070454,1549.0010077221675,1556.5765437289017,1565.997313527727,1576.6619250438491,1590.6656439030016,1600.9107316318664,1608.1381914330482,1605.770057628208,1600.2359939730122,1591.9648959488838,1590.5364510327631,1592.639688743774,1601.0864876908802,1608.333644561812,1615.583671639938,1607.8847135841372,1599.2179115011536,1593.1014631288306,1597.6872263711248,1596.8090693428871,1590.608431129769,1576.4684332411762,1561.9942081736788,1553.5247417521446,1559.994701399457,1575.147981204752,1594.820839151036,1618.4409046986932,1650.8028185340675,1687.8758495397217,1722.467162906309,1751.6437062207256,1772.041258208719,1779.5590827761193,1783.062206260162,1783.1771699528058,1791.6889031529984,1802.0328276061693,1820.997680325422,1843.1393000399871,1867.1342412591223,1886.8325152963714,1902.6434195166828,1904.6886199572173,1899.722552866152,1883.7240860922457,1868.5997314350384,1855.3569057511618,1857.1717289863132,1869.2740311926445,1892.5511327105382,1907.6143056786384,1921.8800125704602,1930.0871919715175,1936.2776561796873,1937.6289010179198,1932.920944911913,1922.149621861231,1909.3361976410151,1893.0680291912538,1897.3035466013735,1905.2638494698206,1926.713276249156,1938.3053809869232,1952.2716187904077,1959.3231661174498,1965.33610548991,1962.4128219944866,1951.4703661751637,1926.368681545598,1906.1507618921964,1884.2047478567622,1877.4422501179533,1875.3460098226078,1891.1668085089732
330,97,Will County,county,IL,IL,"Chicago-Naperville-Elgin, IL-IN-WI",17,197,1340.1712056274482,1342.621284803567,1344.7076649626504,1355.0294080334402,1361.9643434271165,1374.679141503541,1381.411720778423,1382.5050830882742,1383.0603899407388,1376.6704769239188,1375.64519553086,1377.652862514251,1378.0688902508177,1378.6999158221317,1386.3935849357717,1394.894788089439,1403.442085686427,1405.7424012523472,1404.7630316295056,1408.5712299995448,1403.31624594443,1404.8561378051745,1398.6019272635917,1401.7201716693,1404.3069909056294,1412.042429291687,1422.6851207885056,1433.6215769085418,1448.667795413585,1452.0189836290053,1453.1628296904803,1449.0575100686663,1455.3531646693193,1449.4958810819799,1449.2163300524649,1441.8303896348755,1450.6949231683955,1454.1378284458458,1469.1944150252862,1476.1200006286228,1485.9947056205428,1486.4958165619025,1488.5629997317649,1489.4722280530634,1485.0979623112273,1486.2867305129269,1485.9119071968012,1486.1736010040775,1495.4843848593734,1496.7559433045599,1512.5031998754148,1512.7505333998627,1524.5459955466797,1530.118736739377,1538.3458642474448,1535.5297562036646,1533.767353922995,1531.260147063468,1536.6079643190592,1539.3081825121308,1558.774131878171,1563.7110219724314,1571.1162191172946,1564.258361662574,1564.8611804529646,1565.705217961223,1569.797516683372,1585.6043813907568,1590.3508089390239,1589.1729300865961,1586.4179301408744,1587.059632552589,1606.9090556393232,1626.4503567355714,1648.593248877785,1664.5752582495343,1682.6694466414103,1708.0730296070383,1729.8938829334768,1751.7339578366812,1769.955832822517,1765.5234341171686,1768.881411735107,1770.664450090763,1776.9506304744966,1786.3304009935227,1804.3252717784935,1835.9189613681888,1856.3794657966707,1878.141839513789,1896.0002242757664,1898.5282996573767,1897.5962534774035,1883.714094443303,1886.5674598065448,1895.1160867355163,1908.5977761132192,1920.842185585525,1931.014389407151,1950.7315787106852,1965.2810423568778,1985.114158694799,1999.5433448698172,2021.0549019542602,2012.2454854948523,2021.5081613148402,2021.1789887760408,2035.0260300646119,2027.6454886801646,2024.9489929018541,2032.7232990755938,2057.223938517832,2092.73980708681,2118.6877159257556,2142.7531212873682,2152.398000817216,2161.0233493158203,2163.149581593521,2156.7248594646635,2158.0960640398735,2170.415947925531,2188.8846545255656,2203.9434731934734
3289,98,District of Columbia,county,DC,DC,"Washington-Arlington-Alexandria, DC-VA-MD-WV",11,001,1903.5253767527145,1911.8358285794413,1925.8204197977313,1948.1075395145529,1965.5147079060234,1979.829249964395,1988.7923455209177,1987.021819545272,1992.6305787959625,1982.9950417664968,1976.1250022564448,1968.5681637168314,1976.433355145614,1993.2095776649821,1994.9747840623875,2005.1183191613777,2004.920458525103,2017.7010163686318,2030.7910725333554,2042.366192521743,2045.9144703502452,2026.7426425257108,2021.020833449682,2013.5429503150633,2025.432015370276,2039.5364691402892,2061.8646700448944,2076.716738995531,2077.4210419866654,2084.4352666342716,2083.6228764134125,2088.9701334324545,2089.582352837349,2084.392895628645,2078.9917393628994,2075.9575554764097,2075.7575885724586,2075.9316899876353,2080.652990178723,2097.050922266651,2111.1226148361543,2127.1649373793443,2136.3428020678557,2146.0414604331686,2139.77888837535,2133.923543034693,2133.6566605069474,2140.104050851608,2148.145641726164,2149.2512243519554,2155.3882293694824,2163.198402914681,2179.3566419565886,2193.0584825891274,2198.8697055107864,2201.0698587517923,2203.717363940032,2200.362850722406,2191.2040978013792,2187.5531674836716,2195.1911105756917,2210.341579121832,2223.1191149641068,2224.54054312086,2214.2747318413894,2202.8472666406296,2192.8256125499897,2179.411796659805,,,2083.2220202416916,2064.854292476417,2065.813600552536,2070.977983507403,2082.2470478879295,2091.5363331467443,2115.140272600304,2156.0958470924447,2198.751796551456,2231.9954839043194,2250.6103341891185,2263.3906945568965,2263.2861120808825,2258.642781350214,2255.9165296118936,2264.329092097834,2284.092535986362,2303.4875365864973,2323.2117162302466,2341.047297955321,2361.8262829166883,2376.981784849997,2380.655391903621,2365.801798869743,2349.802965887225,2338.148157376349,2337.4628795603708,2346.2955662927775,2360.893540689928,2375.5094325094374,2392.3812208873833,2404.8168974651635,2424.580946021454,2437.0858025597704,2443.4283571912156,2437.051533150238,2420.7479051262667,2403.3260531458445,2395.184383512342,2406.265876805332,2421.8137736571202,2444.5380863134046,2461.0903806465944,2484.5824793004876,2500.753029076479,2508.5986928190596,2512.6507778726436,2505.0854492764724,2496.290295131564,2487.5237067536445,2497.3310527266926,2515.1432781847316,2532.545219982889
2889,99,Bernalillo County,county,NM,NM,"Albuquerque, NM",35,001,910.0452180385608,908.07345036509,914.6886605317445,921.005581386761,926.0031268400083,927.3821361092255,928.2781120447723,929.9781900773455,927.8785578984804,927.4956228279062,925.8325676732456,928.7564490232555,929.6938515412453,931.0647983958135,936.338146430135,944.6034653544517,949.6144152768858,951.4487641848668,949.5538145179379,954.0716053817382,950.5352925531055,948.4265859731655,946.0369449369201,945.4629323619956,950.7111902769103,957.3877621325798,967.5039750828723,970.171224826163,972.7042623428048,977.865914463874,981.9647073633088,982.9920097478572,981.4470934911004,982.3909225851262,979.9590587656904,979.7967501612919,979.7755138911778,985.6816074400848,992.3142415019993,1001.1902153648514,1004.8666547600084,1009.0039370452711,1011.1213382129355,1016.3427789493885,1016.7234954531057,1018.3248437944984,1015.6906419058785,1017.1050654351819,1017.2507410140535,1024.221802072953,1031.5469659727682,1039.5954841503806,1046.047606309234,1057.402308168197,1065.7451345777974,1073.1077188512782,1073.27664924673,1073.4320771411014,1070.710192673328,1068.4339298166674,1071.754272941746,1079.8741664441807,1085.4553064361412,1086.3493386439195,1082.654506153451,1094.3255482673585,1110.1554557331733,1127.1579605231818,1135.9160630758245,1141.3868435128377,1145.3997873563192,1147.8531990932402,1152.4450689986238,1165.532682177064,1181.458089191143,1204.0041876039331,1229.3725859728038,1256.0305340110383,1284.6646511922188,1312.9079264871416,1335.4059528166788,1345.3557288468553,1341.0944865419879,1348.9935864825775,1354.1889816249545,1369.3332834423247,1380.9482838749473,1400.23913704473,1427.3759216212172,1447.1591552809382,1468.4597306663238,1473.5029842412437,1478.6472707351347,1480.639813860469,1484.1774372273437,1482.9344228854522,1486.1889897282595,1481.419278436215,1492.8426171909957,1497.1184485903366,1512.9048916440563,1520.3249103624148,1531.3360027069657,1538.9546222849103,1541.6707293431014,1542.8675586727854,1545.7437671614043,1544.6207050312826,1540.7296267406832,1539.2609691278824,1544.5254708065647,1557.0990779328388,1567.4407037389053,1576.6600095065828,1581.0543382622295,1588.61732585983,1592.701853629774,1593.7993226393767,1589.2291973313372,1587.4462289255976,1591.1199253632267,1597.9060550285037,1607.683896120229
2732,100,Jefferson County,county,AL,AL,"Birmingham-Hoover, AL",01,073,873.6191379953443,878.6160810744126,885.0449913406155,888.0275588887811,884.5785184572268,884.0740082999376,886.3680114433063,887.9331024492776,891.2511762280957,892.0877136537555,893.5056108267851,894.680846480255,898.4197141669374,903.0994264123652,904.2695535660398,906.3122538685467,907.8699284609631,908.7670062948323,908.7825176089436,908.5793204327804,906.7742087080313,903.1353674680852,899.0076159166208,900.3713953374498,902.2012091362252,908.825761452559,916.4589072923262,923.1079014661573,927.1644819994495,927.4696768114135,929.6465019774407,928.5429006799635,935.4624230959117,933.7265208313868,938.5368032062765,933.6797134171131,935.2323637150946,937.3184747175254,944.8695341647992,954.9208002018158,963.3288316995694,967.328909757972,967.418545001226,967.6423245639793,967.3317478966134,972.764187474318,973.6886524530097,980.169169368714,977.8689093314402,982.5695679116933,982.5756096554093,989.934560235452,997.0360698028462,1003.3060648386714,1004.6388009346097,1004.9482538472517,1009.2436140085606,1010.0656621414897,1011.3875010284468,1009.0501382041427,1011.5039694097395,1012.4795825503264,1023.8273250980984,1030.846039545008,1032.4823569286725,1030.0614830055513,1038.2378106267092,1045.8869615419355,1052.5163441817558,1052.186890908694,1056.17331701803,1061.0985697614813,1067.2704088634503,1070.970624037579,1069.921907654153,1077.5523481675664,1094.4201532493887,1116.432069110835,1136.1625935569775,1149.4410968451555,1156.58478190655,1157.4743957711098,1159.9496711068305,1171.7843081112278,1179.650294263216,1188.2033173278344,1193.792025215921,1205.5978088696488,1215.6571537735028,1225.4039775682793,1236.5468076819254,1241.3898403432527,1238.183264386268,1228.7102361965965,1231.6287162397678,1231.3227344553732,1235.319702379304,1238.0684738511334,1252.4675499677617,1267.983314041168,1279.3784262505008,1285.3521036870245,1291.8559116052247,1296.2734522089042,1298.8710127554089,1295.1733074647768,1296.2037672157692,1293.7972327961718,1296.9916012064873,1302.398123988569,1307.6420444899622,1313.1242928023828,1311.9449042763868,1319.2815053839174,1325.7455898188725,1335.7682392878987,1349.3903571755416,1357.7619644526173,1358.9641075705267,1354.4255268266509,1351.7132743170403,1357.3348456577314,1362.3695900809219
757,101,Tulsa County,county,OK,OK,"Tulsa, OK",40,143,869.1282255421808,874.6075115903003,877.2002535904447,886.753866201273,888.9430419923045,888.9194384019604,891.9789867717741,897.896016545063,895.2241633094544,891.3933346746104,885.8954005685946,888.747451039225,889.8949052650466,890.7263859807573,892.892412173597,895.3827188922245,905.2329347673053,906.9649468047915,908.8557933909393,902.1982937305614,899.4235192771653,896.8522577438777,893.4003388036797,899.923212646562,897.2669565244842,901.3303047671856,898.7063190626936,904.885674333943,910.4697288277971,914.7104619129367,916.4523549629874,912.373246351523,908.1772989764446,906.5938928272892,911.0856901055646,913.8145122612266,916.7260837831066,916.7968051936615,918.011926263021,920.0507651149347,923.2349089353957,930.3092761114751,932.7184848431096,933.6556428150864,932.2079573804781,933.2311810701391,934.3755936313657,935.2806306725803,937.3366024598502,940.4554688615648,944.7718783134059,948.8476558920812,952.1127245885934,956.8673619450201,960.654211717547,960.6567651721055,962.7976006552143,962.690593590469,967.9738272391385,968.9112115222674,972.7067151092871,976.5864774111714,980.9694612819837,983.2299519448618,986.3925652847174,992.3760087538209,1003.5018347015468,1011.8998969803753,1018.3156083073463,1021.166658385768,1024.9521741663211,1031.008170346005,1038.3886311551444,1051.4887318057627,1058.4823667567302,1075.1147328113282,1087.477777333662,1104.1733517118341,1121.8056061045215,1138.9295012453892,1157.5332157872956,1159.602943716791,1166.7581104965543,1178.4628944617598,1190.7624389603063,1204.444118555927,1217.144257418341,1236.8907694545956,1249.4762569596728,1257.7526904953843,1262.3823263593272,1264.9508987263298,1255.2305268131963,1249.3650756649067,1239.7586515470227,1242.0146763463079,1244.545690658438,1251.5320238012882,1260.719487356049,1267.696555757685,1281.8883706639622,1294.0832678323109,1306.1742344420848,1307.3095691664669,1306.8366821451707,1305.7401927404549,1310.0201981418768,1312.9529008645018,1316.732950017021,1323.5029462803468,1327.327322799696,1336.1503149765256,1345.8004820441813,1358.8426867630383,1362.5378036276495,1365.172721932968,1369.245459519488,1371.5324934714738,1366.9669029349986,1362.0449718277966,1361.4711818891442,1373.2329118531713,1382.8280712070082
3001,102,Providence County,county,RI,RI,"Providence-Warwick, RI-MA",44,007,1064.8605403451206,1086.91094231466,1101.1047491632253,1102.7166053151125,1096.1302879232355,1096.5412476270608,1092.2974744660714,1086.971465957354,1097.964253952521,1110.2331531273446,1122.661299206359,1123.2052332063283,1133.8142040652326,1147.5254365640092,1157.4102688220028,1151.1490555836767,1151.2629072745494,1142.5889557652263,1156.6678230331827,1160.3269430241733,1174.5757624854148,1178.520284395533,1184.3741252465597,1191.3863509063021,1202.0270633562295,1206.9697669605885,1222.2456747323724,1222.6812729213282,1226.8346424153665,1221.164241611777,1223.603651775524,1224.9059457940282,1237.7573845594318,1241.153841414718,1246.7698124354126,1233.9507042548191,1243.7982934878717,1253.05348675878,1273.4931487954707,1276.9128324006842,1283.3908427605568,1283.7084535616232,1285.354194354821,1289.1088434473663,1301.2239462099028,1304.4751156489967,1307.9102512169404,1294.7279286414773,1307.494971471808,1307.1864336787664,1321.4126920419444,1324.0137826775115,1345.2112923943694,1355.8011114736162,1358.5651120976997,1353.6719133346107,1360.3794011005377,1362.6539293940473,1361.2133121193758,1349.87547512902,1357.397454442773,1370.5924199723443,1385.4111471892816,1391.8492815704017,1388.9200422467602,1396.3022103124804,1402.8959885539507,1424.1442768976788,1434.2635126357013,1446.4360519516772,1445.5687721833763,1450.7691576334855,1452.6507493351132,1468.6724415297795,1485.7804330948115,1512.4281776267226,1531.9793360602057,1540.9777309560623,1561.6808687999337,1579.4547383680085,1609.5438472051717,1618.1533570919833,1624.416270038229,1625.5391223756742,1629.5040007597222,1643.1445219977193,1662.4493537337753,1689.3682799828248,1717.5995065266532,1742.8035330765476,1759.9225388806574,1775.8077140822845,1784.3555704840246,1792.7416254385466,1796.8458105074249,1789.8182673619915,1788.1929171986412,1788.1555662852863,1805.0358342494073,1818.620658455748,1834.6259908346594,1852.3938877894277,1875.7466043657855,1900.3684009708852,1921.7925226822397,1917.2895192742321,1914.9178891050058,1907.9405624468018,1914.619861398651,1919.3619786232478,1935.1539045673437,1953.524185488369,1967.6650579884565,1983.9128142217114,2006.376090514723,2017.7692682971253,2018.6595297470958,2007.1005364924438,2006.7358685045242,2004.213407571132,2015.7991632875285,2013.9046086295068,2020.7186196700902
201,103,Kent County,county,MI,MI,"Grand Rapids-Kentwood, MI",26,081,866.2415896236215,871.5930668953672,882.5336018218815,899.7397492293433,918.8191582481509,936.2533290918807,946.1379865281715,955.9366177521848,953.5226128466107,950.1654371552413,942.7101217148484,942.7167712079373,944.3105696183421,950.7907558100648,967.4773341221522,985.6161376863982,1008.722506852874,1023.9411208170303,1032.8574639333308,1029.8897263807914,1026.7210171873198,1020.9893104268007,1024.9530810750955,1026.3500197914045,1028.3922298535424,1037.9142984216742,1048.2860790309976,1068.5614406298116,1085.56071263511,1100.3710475175976,1103.7943298261903,1094.9627026722744,1089.0931599314931,1087.8267028980374,1080.167419038655,1074.924282834597,1073.4095173048265,1087.7179992219499,1104.0073806143412,1122.3174048762023,1135.6022116249073,1143.9065157428279,1149.4135316249904,1153.5774854070492,1149.2649478631265,1144.7841937661908,1140.4107719722135,1147.4146317230907,1149.4897152760343,1153.967786905176,1160.1091382210695,1172.1563341981564,1186.8934757103025,1199.315293767991,1208.8579330692087,1207.9794117043107,1200.8040618591087,1195.6333744548742,1201.3635049696356,1199.3307760263403,1203.0020107080495,1203.379646528875,1220.958161417773,1228.6013747074821,1236.533890130887,1244.251605366251,1254.1703375758154,1256.9724841557427,1257.4718783379583,1260.5736696845597,1267.044373274376,1271.025344143662,1265.1414312583777,1268.5412433544686,1285.6979678179257,1308.2635576808436,1332.9798430659966,1349.4839325291437,1379.729122484043,1398.7589366445445,1411.6747669334593,1388.0079493533283,1389.642374014544,1402.9365224736318,1430.809524870446,1440.9900549418603,1443.474766072247,1469.7644059382271,1493.4903551414889,1511.4134814607905,1524.0756174105545,1536.9647021375488,1545.7747804316073,1539.6601304367373,1530.4222640003113,1518.3270956878969,1525.3955000267729,1523.757797099389,1538.8652331179046,1552.1283892552594,1581.464652475723,1598.730343031566,1609.6893379102105,1608.4314552649078,1609.9989748509797,1604.1494010891956,1604.4422030778453,1602.7042219659672,1612.700837220744,1619.601487263704,1635.238431429129,1646.2534674978028,1657.304268058895,1671.7802493389813,1677.665108954972,1689.9043209226995,1688.5276268622797,1679.0712038673512,1667.383323987742,1677.9031970427345,1690.1816698520538,1701.8549475102823,1704.672163533086
2127,104,Arapahoe County,county,CO,CO,"Denver-Aurora-Lakewood, CO",08,005,1185.39012411824,1199.7056014380512,1224.7258488157365,1240.7201738836693,1254.8095930590353,1269.6705281379668,1278.4554909190415,1286.7624520626598,1286.9328647706316,1293.4717424170958,1291.8068280701193,1296.409823233809,1301.210960419769,1312.7619805344768,1318.8269169794564,1318.4966368155647,1328.0774808330505,1335.17456438341,1344.8028389474418,1340.9113130801165,1337.3727281692577,1331.2343590061766,1331.7524345761055,1334.7367570225954,1342.4713323640126,1349.631684988024,1363.8765452852726,1379.1585554354137,1397.3351396474873,1409.633059856003,1414.2170244226297,1414.6233662748639,1413.776035553876,1410.6116931032618,1408.1420423232184,1403.2437034335746,1406.8914751917666,1408.8993765949913,1420.7501413460704,1435.4828254507381,1448.2392516729574,1461.1299193952616,1465.7764269188542,1468.75513416487,1462.3961599097054,1453.868618919555,1449.5115171629357,1447.4838318006557,1454.3561582137324,1466.0740255731237,1479.8766379729504,1493.6365644939585,1504.2086160630806,1516.3139057122814,1518.2710143265126,1516.7381356886538,1504.4101190701501,1501.71971784024,1500.0348410912243,1508.6388992840941,1509.440024931422,1517.102432590171,1521.6329852115548,1518.221029085964,1514.2565327503764,1511.4770626608217,1524.1788050574792,1531.9673334487695,1539.76527006967,1541.7040724844726,1538.2608856886402,1539.489661857675,1536.7314808601745,1542.1057330856256,1546.9508670344667,1572.0658219927193,1603.8192741156847,1646.2831492666216,1682.533804681933,1713.77954745801,1733.60245171666,1741.6057066075591,1741.8989276428226,1741.7791227768819,1746.9988920090618,1758.3111634024767,1778.4338249114182,1800.4186998101068,1825.9507580039078,1845.649998396887,1858.650209466173,1864.3451482116877,1856.1475230734573,1848.5732896012526,1835.2879641673733,1830.611225629112,1828.8548872796032,1840.3297439373916,1858.8011337151625,1872.1419303943485,1887.7377369926714,1897.3536410425309,1908.3566314793038,1913.9238084708315,1916.8162079794947,1915.0625154871486,1907.6104037768866,1901.7995920442404,1902.3192350244017,1909.883000270483,1919.083926113256,1933.181577545961,1944.8893288626314,1951.130518190343,1953.7233326263413,1953.4364285846016,1948.1060672178376,1931.9740441874342,1901.5442640766598,1871.7160600699606,1858.360936343096,1857.8089313165008,1866.0285993578716
322,105,Utah County,county,UT,UT,"Provo-Orem, UT",49,049,1051.9021428097324,1047.7931083713024,1065.7072784901766,1051.883805598899,1053.6310377531247,1056.058966675273,1072.9387162599858,1076.057512846207,1077.6198292968681,1093.4480805353567,1109.4136184379895,1112.8596035064754,1108.7384392069855,1105.132345697398,1105.063498685327,1108.2178929784338,1117.8835589566409,1125.5085161034008,1134.5702940573271,1144.2607666451997,1144.6004725356308,1151.6160385619398,1146.1261857183376,1149.8139654363852,1152.1504595022318,1163.007760377022,1178.325215418186,1176.9292140828163,1190.0466327017682,1196.6233815224093,1208.4625816132168,1213.9808578789273,1216.4679992990305,1210.4173106369428,1201.6896665950198,1204.5592088104065,1221.5372697069067,1231.6033230366386,1234.6999774015399,1243.7164552174834,1249.6888471621226,1257.5899162042103,1265.6749354507874,1270.7673555274835,1269.4331032526761,1257.140517781366,1259.214539148937,1262.7499999811512,1277.0922787748448,1284.3362870912026,1292.7809516051868,1298.6059941459848,1306.1958240458277,1315.0476034285161,1319.4821291438902,1322.97410659178,1315.208988090882,1302.9047521209443,1297.9774813847034,1306.0204573755025,1314.3823080328616,1322.2152991407197,1327.3246162742344,1331.2832200849032,1331.848128340918,1340.1089715853852,1355.1308392166977,1363.7373724824322,1363.0274290510883,1372.1806569245873,1379.4130617076182,1393.4011468610745,1405.0682272918366,1416.0624504398245,1437.323797389852,1452.2240767407984,1483.5231644076691,1503.6289967203963,1531.6524485986276,1553.8943736067863,1580.1654303120135,1599.955019639187,1608.102340848467,1614.4192762330858,1621.1691033857126,1645.3161212292143,1666.7150107736636,1690.832248131953,1709.3532329413783,1725.1119373303354,1731.3319724992957,1734.618299119753,1741.7782426117049,1728.060072310676,1718.9183381028388,1712.2629530184229,1713.458026456883,1722.4338327079843,1727.0581576854622,1735.4507922668913,1747.3128061411376,1754.8628994900655,1771.9707108639702,1765.6058090277486,1763.5768452995053,1765.8484896745722,1761.316781621479,1756.250617289262,1749.6787000039792,1756.7232362943125,1765.2069846226696,1778.181029457971,1789.773474101962,1805.8450557045926,1810.0567208577804,1817.8909518274463,1803.2369592428163,1798.3122516719902,1793.5567777915853,1786.8590162535882,1773.5961728972802,1772.4375829216726,1792.4984170561575
414,106,Bucks County,county,PA,PA,"Philadelphia-Camden-Wilmington, PA-NJ-DE-MD",42,017,1387.1646128584764,1377.3773499937288,1389.3956031215016,1395.3513106638843,1398.914786210296,1395.74771124588,1394.7012848990153,1404.5217694338507,1406.7937286038682,1404.7055297332556,1395.8091582830396,1389.0774152890074,1400.0255196746707,1405.4801408499068,1405.110967051267,1401.8002595031617,1407.8764210923605,1420.41052605405,1429.0337090735875,1429.3116681864046,1428.502697428963,1425.5469060591872,1424.2785187966067,1432.2618987004635,1432.7378977673673,1439.711316422073,1441.386830754864,1454.6350069169569,1465.986049900414,1470.8042869811463,1467.8481764125322,1472.4546360133363,1473.52322885574,1473.4660180413025,1471.594102886511,1475.8858819496618,1489.7948815738391,1491.6237869503093,1491.260390429926,1490.5446064039877,1504.7586550431665,1518.927372157437,1529.6051799396162,1530.4668765243582,1530.7801430662141,1533.5264041750613,1529.5051341046874,1537.8877425249823,1539.3702248569957,1549.089753044005,1560.8647001553763,1560.9816033502007,1567.5261206556468,1567.185935161609,1581.4862162952973,1583.7326213968536,1583.4769600455763,1585.9851566890027,1590.033502134967,1595.766581494531,1606.644248488277,1616.6125809538282,1629.814160618916,1621.4060345790533,1615.454800612355,1610.7319313372857,1620.9153153435925,1639.1207285897788,1650.5973880974157,1659.818213446969,1672.7003627200222,1688.116758715656,1706.1387685447912,1714.4155260639836,1728.2661074904147,1752.2045112536584,1778.2427873938937,1793.1887688014745,1811.6095320702545,1828.9448501500935,1860.9803973063151,1874.1291272714118,1876.5610773772626,1887.445600549883,1897.176586652169,1934.8357639042667,1958.0541128570956,1994.7939864680484,2010.520717270967,2022.4520209768764,2036.6568232584677,2039.2455816977074,2030.410115316694,2014.6577020923382,2008.170601478402,2011.0307751270211,2014.5991482754257,2017.8400400208657,2035.4872766653205,2041.4593807070532,2070.795456647122,2080.8572306123488,2104.8855105550497,2110.63233168681,2121.123431209027,2125.0494070376076,2117.256230368197,2106.8565161183146,2103.0224635839118,2091.715822726,2122.515823900807,2145.44095751014,2192.370544788687,2204.3037149655884,2222.71610986922,2218.001083941107,2205.392349072666,2190.7906382918327,2194.4116135152544,2198.0792549106477,2188.2203592692426,2188.545238444459,2188.4272349272346
2441,107,Monmouth County,county,NJ,NJ,"New York-Newark-Jersey City, NY-NJ-PA",34,025,1654.9040965569745,1659.8882939874522,1671.1425849456966,1660.4120928998466,1663.001300319347,1655.7234211738144,1677.8613988844768,1677.7267060031568,1672.8018998880948,1663.3077701200984,1659.1039212914577,1673.1676579070127,1692.3428358913166,1714.7612836584244,1718.3749836493726,1724.5200840511113,1731.0002008350377,1753.5486768625763,1757.4362141449383,1743.9962149197447,1728.861477064112,1712.5363514960698,1716.4879216822287,1726.3018958133587,1755.3631596493542,1782.2842883594114,1815.3488431934027,1824.1384625034132,1842.0046460210135,1831.7266955194605,1814.9706066059603,1793.1639215352359,1781.1410359872857,1788.9117416712745,1808.1955068924776,1833.2931296792176,1861.7318168725426,1881.4514724418439,1903.740631292896,1919.464000678607,1914.5537286927079,1917.302934775026,1908.5533815657102,1909.9348732747378,1890.5748200415107,1879.8017585128391,1885.9637400698973,1909.2335302690503,1928.5548910324226,1951.6572612146192,1973.6777995601037,1988.9802910994003,1995.2112951079228,1987.3546118899328,1991.7494423383785,1965.0384040720555,1948.1396490339257,1949.5266104234488,1969.982104328038,1992.200335736941,2009.8301064358998,2030.5688733427974,2042.586655403963,2055.6130016600355,2042.9536962278407,2056.8067545346025,2058.5838985084783,2077.152531932251,2084.4031075686225,2104.4405013454916,2155.0347258216375,2159.344291773271,2171.2726708599,2184.7605967267746,2249.2099945720665,2298.955695658274,2319.567214535896,2331.980416719371,2344.3310151482374,2377.3032492014663,2394.8881274360083,2399.941947840258,2384.541192455306,2428.2828285498285,2453.4934576182077,2512.1421783876945,2566.682501624288,2629.383996961013,2674.8191981787695,2657.2133455372764,2673.2423051353207,2634.931806876334,2622.42668783115,2589.557993546462,2596.3170263921575,2617.3813985503443,2635.204907643825,2676.8050526481334,2703.4505453824017,2760.191742052166,2752.698665475987,2742.8125974641066,2706.750412293132,2697.9239306342492,2710.8013738971154,2714.4195010718204,2735.4150403079084,2735.3783090724196,2762.727338481399,2792.9065842357227,2838.649930609412,2854.8442419366997,2870.1356057049816,2881.7727417040546,2877.036533266583,2877.3691256111074,2859.8226159908404,2876.3147447952488,2884.3867435907973,2907.3456700078436,2939.6740193080404,2954.861635801819,2958.7581708901885
659,108,Ocean County,county,NJ,NJ,"New York-Newark-Jersey City, NY-NJ-PA",34,029,1599.5599254795168,1617.5266209198007,1642.5593189753665,1650.964590559261,1661.4601775785454,1661.4286632564783,1664.6060021795683,1651.5999866980842,1656.7010304421665,1657.244949988118,1655.738155381952,1658.928905399074,1660.5867812206134,1672.2625154425516,1683.9639761696803,1692.2497982361372,1697.5784249887547,1706.1260172119885,1737.856573787055,1732.4677646550438,1711.7825203972495,1690.3367806526228,1696.1448240631457,1698.523624107792,1704.7888950377367,1719.8700601757837,1753.0308400621473,1760.684005070202,1767.24652901507,1766.8084719423518,1778.3728124013155,1796.1624357896837,1779.9406167950217,1770.2830887772316,1764.5119019406598,1773.2977435118037,1792.766095065612,1798.7519174273523,1817.2157899843844,1811.505928616553,1830.666671775489,1848.8285565588967,1858.6142359715216,1843.5219471956934,1817.012689143573,1812.388083550172,1821.2690944882277,1831.4219736907974,1841.9177351772207,1854.4754546145955,1878.9246697001045,1910.883716353168,1924.9293406427016,1934.346977816477,1922.542934374585,1904.9499620024742,1893.66225813802,1893.1061635609558,1901.785698267014,1914.4822644852263,1929.7032229363363,1946.3682985335795,1970.4368391140188,1977.7893654285897,2000.9933997320454,2018.5012206478425,2022.158153523928,2023.9238319744675,2028.180806164606,2051.82450352075,2074.3811913138993,2064.327363293022,2082.4205077780143,2118.0414360899595,2204.4689549020263,2253.516761978442,2297.79431953285,2296.363105285575,2334.1411026137193,2331.904780958306,2343.5727293777168,2327.5417937060793,2337.2802605086886,2385.2761339559966,2456.8622270331675,2510.7987056635843,2538.9751949563984,2553.833185519177,2601.593153745294,2614.0985301916658,2629.3565598809064,2642.8371685768466,2653.928874484702,2654.1998344694457,2623.813992089438,2609.9630041101254,2631.6756233608776,2685.2652395318537,2741.318194901019,2778.677639661436,2784.1135148948097,2799.6977327245645,2775.48380370422,2760.748049829993,2748.436583350724,2770.845092972281,2788.1451654340703,2808.0233014230316,2841.216363293394,2861.17387477,2896.1095398127113,2904.2863052357056,2936.5851521518844,2904.7193117846346,2921.4636949551063,2913.161381639999,2942.379545010186,2928.8820296478975,2946.7328048266554,2969.1652947539233,3005.621095384935,2991.9541224967893,3044.4150654150653
2983,109,Montgomery County,county,TX,TX,"Houston-The Woodlands-Sugar Land, TX",48,339,1282.5625778618175,1290.6406372887654,1295.2962095282494,1304.3051477428724,1310.628600291444,1321.9693788031975,1322.8285332100004,1321.8045237192644,1313.0478149906278,1306.680828883107,1300.0657312141925,1294.6637784460645,1294.1671257735288,1293.7427586129495,1298.3910696938392,1300.8018868539891,1304.4398208324942,1306.629491684954,1308.3479395982736,1303.2975570595813,1295.5063048261786,1289.8611320771765,1284.0615916318525,1284.8351475817406,1286.067727388074,1295.363666451127,1293.4701107383355,1298.6452150992748,1309.0047744207345,1320.7112351745823,1322.4360155422905,1316.9533065370351,1326.4328767469322,1333.7806359283686,1340.4698299645495,1338.4531524216404,1339.5917965162598,1343.4804182068042,1348.974154861877,1358.88948938042,1365.2137541472657,1371.1915407663778,1374.6160467066738,1376.752583968445,1376.5615491392805,1371.3335971722,1371.711083919638,1366.7472818465287,1375.1253524588135,1373.619113615166,1384.1108528203383,1385.8579875835442,1393.5683732869363,1398.5791861809732,1397.8318079199416,1395.212596617849,1391.152111980649,1387.7866754091012,1384.6420222855497,1386.6801777283417,1390.272782578861,1398.7339682003524,1400.1279918831915,1403.7591256809594,1397.5245963716789,1396.3818207056586,1396.5447514500831,1405.261420635966,1405.4813831099962,1412.7063020412136,1416.157495055832,1423.8289272395689,1419.9457357017052,1416.1674633851205,1422.2705426419564,1436.4570781381442,1465.2296253027582,1490.9221142204378,1525.2025275001106,1557.7920039993987,1573.6244425392215,1579.5017738218821,1568.9067254673832,1582.0436112681289,1589.565921464726,1616.2900211850592,1634.091192615243,1660.329071373873,1676.6853516784827,1686.8315174070835,1688.1107100674662,1683.8486854371383,1681.2904601435237,1674.2938171827248,1664.5639660178836,1659.036697604674,1661.8109773331953,1675.8116137296674,1688.834536486971,1698.6419562411127,1706.0061304630965,1713.1455611641986,1719.789754481496,1721.5105411529069,1708.4734172501405,1699.2269399167149,1688.4116694856586,1690.857994058619,1688.0948123548349,1692.9883701714016,1699.8794011197829,1717.9420063012712,1736.185467797805,1753.448562502993,1759.2415301507958,1757.6783805968796,1749.1566537342187,1737.7974409216897,1722.3561095112545,1710.8139059275575,1709.297234492356,1716.7487790271553,1735.038330402164
1822,110,Johnson County,county,KS,KS,"Kansas City, MO-KS",20,091,1034.424576380136,1039.900335155265,1047.020493695198,1057.850853464512,1067.1898238517106,1073.5061401277255,1076.3183184324055,1084.5921386410905,1080.8715700708367,1078.9218155322947,1077.3168204308145,1083.2852857375658,1095.6945918000717,1094.187519182485,1093.334464158403,1094.3395154523969,1102.088236007984,1116.2013381435306,1120.9605765208855,1122.6343765900092,1126.0226276826488,1121.5627669152352,1126.5788843022667,1117.8824904991573,1117.5970651482887,1120.322684624785,1133.030075895964,1143.5155735048947,1152.131042790533,1164.6801846413846,1169.8593153564898,1170.847735036476,1164.2854141261944,1164.8202683967484,1157.5809469490937,1161.361759089315,1160.4723729441023,1171.8315186334112,1177.7435990972679,1190.2048851225597,1197.0238400683616,1203.634204861536,1202.185549440162,1201.3072532921071,1195.518036306018,1191.4325323122905,1190.3415175937498,1193.2375763959706,1199.0263051547545,1204.7055757728242,1211.2485502187874,1222.3138955263355,1232.7131793926048,1239.7480923538096,1242.9628462014748,1241.1922719163613,1237.4294229187665,1232.5020773740498,1229.4900070688138,1238.6403089619573,1243.4416567141398,1254.5240560444843,1257.1950681470723,1262.1648949534108,1259.439849573857,1261.4271706771478,1273.1355377898035,1282.3191054014408,1305.2069470162023,1298.3792835571696,1290.5820171511566,1267.4081143873807,1264.796949019854,1275.6643255096837,1288.4262780292609,1312.8176455956252,1336.8344605444574,1358.8349640611923,1378.3107605086477,1377.5725885034942,1381.9183012079036,1378.8993702842981,1390.1479452909182,1394.7893997705064,1408.811492961764,1420.2951312311955,1442.0926372192473,1463.499482356498,1498.9896954363778,1526.6593062594459,1551.514009867445,1556.1442545144303,1549.4444215908525,1535.2536345049266,1529.4977969111699,1529.6085320697043,1532.05022635791,1535.9650284907445,1546.293586897601,1564.7817026312111,1586.241627827889,1603.3655355444353,1608.6467950224585,1604.7420591996638,1603.7850240813996,1604.5757589513798,1610.5395109868002,1609.637960743196,1609.289845469312,1610.8483945241182,1620.7338822680792,1637.3433276998746,1656.2033772687346,1681.0225938061196,1699.9738888745342,1709.026099009067,1706.4370632245323,1697.108687372734,1687.6461923409813,1689.1351796810093,1706.709740868537,1714.0166638243397,1718.735232622799
1556,111,Brevard County,county,FL,FL,"Palm Bay-Melbourne-Titusville, FL",12,009,979.6318498376704,988.5569803460647,996.4014499117058,1007.6451963487901,1016.4842899137398,1027.8211991863316,1034.9566951345291,1042.1618669982295,1047.959510783523,1052.5006162973343,1058.699314290943,1064.0602151852934,1067.4176852347393,1069.4865368461958,1071.37964873835,1074.7532323908279,1079.3747687526748,1089.2230856045073,1101.8359727150194,1116.4207518958194,1123.0040376837471,1126.5761342731112,1129.515962561525,1135.7526328816741,1141.3813284563373,1148.3389396982604,1158.312636744929,1167.941859462896,1175.8767340797249,1181.7974901341292,1191.4726798477914,1197.2554703927426,1206.284929822343,1216.3698901300666,1219.8581516124862,1224.1793054544773,1224.5170944716858,1231.0097302775882,1237.29818713999,1246.5683980091362,1260.2260303932776,1269.0705123745581,1275.2468284505694,1282.2261385646189,1286.4076315004065,1295.9124791471465,1297.5130941768502,1303.3733887537462,1300.6967930364895,1301.980501347594,1306.8716583162204,1313.3121361570581,1323.352366197298,1325.8355776364606,1330.798206317615,1333.4854972263336,1340.8405045503603,1346.6969918227917,1347.4819870049473,1348.737038846036,1350.3482418838903,1359.1721128194338,1362.1112594206004,1362.8224428383642,1357.7609211670665,1365.9253777923564,1380.4107677109146,1399.5724171619277,1410.1570226783479,1421.9443267977279,1429.4736507872624,1433.934052839622,1440.035102303669,1452.788076095062,1469.0616333631592,1491.0505952806457,1524.6614128081792,1559.3558000175647,1601.6513821310466,1640.1801447138823,1683.253295832302,1705.134619845288,1723.5692847312569,1732.9155622366818,1747.9781634243,1755.5534740157248,1779.9059596749332,1808.1643146800157,1837.6367541744778,1867.332488233698,1895.2397497422985,1909.0011756421088,1902.2659806252238,1896.8376349195837,1894.03783118181,1892.7335885227785,1891.4190454807128,1894.320656662738,1913.131211222578,1918.089486779293,1928.8049410471726,1931.8405505892388,1939.8370180904558,1944.7215912835904,1934.8283536485237,1922.9897792574359,1911.115758927373,1903.2727572755753,1910.748721717451,1917.8464896648936,1931.1292059815923,1937.4420258265993,1941.7852954564137,1950.1969512056312,1958.0369503586928,1965.7289063334251,1968.1344273033203,1967.9178799729702,1966.7114480381422,1963.9721153425019,1959.949717927609,1966.1665355026857,1981.2025423728812
3069,112,Washington County,county,OR,OR,"Portland-Vancouver-Hillsboro, OR-WA",41,067,1178.0561918368337,1185.0804558214347,1205.346026550766,1216.7031313095924,1234.872975591806,1248.0777929065612,1270.2563134741463,1289.7307126081241,1298.793653244815,1294.4066427486305,1286.936750053645,1289.9370834203628,1302.9870811476997,1321.8568255683979,1336.7751222095885,1343.5313322103061,1357.2635031284558,1366.990892856003,1376.6717419877357,1375.8901506884881,1374.2084728791542,1369.5018934594073,1365.2638657210223,1363.9940817977792,1367.230667901813,1375.3603806484189,1389.0471229856048,1404.342299052852,1414.331890382778,1420.434917047613,1429.764412653266,1436.4199216795241,1432.0787753921322,1419.9740857670465,1412.5073926960865,1408.4224235219986,1409.916030887069,1412.6746526391637,1420.595110404678,1434.530079820148,1448.7306816380647,1460.36071707385,1464.9444210505476,1470.5009895937399,1468.4789917363762,1468.2061482327797,1458.9279190788895,1458.663072860559,1456.2639339120394,1463.0177669719571,1475.2150699547306,1487.8431225042048,1501.5577446587733,1506.9283891399825,1515.6125699093245,1520.1661900274569,1523.2971770857432,1516.5722605988167,1506.9816364299043,1504.391393398411,1509.7842270548942,1517.0386760354736,1526.4817783357112,1528.1974564779587,1531.0959087830245,1533.1476790986685,1540.7162170781637,1549.780760991972,1553.3811337670102,1554.8267715457525,1552.933948909894,1554.2487269472488,1557.188794802253,1564.103588963134,1573.7022361975603,1598.2189584071207,1632.8864785711057,1671.7499389185953,1707.4555224752662,1733.3685173918184,1758.507485669928,1774.9026827070345,1784.1322173426902,1787.5237572719288,1788.9080072533038,1804.736830225536,1823.985377062909,1851.6001625196916,1880.6469432840022,1913.792575402406,1943.5876432719597,1957.451553490533,1953.8046394499738,1938.9285249982738,1927.8816017838146,1917.3931844954955,1911.7246635493254,1912.5238921332204,1924.7322098429818,1927.2876771060369,1925.0606666929116,1917.9907278266612,1924.566254061817,1924.9820031360662,1918.9297630652945,1907.1869925699639,1886.4938917759896,1881.8530424478145,1881.792959946238,1902.4761882079306,1923.3764844191687,1948.1804596965176,1980.0755427963904,2004.7871912903593,2029.0660899907264,2028.0352691238743,2012.7323754964361,1990.9059508620164,1968.8987236415576,1948.2708958055896,1939.2173286578786,1941.7049948575695,1953.6245275065928
3236,113,Baltimore City,county,MD,MD,"Baltimore-Columbia-Towson, MD",24,510,1200.413076179412,1207.730911276304,1211.701715817087,1212.4675275442908,1217.1028497241648,1223.0818089966922,1228.1225007680341,1229.2605679033925,1225.1220846426684,1225.5459765152204,1219.614959757373,1222.3971704147118,1224.996542173011,1233.1805439307502,1240.6045407399972,1245.2223385538757,1246.2647051345105,1248.0025675353793,1240.8286668195544,1237.5330585748843,1228.7444730184568,1231.3146929042118,1225.9302958819108,1219.5736146056959,1222.4907525938536,1231.690275501682,1248.7341401438953,1252.5490414654987,1263.6151799609945,1269.1283510207923,1273.392093737735,1263.588246160515,1255.3891102029497,1248.9162886446627,1242.5813716001462,1246.0708333494904,1246.2306568111285,1259.1626854357096,1264.64077662002,1278.867772794183,1283.8197847765098,1285.2642053920824,1285.4020946023927,1281.9016747456376,1274.4825777513724,1269.963958479144,1266.731637099307,1274.9382549006878,1273.2962700388514,1281.3615815266003,1290.004316797108,1302.536326173179,1310.3096814143978,1311.7992243155022,1315.6973649017912,1314.829891674942,1310.1064610243598,1298.7872698573904,1296.836370870276,1300.5902487896842,1310.6022708567064,1312.8720721405575,1316.6480400118157,1319.896462297033,1325.8448864542086,1330.5116260810744,1332.7425356037822,1328.359005744939,1325.3359813342165,1326.0917565073555,1328.675989994956,1336.4989922026625,1338.952805148105,1348.42850477744,1349.0142828833714,1368.0878697003204,1391.2117451207678,1422.3049888167538,1444.8365263492838,1461.4852925852765,1475.4359166218185,1465.2370227445522,1473.6854843590063,1479.220564298354,1501.641041834395,1509.0175718861387,1512.0504637785953,1524.911600871614,1531.264927869388,1549.4872505814565,1558.0251218582778,1563.7573852857947,1562.2004594809616,1554.8178913058048,1555.710567173005,1557.1277816680704,1571.1508611271868,1580.1106257990018,1583.5418975028244,1581.0535574888918,1587.9110065267175,1599.2228273110784,1610.4386208507328,1610.605988913022,1613.3452908186605,1605.5802196728002,1608.5729626734585,1607.3181701915448,1616.4510635070444,1622.479817476143,1634.7039845498787,1645.2840614042377,1656.031383920749,1660.1723962944625,1660.61299788132,1668.4135528708407,1672.0556412488504,1686.9909015883268,1690.0954180266074,1700.765381099671,1698.4345481024257,1700.5252481647265,1705.5991991811177
3081,114,Williamson County,county,TX,TX,"Austin-Round Rock-Georgetown, TX",48,491,1206.7056407524901,1223.291022174479,1233.9293488854973,1245.941932670112,1253.7583491593302,1258.6775357405263,1260.9597216130032,1263.402847127205,1264.8702156998825,1261.8746666244124,1261.56944831745,1261.7174547702418,1264.5575944605287,1269.3456589711463,1279.1964431320325,1287.1558018994265,1295.4082696419616,1302.900749607121,1307.4680157916378,1306.7491596592831,1296.2710179074506,1287.2033545605618,1277.3772533257907,1276.1805631192576,1281.8718717788763,1290.026862123052,1301.7998922255535,1312.6854091348569,1319.9241281534441,1323.721728642759,1326.3648970606373,1321.4687377422688,1314.9018747495854,1299.869227668988,1299.628333596711,1299.45922608816,1305.1887719200906,1312.3153183476998,1316.7139035254156,1324.429033531317,1328.357152071365,1338.7767291143819,1345.2235065805219,1348.2233806549818,1349.695915885354,1343.829031955444,1343.3152229968641,1337.9658405997973,1340.5076065233063,1346.711712683786,1357.1771464527228,1368.817182418641,1378.1138359554147,1387.5098972189128,1397.6578067610983,1402.007279008346,1399.7767094090252,1397.9040680688809,1394.8253440792962,1398.3718300236512,1401.0043524333394,1411.8514321610492,1413.744886946102,1415.3751633871457,1406.8974735232453,1410.630514519681,1414.5529862699927,1423.0887738280408,1422.3353066928557,1419.6482982839855,1415.5312844852751,1425.7150002722603,1437.0037075471357,1451.1134824711316,1464.657426468673,1490.1227004886377,1527.3169309816797,1573.5613907931415,1626.0011018773916,1679.833615924344,1710.4949657048242,1719.4699516881128,1708.2318504806747,1712.1569242789617,1719.1688349164133,1737.6017865577844,1755.0806152729601,1777.8947225360691,1802.933958173761,1821.9895818897214,1839.038082376285,1843.5844666041216,1835.439782103597,1818.0389314333727,1796.6066559846763,1787.550155808114,1785.5338829348723,1789.3351533694406,1803.230028052087,1807.4559584757542,1812.6410412056919,1798.341289994501,1791.019900028935,1777.27773580166,1765.1601999180375,1740.3893266928842,1732.3891891788478,1723.19820141136,1727.1762435934108,1723.5507203305708,1729.9973213058254,1739.80400156042,1748.7831325151858,1746.9119328336478,1740.4497468757327,1722.4909050000376,1707.2695617264553,1680.9149011520747,1660.7561018404042,1652.326972773583,1656.2872545208531,1666.2570320746827,1670.8932570556433
3152,115,Anne Arundel County,county,MD,MD,"Baltimore-Columbia-Towson, MD",24,003,1513.7561950394836,1520.4562400397617,1525.329465320431,1534.950222097497,1543.7005101815087,1549.4488077954059,1558.8836357545138,1559.7516467930925,1572.4134023202848,1567.4636102743318,1567.091267095826,1551.0154520136311,1553.7073521648003,1558.9807667841847,1569.7426264577323,1572.444066641659,1572.4595027786004,1572.59065718407,1567.1743910518283,1563.4129796618965,1566.0542259379304,1572.64636111708,1579.4489841227805,1580.3261191529637,1584.3229394765713,1582.8326172958698,1584.9410748864068,1585.4704253243135,1605.0199123790426,1612.2023033955813,1619.2441882579162,1601.5277928536173,1600.2276907641442,1603.8087407498301,1610.1231475254485,1613.4867984862992,1610.285266752894,1626.7575978716557,1631.7110481717195,1640.6457606754375,1635.9188973283162,1636.60887237623,1638.7246350808366,1641.2731258425981,1637.3066287138975,1638.3795608403964,1637.5459527654568,1643.034646657055,1646.9979235927156,1655.1707317787939,1668.191413668643,1672.2518705607245,1677.4245597753034,1685.108481303726,1693.1771786343288,1693.444087255827,1691.4289195281888,1688.8026870877902,1692.626498715334,1688.2976071679643,1690.354480776032,1697.1420431837648,1705.3607828478248,1708.7780817494152,1706.7953579589162,1713.106779446423,1720.4865307003695,1730.267826430152,1735.382221647118,1739.112067343004,1746.3757394286004,1754.284078056082,1768.5768763704393,1774.1825731998288,1782.839620084468,1800.9340688489972,1834.2111843300763,1868.991562778123,1903.6331041976857,1930.1545245436791,1941.1272486348714,1927.7040464870988,1923.5278061434378,1936.498531551731,1960.5891346376875,1971.7408336703488,1979.6615883114312,2002.8296505608685,2032.2754482916764,2059.1676804780145,2074.700276110981,2073.5156105649717,2062.3800432794087,2040.4717194530456,2020.4225695362616,2018.8285060888377,2028.3094367121282,2051.1927154133673,2078.2524692965108,2101.5188384277976,2126.959182966428,2140.6903923636637,2149.069920011635,2140.365916339139,2128.723870741859,2120.048869876358,2117.8798565116053,2117.5698256192904,2118.910702759048,2128.362650430324,2149.703799180872,2170.178905640282,2198.589256730037,2216.3944245362977,2236.162425821984,2230.0084812896926,2224.4211372977356,2212.971935886305,2195.187019634675,2185.4706024446646,2197.904161795184,2206.8309063639667,2220.039055136922
2734,116,Jefferson County,county,CO,CO,"Denver-Aurora-Lakewood, CO",08,059,1160.1788963463262,1171.7486712826637,1194.1859289887732,1212.6178994167435,1230.7211364520726,1244.6502969091873,1254.4938599636068,1263.715769597825,1271.238152308174,1273.2784932592024,1265.134585252069,1259.761940620229,1265.4786589442886,1274.5832172937,1288.6438564895154,1297.1279866203527,1305.6486936256201,1316.9522606920457,1318.3189571407495,1326.3474872645772,1318.1152594019186,1314.1107210273424,1307.5355439411226,1309.3925307276672,1322.132812480924,1340.6846224305864,1357.5881166954566,1371.0011190028067,1373.7564712012131,1381.975511020292,1387.2656191963392,1394.1102101689282,1392.469224324159,1386.681269432424,1382.0885020547562,1388.6634529172527,1397.0671859166014,1411.1371471549703,1414.3878111096574,1423.1016915445034,1429.0077677661527,1438.458560504505,1445.3666844206505,1451.3190269475665,1451.6795751481245,1447.9962569913587,1441.0002258079262,1446.0104925189319,1451.8373066560143,1461.7241826923705,1469.06580301317,1479.785227172731,1488.4496453527724,1496.4990314366423,1502.8235870364185,1500.4392907179601,1499.8268436027308,1498.0566460041007,1506.0389464500945,1507.9585422192151,1510.6035256598607,1514.1489525302516,1523.745922333738,1520.5574464828396,1517.0635228310925,1508.3132485438928,1519.6037943156657,1528.8436344480485,1536.3830914999176,1532.7581253883245,1531.316781488927,1533.6717046807264,1541.5184870228272,1551.3258901011227,1564.9630742023037,1585.2005839735427,1609.3224276229696,1641.2545571223138,1677.6497919210858,1707.7226293145482,1721.3386815274396,1711.3483046486294,1709.3312426401585,1715.2514166992426,1741.4197784037697,1757.2465065607055,1784.0296908878547,1811.0073956238793,1841.7938107025373,1854.1945538904251,1859.9565614321243,1856.0785502106683,1855.0045143070517,1857.1273004449304,1846.0619456109264,1836.8800668249135,1829.2870607132572,1848.9335130043373,1872.6183859148173,1894.3194466055065,1912.2998495917739,1927.7590999674685,1936.6475386440281,1933.899595409358,1924.0749765631194,1911.8932044249823,1905.3186843604085,1896.4441789345092,1902.1109736809567,1913.235877639621,1933.4067725244859,1945.8164718816531,1959.8215822139537,1972.471743181707,1983.04193914236,1985.7268121690731,1975.592789600816,1955.3197274129045,1927.297663512697,1909.332065743341,1905.9410780053481,1920.2195104904267,1938.0786311435886
1676,117,Douglas County,county,NE,NE,"Omaha-Council Bluffs, NE-IA",31,055,839.9701067831631,845.2413367465392,852.8745651148831,850.1617478838591,857.451773871771,859.3820830403122,866.7835521757942,868.1008787905213,863.4264675958475,856.3860074970099,856.6818901170266,864.0979655075167,872.0945122287799,878.146169868549,881.4040774729865,883.7810256866137,882.1848352080647,884.262990090112,890.4969907862591,895.1881977956367,899.7250269882813,899.4515204978766,897.7706406443878,893.7242523582378,898.67793097972,908.5245062959258,919.5146336710256,924.4676499539181,925.1930833283382,930.038803908457,933.0808660249221,931.6362355563352,931.9051983059127,925.7360560584958,929.2038097289,924.516831293655,927.7855120238241,930.9867614947211,940.5790737695346,948.084136394811,953.8131466481358,955.4525122396255,958.214482928412,961.870178831675,962.0941201705467,962.3108670658245,956.3124641624372,955.9249632105498,956.8380348283087,963.8211967373124,972.6479781253458,980.3628115086341,988.9458124413575,994.3367430828029,996.3369255176276,995.6821401045364,992.362485636711,991.5146366749318,991.7676225082681,995.4874404954767,1001.3463780342721,1005.3172183654859,1014.3747931799553,1021.4857718393296,1031.32901137493,1037.7665206975585,1045.9139643532628,1047.9977087227498,1044.5508812080006,1035.684907454155,1032.169608974197,1031.6420475769778,1038.6714556951665,1044.9930964368402,1054.716509570107,1064.3120562429149,1079.1697093743178,1095.7390524367536,1109.9304581678828,1119.2039113934595,1123.6951222918524,1126.674105296566,1129.565318584695,1132.417028684739,1136.7637688937757,1140.6730680090245,1154.1245326431736,1171.2898773251713,1187.6292458909097,1199.813666800787,1211.6463785652427,1222.3346101742875,1224.7886750872854,1220.1030020567666,1220.079652919616,1224.6937836480975,1237.0804925128286,1243.4071815462185,1257.5244360892877,1266.531994953094,1279.5105561363102,1285.5664417522985,1292.5315200343362,1296.7151067025136,1296.805608899451,1295.8476565397639,1295.2931297134894,1294.6845980615456,1296.0060233850552,1300.0832255010769,1310.1812537251938,1319.2416061096121,1328.6576338537227,1339.6756133607234,1347.9461897202195,1355.078932867375,1351.4199498685468,1350.709593198618,1350.2738177115145,1356.189120247387,1361.5784465553193,1370.9856708127359,1379.8962373877087
1558,118,Bristol County,county,MA,MA,"Providence-Warwick, RI-MA",25,005,974.4974135836068,977.1993128372325,974.4044557238958,963.7789956841075,970.3208129296027,975.4778438540383,986.3332722665106,987.9035981559732,995.8415932873411,994.8731258538023,996.7675236465516,999.0108817966424,1002.710486349399,1001.0589061059459,1010.8222023549713,1012.7670083083847,1026.0052212400913,1022.1447377176528,1036.2577156520897,1041.4012883730168,1045.61510482592,1046.3980873631538,1053.4815456037668,1068.6191671204415,1067.7213143006086,1078.0276562487875,1081.9302648426606,1097.3817870580833,1093.6259750521895,1095.9320131526758,1111.296083736091,1121.4573156702438,1128.0623404493285,1113.444154212361,1118.7294613823603,1115.5106316440506,1118.4504076686314,1115.7447898154242,1123.24429708231,1133.1727144511285,1149.3052620046167,1163.648661445384,1176.391473241801,1170.3114384604412,1171.5764841374578,1171.2533557274746,1182.2437623813478,1184.1619003760072,1187.4974486956667,1194.308247991903,1207.1760219168918,1212.1971032558924,1214.5358093504567,1217.808082625956,1225.6380663006946,1241.1610844071652,1238.2740540777552,1247.1110808164017,1242.4729885954034,1241.7340399546713,1258.024336898406,1276.0890377716903,1292.9778870533967,1293.1332418655586,1292.25951022387,1299.9983281245516,1312.4587669770374,1325.500104758955,1339.085116730953,1339.9274733548477,1335.3942891961017,1342.9136124735144,1348.4775514049752,1373.2089453228302,1372.9558937840445,1402.5683210880031,1410.4200166722667,1441.6924360397313,1450.6590499819347,1468.302575934526,1479.1200898978714,1486.890410673928,1486.8316509170206,1496.3539139331147,1508.8227455060758,1530.9485664588883,1542.8618547190524,1564.3000827006001,1590.7768211332573,1634.206891333708,1658.0308453214361,1660.9110709474887,1645.1885326829347,1635.9225578305727,1643.2568424913536,1653.8460096041742,1655.3835393744039,1656.0834714891607,1672.5732749251774,1699.9085946498933,1726.9907462921374,1750.0893872774864,1760.6427861344985,1764.7846947123014,1750.8117249757574,1766.5869119762278,1784.250361972844,1795.9825550837882,1794.5258123192086,1791.364732721565,1810.4732756194269,1838.588462952976,1859.9746040957211,1889.7093495064096,1906.7327459580417,1917.5319531310183,1911.5029671842678,1913.71920716773,1918.9428369718196,1931.1188193588455,1939.3338674213035,1961.7532038872166,1977.701471286189
2251,119,Delaware County,county,PA,PA,"Philadelphia-Camden-Wilmington, PA-NJ-DE-MD",42,045,1121.396406997649,1122.4110037701553,1125.9973397527563,1142.7139734800412,1151.9759088506332,1154.9963537710992,1149.6114228749088,1155.9672526866846,1163.3931501468587,1168.154290398533,1153.6795318299487,1151.605787007119,1152.5463338971433,1165.502307418619,1165.9418347106655,1165.406140011443,1174.9813685933402,1179.0977607065327,1185.372540518405,1180.8045017934166,1188.720297275207,1194.2754265747478,1197.1422533772134,1193.1667919358426,1195.106139271357,1197.2645958044686,1202.097561647321,1207.806470669563,1216.109312425073,1219.9150074998297,1218.2997962577274,1226.474216572103,1227.856471797192,1228.6892979213198,1224.9929891089166,1225.8176978953725,1223.8475182972695,1225.0621734327062,1229.4339662712819,1241.4624795207433,1249.4347587638063,1256.167054923844,1267.8592434232125,1271.3176510253347,1273.870777963144,1267.4240867153246,1263.9496455660083,1263.5373248249582,1273.5150528466047,1279.5025802293287,1293.139373288832,1298.5175247697284,1311.9597287015522,1315.5668313998626,1323.2202909515127,1318.5143598067925,1313.6600297853329,1308.9069815303708,1321.1682319198883,1325.870740903405,1332.037710751678,1331.252388242671,1348.0931117125285,1351.7645777158136,1353.0668504549164,1342.8853016479352,1351.739642950414,1366.4744727941284,1379.897316673936,1384.671793041208,1384.5297945183638,1402.3032997128892,1418.6263299956374,1432.9009957355681,1430.7348496695429,1432.621995961467,1449.793052643568,1474.348040742674,1498.594376626379,1507.2177871574702,1523.1109994958028,1532.7416060475593,1552.2009855343845,1553.7919505074308,1562.5757993856653,1589.1052473908069,1621.5989839676627,1637.2048335634383,1631.2080956185991,1637.2576816810415,1662.358279846995,1677.887570023851,1683.6300591836214,1679.8710421249054,1672.7712402107381,1664.7770306811055,1661.4897490190613,1642.3816933535834,1655.3849739264404,1678.8919245811844,1721.7944831322054,1728.02357952594,1726.8173035238467,1726.1080905162164,1735.2761143165192,1742.571368072062,1750.467840112376,1737.7766202410778,1740.374422562976,1756.3106253367098,1770.4760437249927,1777.253810064198,1772.8341643500746,1798.8586373043524,1805.6612220932036,1822.7184020942202,1818.450342236453,1825.2719780369869,1830.0758209884314,1840.5287011573323,1844.2514707580733,1832.5102604228398,1831.4589614131946
771,120,Union County,county,NJ,NJ,"New York-Newark-Jersey City, NY-NJ-PA",34,039,1562.0838176356576,1555.3336622798788,1558.0217916365684,1553.5088227707895,1565.0026662022638,1564.5962398283145,1564.7686268921666,1582.2803327319646,1600.5089767077873,1609.0875232322385,1596.2974623118469,1574.0696983511593,1597.7355725612124,1580.8405903131797,1602.9766774605969,1605.4618146613007,1635.2036425754893,1654.1800995955734,1662.206429028378,1658.73640774185,1650.4033820050859,1650.0849826914773,1650.5560899766415,1662.163906035654,1665.1845273900508,1684.4191967722143,1666.6628185458335,1668.9826867287127,1676.7574720455277,1711.2264564621203,1736.5313526771508,1731.19871649472,1735.6424004735716,1735.175756873669,1735.7426099243196,1713.421922900689,1708.9880795331592,1726.4487060735974,1763.092014503259,1784.6169266374377,1792.373544156825,1800.8018644325664,1799.8979751044121,1804.607685728444,1809.724171828943,1804.0902507195856,1808.4132337816475,1805.457761558155,1813.9741094538622,1831.480092385381,1828.8387447554032,1840.2700519726127,1863.1766537940755,1886.0690094456208,1892.4610513308005,1880.0564206524405,1882.1531527724098,1886.5474577669709,1883.3988255012266,1893.7535863448136,1888.3267945230025,1891.5020240083556,1892.0221916304727,1903.7071992048348,1920.0094252451986,1924.8114663206068,1938.2866052356735,1943.4322094733668,1943.2088957400733,1937.3379410491439,1946.798485533886,1972.6997820424679,1990.779995626931,2003.5772051124466,2017.9644154703324,2038.7066892674554,2040.9152059755722,2040.3589119407425,2058.32438830101,2079.468528947266,2098.2483916012193,2103.2412530058073,2119.7822111350265,2131.412155732534,2148.084506655081,2161.50253086998,2172.9314159582655,2183.8669975433377,2209.179151674867,2241.01817110576,2279.2719674144832,2291.850459180155,2308.6377083818747,2310.606095706266,2333.1686597704243,2326.2967811817734,2348.9453417726218,2340.056470036024,2364.627708174942,2356.1339326740917,2377.170403066927,2390.0457708942836,2408.4923368772493,2416.263492700049,2429.8213933383977,2465.8948490978387,2484.012358472116,2510.6424522548473,2494.708049197564,2500.8048969918023,2485.9636484642574,2485.3134006413343,2498.883603331984,2528.61772710878,2554.4372669321924,2579.1284141981528,2584.6345939259018,2601.145542776456,2599.175247802236,2583.0199214622153,2589.1219746072234,2590.5634072949115,2616.1536420811894
2986,121,New Castle County,county,DE,DE,"Philadelphia-Camden-Wilmington, PA-NJ-DE-MD",10,003,1121.8112056334264,1129.7465287937855,1144.0674697987629,1155.1055412080757,1155.1645231923428,1148.0061022743996,1144.4182761334687,1150.6985219648534,1154.5436489578983,1152.0572461032834,1148.138083968665,1155.4131277201373,1162.3390549920227,1165.475928461016,1168.9595627601982,1170.1079218361447,1173.484239292823,1175.4804377143432,1180.5788298677653,1181.7172692450342,1179.5699456927166,1173.9969708096698,1171.842181103991,1166.2157285945143,1168.7157407882082,1171.9874682818872,1180.8098001455087,1188.2380364046337,1193.8771493219729,1193.5450946114786,1197.8398034633335,1198.5133871778191,1205.3889697154443,1202.0816436827195,1203.1496788740349,1198.752216432523,1198.539134458209,1206.3523661886763,1211.6845766600056,1221.6232937186428,1225.6903666367746,1239.2492538966758,1244.1364819424628,1243.4224949191441,1243.3720228132026,1241.3625386543092,1245.151610176335,1242.0971725979616,1251.129780494499,1254.0886945422446,1255.857432020152,1257.2714007209663,1263.05166415616,1278.7722603548323,1287.3295302339284,1295.528917284529,1296.0400912253554,1288.33038758346,1284.5996468050332,1287.0745122884052,1292.3496816626753,1298.5751409351726,1302.59489946681,1305.5341455216615,1307.1164512235093,1306.1072683183475,1314.927424761079,1330.5217210017313,1345.5691194166056,1358.69421817788,1360.1784497179463,1363.6888728607812,1367.261917888918,1377.6094219803767,1398.2688808561948,1416.0273653170493,1438.0906851150844,1461.7605147677384,1490.3393181569022,1514.6236271462399,1526.251760438892,1540.977888091598,1555.3097909377586,1573.7223000223048,1582.2578672870623,1601.0769077027471,1611.9816102760615,1642.6041694124137,1659.4368555247568,1685.7891622406285,1699.4265536108417,1702.926498988438,1696.3419025569092,1672.7186628670624,1677.0096292058738,1678.5187520378558,1692.0026029414512,1687.366213198441,1698.1674459896276,1708.077351672843,1733.2681140442974,1746.0632021763795,1768.2813453490544,1771.811604783071,1776.7496598101984,1774.4226077542687,1773.1197941981518,1787.946622024365,1783.7128091573215,1790.349517545209,1782.539714744011,1803.4679927047819,1814.0501412927222,1833.7341139797304,1845.6191386661847,1849.9515398677015,1858.9357567561347,1861.8600652893933,1864.8856407380877,1859.6537243327325,1860.074391069847,1866.8340878649549,1876.3644218100742
146,122,Dane County,county,WI,WI,"Madison, WI",55,025,1028.060327489296,1038.6117677810855,1043.5084125568037,1050.5885104783804,1054.4462986920405,1059.467227455346,1056.156691362886,1062.9782108778693,1059.1861099277457,1059.6613362093717,1062.1442249898323,1067.02538130442,1073.9560892982881,1077.1686238035834,1078.8280062633248,1082.944532615127,1079.0662708108696,1078.8221775290967,1076.0479216681297,1077.4444097742103,1072.9486515320411,1075.109756562061,1082.9124697815273,1091.344296516332,1097.3847147582946,1097.3542572319002,1106.043871357933,1109.1613914552288,1118.0896890204692,1120.3433479750904,1122.9025377939618,1117.9807785030298,1118.302869560612,1123.668835623809,1125.5264405350272,1125.3765697119825,1122.8657867032457,1130.6254352016456,1137.000567912245,1140.1703989418752,1141.7698919854654,1144.842809931047,1148.0105765908402,1143.6694007930587,1143.160761600545,1147.1895443660983,1162.2233536273932,1164.2999477745172,1167.3903164366532,1168.6383604041118,1173.6871590466367,1175.3145939738642,1176.7335617766487,1180.691367731256,1184.7493872478701,1179.5416985487293,1185.9242880861339,1190.4661786303889,1201.8300002823503,1205.5638035489903,1211.1342738862998,1214.9960608777424,1217.8893297330821,1218.466385296269,1217.6799781674308,1215.4631382112013,1217.426000965849,1217.6005679547104,1218.7980101097353,1217.115494229115,1222.4003269157854,1223.7608353729884,1227.154982658607,1228.4981471765163,1242.5241810970847,1254.1273151131884,1263.5282152713994,1265.0288428543818,1276.2933161029348,1284.1258238316339,1298.8019251551086,1300.916812265073,1302.3921967108265,1305.5987353132023,1312.8997439673738,1321.8200227336297,1325.483893761778,1335.3610004367208,1351.5776035776519,1370.8008773210456,1387.439346086141,1396.5249976501057,1401.09438688549,1398.5054368716349,1402.2360434535751,1412.438737888127,1432.030428963591,1453.1825651097413,1471.085084079486,1486.2759927969091,1499.0085984869079,1512.6265260183795,1523.4188048485642,1530.4153984166428,1531.928523344034,1534.5091986754958,1536.5583993720097,1539.49402768747,1543.220464213513,1553.0877842650953,1565.5568089882238,1574.5499202309366,1577.2140441855477,1580.9101602531748,1580.151139077841,1583.058181789738,1590.5679748052003,1612.1672216238808,1618.3616536621387,1625.0069995092642,1614.3930223008124,1623.1236826198465,1629.0862423231222
669,123,Pasco County,county,FL,FL,"Tampa-St. Petersburg-Clearwater, FL",12,101,1063.8366540705238,1068.3416700043724,1069.5840762496093,1076.0310252621023,1082.7239097832105,1086.8102759087335,1093.3036964653572,1096.8542165151443,1103.5592871051865,1105.2069711799431,1106.7428816234717,1105.2531871357087,1110.34923493464,1117.2609901097555,1121.2870422538451,1127.8943081141344,1132.9818557162573,1144.8871015073203,1146.730224866995,1151.783221178117,1155.2931277643208,1159.1558877344423,1159.8053515770773,1159.6720865110133,1166.3443792001437,1172.4951105858354,1180.8886822756435,1188.0249673571707,1195.7427542425917,1200.3772375057065,1205.4057380272004,1208.028329642657,1208.7183728700386,1210.7123028949268,1213.6731058928628,1221.6397477165115,1225.565327187303,1231.5187111276362,1241.8771801462815,1250.7265379024689,1259.9710716949653,1265.2279782405183,1269.577625300175,1270.1329793118687,1267.6884585633327,1276.2288007358293,1282.6948324449702,1286.7144287645933,1282.665097997085,1290.6888834474653,1300.0465944553791,1313.9199403348666,1317.8284049781832,1326.6528776314062,1328.712052855315,1333.8311959363557,1341.3414050830222,1341.7248168957976,1344.5332246735284,1339.9225647800918,1339.6944489714822,1344.819383070525,1358.7540320082287,1372.7502404823204,1375.7311902816634,1381.9409429522354,1396.907353348435,1414.2266175650643,1426.6952424287065,1432.6735617154745,1447.7632963793615,1455.0549812153613,1470.4863841624874,1480.7550151700798,1505.1658595321946,1537.3294993262966,1579.9336879969476,1620.7576438985675,1664.6451248454664,1711.8630556032012,1767.7429242119597,1803.8727991902733,1823.614591634341,1834.906485026131,1841.8190417347425,1851.678400967411,1864.9401829575165,1889.5501763904358,1922.5835874778077,1946.6282186052513,1961.6937253197837,1968.396962638634,1963.602860898977,1964.2305628463841,1959.605024444096,1967.2898414841504,1971.21831746347,1972.2401018902879,1976.631571191444,1982.324446194371,1996.0204907584962,1997.7898244662263,2007.3735407005054,2010.2821530436595,2015.037321802113,2013.7808246759698,2021.6683200940945,2019.9179385654645,2023.9943474686186,2020.9757099674123,2030.6193396185997,2034.1175667860782,2034.1640764832196,2038.3948753272473,2044.5485840908207,2049.67911575243,2050.8592924620234,2053.2981718520955,2063.7865840280037,2073.6712274966153,2086.166147942734,2092.6781528589986,2106.735489534544
3033,124,Stanislaus County,county,CA,CA,"Modesto, CA",06,099,983.0456909744476,980.2066568843579,986.6762288233841,984.4289983943476,1006.546254423828,1025.0129018223959,1040.1644683712932,1039.0314304818328,1040.049258197357,1040.621424437532,1046.9802318878023,1048.0807179708245,1048.8469006308762,1059.9643738167608,1084.3005775427832,1107.0922929078797,1117.2264778780157,1121.726395275637,1130.2493390955715,1142.442316424994,1141.8250969740677,1148.8159405681579,1154.0232521157116,1161.7310061964224,1165.9984579102359,1175.2063289729163,1190.6201768085596,1202.2732019211371,1214.9573218159708,1230.718447519274,1247.8309001530104,1251.8999306294975,1256.9166249017253,1241.8046624266183,1241.9158249294583,1238.3339764679702,1254.012916167895,1260.546331750188,1275.1021996548334,1282.3361858779633,1296.800203921661,1304.4992853007066,1318.6004730518955,1327.3098912691585,1335.773448453953,1341.4675146236616,1340.26023664279,1344.9913351522623,1338.8020841239922,1345.678796996621,1341.9168622290888,1362.1737380588986,1368.6945010376069,1384.984010844026,1387.1862671294639,1398.7466904853145,1396.0914811000575,1399.9716847300658,1396.445610890447,1409.5609996706014,1413.8525071246122,1427.716094673824,1439.0938788306717,1445.4536694011647,1458.7367675760768,1467.3060609740553,1490.3105555694565,1502.6007409599563,1508.183617684397,1524.2060244394377,1537.7867125415162,1554.2164033351335,1568.8101629804546,1576.2775904808743,1598.894519566578,1602.9856920983273,1632.5761876617003,1656.8707682420402,1692.3413495112725,1712.618361318153,1715.328782793884,1714.4364954747593,1724.5290450866767,1746.2938395156834,1768.108986639826,1781.4415713203887,1803.5556391815094,1822.3363583508221,1837.1551005503682,1847.2417540193978,1850.16018254413,1859.6725394065516,1853.8446279060875,1857.6920943444857,1848.9288309255312,1840.3554905352482,1850.3287496677872,1853.4275569852887,1871.4439072882826,1870.509475004227,1890.154034528364,1900.3607462023283,1913.5783760024067,1920.9772132812618,1929.6152521211989,1932.14906522247,1923.923642337737,1922.0191227131295,1918.5904147836252,1925.9893795350804,1938.463298405884,1954.1588101424493,1981.0305327906508,1992.6396975445284,2006.0308249961467,2006.9561459301342,2012.6404886913765,2015.6986712185033,2015.7351277871592,2003.4794250097104,1994.3690591147233,1996.791643851775,2018.2774166009983
2776,125,Lancaster County,county,PA,PA,"Lancaster, PA",42,071,759.3103513829658,759.4935970054075,766.9114207984119,773.0137820737497,781.8091680605831,781.9323145938474,782.6940131080413,779.8467429410025,782.5114093570274,788.5863554737596,791.4781776758356,794.2194001768554,788.2651083488853,787.5858272889581,784.8321139611757,795.4496382455313,806.4777323782932,813.5768749971965,811.6653040324281,809.7534273653935,808.4957347177436,811.1075839083544,812.1186408889873,817.3002960282469,821.4774597718267,826.1104099388222,827.8876848166569,834.3246504638938,834.9407749831545,840.7601635377678,845.6701308767383,851.4718696307104,854.42102674666,854.6287119065641,856.7383978625469,857.9373729950491,854.5645952837767,861.8654200425987,870.6860970916373,878.0496853394847,879.6789305587595,880.3344399951686,885.4229171319425,889.2362955715781,895.5945569757456,899.3822644656265,901.681487597708,900.055999936761,902.0160849388245,905.6136427799454,913.4352669385131,915.3734051889285,920.1380198599568,920.210745794616,924.4297119176205,922.9007215182098,927.4957434215066,930.3382719948029,935.2352610340873,933.4464121923128,936.7559737773878,942.89407877287,948.7113967678347,949.790199812585,950.4854909974074,957.7520840191637,966.6245803277226,973.3701133604616,982.2223728043002,989.431264285657,998.2264976143498,1002.2163899140144,1007.7551049702819,1020.9562446450399,1034.9255261703483,1047.5407862487443,1052.529420745478,1059.921071125253,1072.8491561288645,1083.082335840599,1091.1865193344272,1104.7318618452655,1115.2490287652706,1124.0975484066737,1122.606974488523,1130.7890791894656,1142.6703055667285,1157.7968946067763,1160.6638957203932,1175.4008847045363,1183.0790806010882,1199.9704546663902,1198.1986120519146,1209.0264465803514,1210.7648953580576,1214.4199280966614,1212.777710721125,1224.7040488748064,1238.4772244971614,1251.8180856983913,1255.5529648892882,1263.0583959071148,1267.113338318013,1272.8050064211639,1276.403002593834,1280.4836978924238,1283.589597047711,1285.9553562213557,1287.2489851128776,1291.0783298276908,1294.1382942356975,1304.597057911944,1315.9209929681426,1330.7068739396934,1339.289845170091,1340.2218223902644,1343.732374404028,1346.2177427813563,1355.2817703043954,1351.9316730397936,1362.327860171937,1371.3290389057204,1385.5114174471219
1349,126,Ramsey County,county,MN,MN,"Minneapolis-St. Paul-Bloomington, MN-WI",27,123,1013.6607797357018,1020.2733968309526,1025.0873075298114,1033.1998032542892,1040.0865118051947,1045.8528649050825,1046.2813962658547,1045.7797149958985,1043.8878027201652,1037.8625356393172,1044.0489605584892,1053.1628010149166,1064.7745772912679,1067.3582873723392,1068.252501327913,1077.972736778173,1085.0273849952262,1089.653043108232,1090.9518565948574,1095.9348066784737,1100.5015023958945,1102.8275868389574,1094.4537721829615,1098.4466712929766,1099.4597686958903,1113.0089780976114,1120.59042762961,1132.0799682787526,1141.1826063109631,1148.3710183962535,1156.055009119205,1156.3075246791132,1157.7306418023072,1153.9817392070383,1149.1758883562657,1152.7475723374262,1163.2934414580316,1178.1694940361622,1186.9162466282262,1191.1688050429095,1194.812523090599,1196.2655124022588,1200.2764998839923,1203.4757458860522,1206.1817669361521,1201.4467410402467,1195.9245139620652,1198.878261289063,1209.1631726280757,1223.182700407287,1232.9918470645052,1241.0432929165775,1246.5571716049808,1249.5964579429015,1252.6274597312713,1254.5916890837311,1252.4257579640218,1244.252207958804,1242.2031189255042,1251.3764688270148,1262.0489338723137,1270.61517133036,1269.4027790936634,1277.1563579622152,1276.1102012453373,1277.2511248896037,1270.253808418845,1280.5587134931425,1276.3786905922536,1286.6340996550462,1262.7043258701394,1258.6255993490959,1251.43512669012,1269.6086101200951,1281.3387900778032,1290.794348703117,1298.9929530817399,1310.3565066120261,1319.6787360478154,1329.0265556203583,1329.2321819333536,1328.1780347869897,1323.8798857120496,1329.0680503156484,1336.8452201641858,1349.244921502043,1360.811327071293,1364.4373376612773,1366.3402757146466,1364.4275765016866,1367.1424234319284,1370.64448230149,1373.264616379874,1375.5672524558354,1375.0718990879277,1369.918319769041,1377.0054962482088,1381.4069678382245,1395.550457728906,1395.110193855472,1398.9679442754057,1398.6624947509945,1398.936475637773,1397.8347787339883,1398.5432664558004,1405.530093559559,1406.2108109641745,1406.6040174623813,1404.8200350921325,1416.8854278236695,1427.283852021255,1438.7849957678673,1441.7266521502322,1445.6653960567726,1449.7489052793799,1451.808625622104,1459.0236462038188,1457.0444886280666,1455.6756888774446,1450.66173581644,1456.0077695589223,1464.7766119876128,1469.910950976261
2063,127,Volusia County,county,FL,FL,"Deltona-Daytona Beach-Ormond Beach, FL",12,127,952.1229569847035,950.1532398208154,953.6849189402792,958.2595773966627,970.404281032775,978.3886897555793,986.5340318769346,988.2921418523151,1001.1312107791126,1006.7132353532434,1008.3047277195112,1001.5079369843476,1000.8439402005989,1007.3269424035124,1015.7120293394232,1025.304239158579,1036.7185283107033,1040.8463245133755,1047.8039678277055,1053.4529363713093,1060.1880666600264,1061.3788092160885,1066.75679275678,1066.5292695880016,1076.712217898309,1073.2256135516952,1069.2362892382403,1074.6724145326089,1089.8599406726123,1111.7191729522979,1118.5405006310375,1124.6278883901452,1125.8090008607026,1128.0331391861093,1129.8806170112712,1135.458611543201,1140.6623032379175,1143.8435694210884,1157.6226293597917,1172.886435762273,1185.3590467869483,1193.0199491258527,1192.0513849302329,1198.1427999487755,1200.5755281773113,1206.3137079315397,1209.7429570948436,1214.0536511771975,1218.4808292912937,1228.0024336144813,1242.8366416741662,1252.4029937360801,1259.2852043774196,1256.180632848821,1257.4013001246906,1260.4773326339648,1265.9348188721046,1270.8556885906726,1273.3057386701923,1274.6481565359934,1279.7795071463572,1284.9021029306166,1297.698048960108,1297.3043159060987,1302.1588577618675,1303.9241150027815,1318.0564566244016,1327.474936766234,1335.8756790293528,1346.2882144613998,1348.5340282206416,1351.178663143735,1355.641426565758,1369.4865467156696,1388.5271737059575,1405.7211654918772,1422.4901212690042,1443.9739463606336,1476.7411711379668,1512.0798324832544,1543.377240811093,1573.9287937964602,1597.208349679866,1607.0800972993907,1611.1847403830614,1625.6995564687018,1655.4835267220303,1682.5076427707868,1713.193226219926,1734.6910763370859,1752.0871469017989,1753.4966227709635,1762.2089958417773,1762.2560440158231,1767.7988877328767,1765.8416674313034,1768.2905336218173,1773.825573744994,1782.5289041767862,1799.2477986981555,1800.8424058086905,1808.5655560379323,1803.6464300983173,1806.5648769930692,1801.7064390033345,1801.3481481113317,1797.7723027918605,1796.0911393544302,1796.0298454751646,1799.2688358574585,1809.9009424256985,1818.904831342088,1833.6645283225237,1839.0645874398622,1850.9635632487307,1851.7582410137159,1849.1806970588812,1836.2572897454013,1839.2207134323676,1834.5871853510962,1846.4401429019083,1845.57854724179,1862.3051365046822
1404,128,Summit County,county,OH,OH,"Akron, OH",39,153,699.3543157081318,699.5524435305848,698.2062045710642,704.1248515646236,707.7592845964635,713.1270176981998,719.4158680301912,718.6745806106588,720.2433061829089,719.8723456598385,718.7263169793634,721.2691413786014,722.4548911975978,724.2798965034601,719.7389769947251,720.2593133105997,723.7200308671521,734.9581810334917,738.7392669183239,738.9948991625308,735.1118815955482,734.3557085898897,733.3955285976202,731.1675443432354,730.98652966555,734.5548147639425,741.2486037751283,748.4745347029741,754.8299395012978,758.9138346900423,762.3258470595479,762.0528286974728,759.4280890797216,756.2028378975268,754.0774828898319,753.4251739330392,757.2814760450435,760.1305788678525,766.1994211585599,766.9610621740009,766.7558688701215,768.6421614001081,770.5150288678675,772.4992779843874,772.6833312012023,772.9520561298609,774.2184516262088,776.3940910400592,783.9300203703074,788.3798305567581,797.4735623465384,794.4300517237598,800.2177688459103,800.3069558458731,806.1136028811087,810.4977446903741,810.2859436534654,811.7099132677093,807.4414526711739,807.5800916139193,809.8023108645225,812.5976106319412,823.3329549593901,831.4587317647694,843.0974763655065,844.8573502228035,848.4356059302204,848.5358094500609,848.5781086678362,852.4469152954686,856.4192945027565,865.3284295845946,870.5758642318297,880.4130454591142,882.8904556155238,893.9938017490057,910.8566815825303,929.8585840164156,942.2999862103253,953.301163613224,959.1363524804362,963.177493834767,965.3790209968794,964.7442240132975,968.058238729939,974.7897497346016,988.9587556497597,1010.1831926245462,1020.7183774394168,1039.3110025928272,1044.2647212046465,1051.9575869106898,1057.1781049870754,1063.072331888011,1065.6813135370787,1069.3247725480112,1069.3473859631288,1068.3069014937096,1070.8686176200988,1084.298059072178,1100.316409438906,1110.6454504828926,1115.3983835979009,1121.4963015919018,1124.0493881696357,1123.087540991458,1123.2331343155067,1127.9677997397926,1138.396456837722,1145.9626652708143,1145.9010982136897,1146.8352694294567,1157.4622387351797,1173.7453820173412,1186.1571655007021,1189.5107059054842,1189.149751357512,1192.9121066944108,1191.6397135864095,1190.835337830192,1198.3327052673105,1208.8486257418158,1211.4853709508882
2312,129,Guilford County,county,NC,NC,"Greensboro-High Point, NC",37,081,877.5740815106576,881.9734698294219,885.3950984836022,892.3269601827308,896.9673057019331,899.4576970965086,901.352419065449,898.4851309588961,900.8685161128719,902.4193922517584,907.1097382678889,906.7982612254747,908.4929714269249,911.4642184938692,913.3406741872146,913.8077976779908,918.4239869483104,922.0066044225366,926.5706973007162,927.4263167223842,931.4996814038478,930.6828589844052,929.7088425931762,927.8927353861534,930.5099146566157,935.7313914993141,946.4427289505999,951.6951784931036,958.6253813799184,960.2847044572653,967.8974319530432,968.1188095997129,965.6210465629423,963.6308150054429,958.9299215043077,961.3256338208791,960.1971777366767,970.1859274084059,979.0485759420394,991.5760389465277,995.2116109049106,999.0569426210251,1003.3194087715513,1007.4684058277264,1009.0653635074599,1006.7803622035522,1006.9992260305453,1008.2973118487525,1015.9797458441764,1020.3464002320749,1029.340997137704,1035.3560218501125,1045.185274670509,1050.95742231177,1055.4607765995675,1057.2389713532914,1057.579693922734,1060.0615355202713,1065.2437001316052,1069.421912421597,1072.8120191389996,1074.6058993246145,1082.1213571470787,1087.8511197222085,1093.7839266053977,1100.4777385259886,1104.5685146237709,1121.2405971521794,1130.929841706634,1140.134304562235,1139.1107795774903,1137.0152137050848,1135.091785552,1142.6164958778136,1161.0075754289326,1181.5634434832534,1197.852381659056,1210.206479714403,1232.7128457769602,1255.5690039389494,1277.4415593585634,1294.3475682641401,1307.9442273111092,1315.184972851506,1323.4793268280766,1332.4856527592137,1349.8112809462539,1367.6632797706543,1384.2511850104186,1401.849358381017,1420.7113174458152,1429.6146466994107,1432.6631696220527,1427.317313288724,1431.474883621855,1434.3849062716447,1438.6829177062657,1443.3388248922565,1451.8887122623285,1463.7356126597692,1471.5966115481933,1483.8530971182083,1488.9797548695396,1489.792803206656,1493.2169374622981,1493.7980528234332,1501.876504439541,1496.8686218342327,1499.6438993507097,1500.090295602722,1508.942560357984,1523.5256670046444,1543.04581069528,1561.120768383634,1564.6949812037017,1563.8695365790834,1562.7302029167947,1566.9304394740125,1569.8378577925787,1564.9056043303224,1560.7985629458053,1571.1922120974602,1576.9447740097423
2980,130,Montgomery County,county,OH,OH,"Dayton-Kettering, OH",39,113,700.5243813171805,697.8554100387752,700.6019625872007,703.7811815813504,711.8661121014076,713.6688456083594,717.8562758876908,716.8042321158188,715.3473537997018,711.1558770869216,713.0478794981799,716.749516473466,719.9928641032933,723.2080634918358,733.2453402203515,736.0936946494618,741.135074278112,741.2818754119061,750.4457750059242,750.7825793109823,748.416049768295,741.3745659008428,738.2613005900004,735.5615196705401,738.617324549407,745.3628300822734,752.0261552772818,757.0897672308313,763.0301989557034,768.2461464289638,778.6487205862016,777.9789270420512,780.8940731364121,776.5923811486552,778.0590852311742,775.9202011954711,774.8181689205344,779.0242414235723,786.8373770524465,797.0827939977225,801.3081691667217,806.2089755637863,806.3005923621917,810.4672184125617,813.5321725325706,814.8742040761059,814.9828610408354,814.267537642716,816.5387260515527,817.6718614322441,823.7884788922726,828.657183313473,837.0316750944563,837.1973050637863,843.7555625781865,847.5604614024271,856.9697846335326,860.0954577143855,865.9384115379697,861.8440173160249,863.482638062435,864.6019603164385,875.1117578484709,881.8657686584247,891.8624443650393,897.6658933852231,904.8001496542721,904.3926719772977,904.5774288591323,905.3083700238908,909.6975827520143,915.490405012602,916.2372633677019,920.002417890771,927.175826513355,941.1990583649789,951.6162387688862,967.0260816663075,977.806940398992,991.8809808699162,1004.7909802360786,1015.5704254510999,1021.4759380879494,1020.1525774089583,1020.4761575087405,1028.4523093252496,1032.93192260197,1049.2060786375798,1058.7538956705641,1077.9912845201397,1087.7840422592478,1092.7759068418893,1099.2154944361764,1101.66238551034,1106.0527457811882,1099.3813307084238,1102.0286174761518,1104.1426165201228,1110.2150423703524,1117.3891438615628,1130.0857384496494,1139.7791737764724,1145.7166622476843,1152.3503962326117,1160.2010261112346,1169.1225961831167,1171.80327988904,1173.267761519513,1176.4449524239847,1177.1473135528565,1188.0733517410276,1190.7741234089985,1200.0082660159171,1200.5359164469623,1209.350504882904,1216.1623440231563,1222.3553959466287,1223.9719266016014,1225.7495380380758,1223.524210355533,1224.72702935402,1230.8537841786765,1241.6948191537217
1611,131,Chester County,county,PA,PA,"Philadelphia-Camden-Wilmington, PA-NJ-DE-MD",42,029,1308.9552291360208,1302.2888747030966,1318.3740000676364,1323.1560522334569,1336.4805334982025,1334.64954979563,1340.5858586589611,1345.380337362241,1349.047484589821,1345.649235075741,1341.020761540161,1338.7686783582596,1345.0199159145934,1346.1520601199327,1347.0928555063542,1351.650087862486,1356.5596400954712,1362.6238111191176,1366.2479656958974,1368.3642121876387,1367.0298992917071,1367.230943473135,1369.9270496920917,1368.5520961046427,1365.6083530109436,1377.6151168570848,1402.2963612943945,1409.8601445647387,1408.841728568283,1403.237217687405,1411.848270321771,1413.951232477885,1407.4095367586226,1403.8898187094505,1402.132493260284,1407.831250736613,1410.4304866423543,1415.5870343749941,1423.3388303599388,1435.1068118621415,1441.2061867744828,1448.9545168529385,1450.973022430976,1458.9476962293857,1463.707422467494,1465.2120208042543,1464.076251889262,1464.9074954358155,1460.7363010605643,1470.7322509240114,1471.342511695881,1488.2949913062182,1492.0013332125584,1500.3964669579655,1508.0352976449367,1519.4017886467216,1527.5537140460233,1518.8904988231952,1513.2376261653285,1511.049907212856,1520.541833882254,1535.0878400343854,1546.1157601551688,1544.1567581503518,1546.3465527064125,1542.472560591295,1553.0509499720683,1558.1533595178232,1568.0255649689168,1576.004824057554,1581.3966744127895,1583.3245984230366,1591.0296278411315,1593.4045404166177,1605.554549834441,1622.8210839402395,1646.2039860397958,1676.0631546598,1703.2027195547969,1728.3450659480027,1745.0476081408026,1750.750571664709,1764.8155585755146,1781.4285117200188,1800.288090987407,1808.4881341575267,1824.157625513958,1846.691179087184,1870.6452641571038,1889.490326165295,1905.6417563605878,1913.120628524956,1913.3000536150514,1909.2542680164138,1904.4507028408318,1895.9985659841586,1892.2304147785158,1909.4190786258666,1934.8373589916782,1950.8893802200173,1956.8218593627712,1964.7007208997059,1980.5758962354155,1996.1226089561715,1995.7115087333407,1990.463961785769,1977.2270798816176,1974.4808536203734,1970.3962889291145,1971.8541863692371,1978.3810717370652,1991.6062146503255,2008.2740516015924,2025.9942786236409,2039.963668200508,2056.117264815569,2047.0430719447445,2042.4619243669351,2034.1282216447673,2040.5344941454257,2044.1669911316078,2049.067765567368,2055.420213355206
2033,132,Spokane County,county,WA,WA,"Spokane-Spokane Valley, WA",53,063,752.2295154101799,761.2806239301774,769.3401307587143,774.1621199799506,775.9641101098154,781.987955963653,784.2373471384727,791.1367355829925,787.6380492883496,787.9659734632245,788.4243395608249,792.7700641142912,799.9963487595882,805.5159532041139,811.6656427160192,815.9601379291786,822.6043932863322,834.6855610522948,842.2438022978041,847.9689703982681,845.3333887175312,850.3788110001259,847.0142480965915,852.1975004000109,854.3082144938255,871.8993582347771,876.1278127571097,883.6733167698133,889.5771211751988,904.7699890112688,913.480126745168,917.3378996886198,915.910009523828,918.254172005951,915.3628806790017,914.5062698028224,912.9911420983457,938.4692699806033,957.6718827764973,976.1359540030722,975.9493793144526,988.6158089104284,995.7767707036184,996.944001185907,989.6366104820364,986.7125759489705,987.690271409825,989.5388869980604,998.9732974880995,1006.0997114478255,1018.0098318150065,1025.1782762562386,1038.1735409094915,1050.9700315013554,1064.078288893937,1060.872481216043,1063.7714624839916,1059.051909109708,1060.3349450394746,1050.6426165600033,1053.3503042121292,1062.6598040820384,1084.3729446473633,1092.523384278869,1101.0198833936765,1104.0224057023217,1121.7714841441718,1137.8855664729379,1149.36876233319,1151.2936311235446,1145.0874445071088,1145.7513511228672,1158.2929356448838,1184.6224741886808,1207.6482916767256,1250.9988900603691,1305.2141853347982,1367.2303053603828,1404.8861516732386,1417.9311720816415,1418.5793878375737,1402.2136923406272,1386.5862988277154,1376.2521649127173,1381.1809584185244,1393.9742541737676,1414.4905436636134,1439.978988410486,1466.601373346489,1482.178894848995,1487.7421356612024,1491.2099989412636,1490.405076108438,1481.9147988603272,1465.4345577881998,1450.6031105453603,1446.5678235017008,1446.345079934582,1458.5205581729554,1467.1618318864666,1482.8901902033474,1484.024934795969,1487.6728540414117,1486.1590758563116,1486.364989829477,1487.6183698320228,1477.8913102263043,1476.815761271373,1473.8242034232223,1481.7427257077868,1492.2046035663918,1497.2636496848413,1506.9654429849552,1519.5264697636035,1530.8294188966045,1536.5000647423412,1526.6322935589005,1528.3388809523294,1517.7585845600265,1515.1242527422987,1508.2195162908197,1521.1873795650135,1536.4458337682217
2482,133,Plymouth County,county,MA,MA,"Boston-Cambridge-Newton, MA-NH",25,023,1419.006667361994,1443.90860237436,1441.5726843257612,1433.4644254011644,1453.164702759731,1477.7789975348492,1502.3306327052783,1497.7884382449386,1500.2227402590333,1501.9721357678634,1521.8402708383344,1538.2527580804342,1541.235974180704,1525.7647626129167,1530.7855991007357,1558.4745756485186,1596.1709168445873,1621.6905927182675,1622.5708304853238,1602.1646821496013,1580.515768361469,1562.847966667414,1558.2888418855746,1571.928515996696,1594.5960204453145,1615.6987309286721,1637.1481464024546,1657.424132038269,1672.8030353844931,1678.2918758814478,1671.4226325150164,1671.8330721743628,1671.3239417000823,1683.4321673084664,1677.1138077678713,1690.9444890980737,1701.5345472824492,1730.6128690281557,1733.1986005798003,1752.851929473656,1778.028648112103,1781.259365890327,1774.6114012569067,1757.235721415535,1756.5781908938302,1746.367667214386,1735.3437760961667,1740.6360377286899,1754.598933114789,1778.9957603250416,1795.2915431224112,1810.6119774131237,1825.8901666989868,1841.7338282067392,1848.5870691323598,1839.8167742958262,1832.2737923637794,1822.8678820874243,1825.460880540511,1840.4233726687005,1842.7820587198871,1880.8724849488888,1894.9115472642648,1931.908304776608,1914.875248071276,1898.534732950742,1894.0472566239805,1905.123275468677,1919.290304145629,1931.6658527805205,1947.8656000213089,1960.3779633201118,1976.3086226814564,1990.6836994601315,2023.1497354017717,2035.549158857268,2068.7414771412655,2090.1208171535704,2113.1544309313144,2130.126164119678,2142.1393834421265,2161.6193011683035,2166.6233816227614,2164.5244986425337,2170.096556669158,2187.9806618708644,2223.9378437179057,2264.8829343278167,2315.040004235443,2353.259478447815,2362.670187922226,2326.581540459882,2295.328973984854,2274.3271730380293,2279.4696194725557,2267.176376917567,2285.335752729836,2321.396769385096,2376.5127182778347,2405.8182523271244,2399.4219993508054,2405.2924704713514,2418.419392969192,2443.7675270609534,2429.991488375471,2414.5769356118317,2393.3029596209976,2392.411406838598,2410.840622857506,2439.6422327329024,2478.293786186207,2511.771519871987,2530.7275907788116,2562.0115647800644,2565.8646035517163,2560.1253277189767,2521.560274281367,2522.8737540887373,2525.942862546748,2548.1666641121415,2538.1199922992105,2566.508229509444,2616.6040100250625
911,134,Camden County,county,NJ,NJ,"Philadelphia-Camden-Wilmington, PA-NJ-DE-MD",34,007,1139.393722473361,1150.1231875735277,1151.7820914389615,1150.5551723373421,1149.230519088259,1161.779138853423,1166.1973694772157,1179.6001208851967,1176.5922912345548,1177.460326489744,1167.6050737059113,1167.0845302822802,1173.76018762436,1181.4691144591673,1179.1422483378692,1187.4582735928852,1189.117701996086,1200.1676005075676,1195.2632913374089,1197.446532471469,1201.6529711367677,1201.6661494118184,1208.6911516359999,1212.0829092730653,1216.284685304513,1207.6299617729155,1208.7475525540526,1208.7421015091256,1219.8927266647142,1218.2337314992417,1222.1977037968436,1233.6814385667253,1240.548694575794,1242.3085981766685,1239.6018469328608,1240.8932510090294,1243.395041078892,1241.8114037049152,1246.9935869138121,1251.8688329751053,1261.6599329102119,1268.4634361112642,1277.436206899678,1277.1681888923865,1279.070248793647,1281.6901603106967,1282.9809184910164,1274.2271219038814,1268.73084836507,1270.7359723175891,1287.0170738598672,1300.5117730211027,1305.1810473010503,1310.5928400987168,1313.3539423548266,1311.8514454682972,1312.6180160269398,1315.5327966804782,1322.3490256881528,1334.6071592863618,1337.2559786170389,1353.6413584864704,1353.9489116596844,1356.9936644312525,1346.2638069960585,1350.8743559033123,1360.197503049751,1373.3498150087958,1385.0788784956414,1398.3107095760465,1409.314421981242,1410.7730238363026,1417.9803231695673,1432.0244547625891,1443.8911148396153,1467.1892990829365,1499.5210017160605,1534.4437859577222,1575.2736586007654,1609.8432723418225,1628.5568497053487,1645.0662831601637,1651.207238527229,1681.615185610129,1670.475461119926,1674.049898080403,1676.444350155136,1703.6861051465805,1727.6706618500125,1749.4909422410237,1772.033949241712,1785.7019637428523,1787.0398606958584,1787.9769434532557,1809.285244489514,1815.6333439312564,1810.5708451349792,1784.1404512027652,1791.1913208291949,1795.2297184862082,1806.3182517861753,1801.965208334836,1814.0336755119024,1824.0308823948867,1846.9953790113154,1864.6634248332366,1874.044491622848,1858.3631762246832,1831.0903185197983,1830.6055869893373,1847.478889167434,1880.6419855536235,1897.270318358687,1912.7344555259958,1916.8167204856386,1924.774820879928,1944.0951433959262,1938.3785079264728,1931.341380221407,1921.7971608412354,1952.390469506157,1965.4881558778316,1964.620553359684
1964,135,Passaic County,county,NJ,NJ,"New York-Newark-Jersey City, NY-NJ-PA",34,031,1360.1604984106339,1369.3579776392853,1362.5736984365997,1375.5238101075736,1378.1801693595269,1386.5800848292117,1375.971019030456,1377.638678527841,1395.0441902852401,1420.885109513506,1418.8317897015847,1421.170860005527,1410.9901756367076,1432.6571645956778,1423.9511300918382,1430.3452615132724,1432.2572180846528,1427.0933827875485,1430.722639351236,1421.9428270597505,1436.7362610374023,1450.1352728097474,1468.8682394533437,1475.931905109363,1468.2326109421292,1470.5727550208699,1466.994405122082,1484.8820303369855,1497.5815545678875,1505.2673639716866,1495.3973323207806,1492.5635675863057,1498.51374687194,1501.0458112198066,1503.5885462289623,1517.4499146363842,1520.42373936303,1496.6691007990537,1491.1597490175566,1509.2319840805621,1548.2830941002649,1563.3956598652821,1568.9077667389274,1576.374464170565,1586.612207093927,1589.5388431221295,1597.8144900657448,1603.2768845801304,1600.80264127912,1588.1104527744078,1597.6873173259771,1626.1688210321322,1626.45208822779,1613.2188708682656,1615.185918995028,1639.2954665613659,1646.4033656693605,1659.6586080091315,1654.2125748341628,1641.4707118792326,1632.3636889644454,1630.268509604717,1669.7016207004417,1686.6004973545184,1715.1184142377103,1719.1196653986176,1710.9041004432918,1710.4173110260128,1706.834917658722,1710.8730639419261,1719.7172803931949,1704.433452040772,1714.6199388085267,1732.1395349147756,1769.0684415875332,1775.1226063299307,1776.4392423055938,1787.6463223022736,1808.2121281837337,1832.4367198694822,1834.3154952104226,1858.3821250983672,1863.560164081177,1902.8800642167712,1890.273592142627,1899.5702264764816,1898.960210610797,1964.3463244772727,1992.3981107690224,2023.0444157889983,2018.1870318545773,2036.5592847727494,2069.1112287202177,2074.982045758506,2077.7945149183784,2053.8307604046627,2055.369757200224,2052.1533572034214,2059.872165232391,2074.642626277125,2112.213223808666,2144.7590769656617,2159.371399051684,2168.5656639643057,2197.3605556488615,2201.669972198297,2200.9632156908565,2192.626892407019,2196.671954173257,2212.7991720168384,2219.449379791567,2261.9028437672664,2277.7216331671616,2301.0850347256005,2343.9183913095085,2360.276403712376,2386.6577902076974,2332.077912736738,2320.434270599159,2290.0300625798413,2305.9764543899464,2303.7460110651687,2302.689237233355
2537,136,Sedgwick County,county,KS,KS,"Wichita, KS",20,173,720.5338774012567,721.6658219647443,724.1579390698864,726.820487117875,729.179146371398,731.4741176716706,733.0330104009569,735.4048482691738,734.965620696736,731.7273113278587,732.051831548256,732.3229122484224,732.2101899494621,734.0606121273806,735.939233524024,739.0277203713526,733.5567114926148,735.0200000891407,735.2805995874165,740.2084840300782,739.1060684887458,742.0163494986216,742.8916300379342,742.0894586434281,739.5825271526638,741.1908384690652,746.232683172037,753.2100154534861,756.7883771784356,757.3683901616175,756.1369297762919,755.9959175372412,756.2233892459575,755.6438508967434,751.7282474065719,753.7036230716686,756.1012766587555,759.5586320899248,760.8772333578376,761.6415990431568,765.5793725757894,766.7644184626305,769.6994648789197,770.8223036461322,772.4811926089907,772.9088346910033,769.2188043560307,765.4789097015779,764.3150856911259,770.3057380148446,776.9542428749128,781.0613569157142,785.4136535923242,789.1930153174995,793.9305168420515,797.0168859222089,798.9419944035917,797.8953955804786,796.3613432621214,796.7483323465009,799.4215911031179,802.6586331074018,805.1733105417343,807.4993477746906,811.7606942332022,821.2090004840015,829.550244637054,834.4282788986307,836.8395276596115,837.4886517962179,838.7880375525596,835.183703878699,835.4837109021406,839.4062185695533,845.8035902037376,858.0059883735273,866.63030812572,882.0452986469538,889.6880575860973,900.6729112892139,903.4116721638419,906.7024926349889,909.7875375526803,912.4372196411733,914.400733763991,920.3327664054335,930.8457872627297,939.7415616927475,945.08175518545,950.5193483031198,963.3629541268585,972.4451054768317,976.5247773629425,977.3117951961713,980.0538379737962,980.958787324013,985.1708647800855,986.7390130765027,997.1236934691403,1004.6450131956426,1016.9169331850388,1018.7350483000753,1024.3628112000156,1025.682756285126,1033.3440196419258,1033.912512199443,1029.7820540399832,1034.5690684222839,1039.1326701011594,1051.3271260107483,1056.325171425626,1065.3051317980833,1071.5416571728872,1072.834811880289,1078.2160934242054,1081.222065749506,1083.093541336171,1074.745786718067,1073.6500776173432,1072.5842379498558,1081.8776359870014,1084.584331918337,1090.3130261507342
2934,137,Greenville County,county,SC,SC,"Greenville-Anderson, SC",45,045,912.6490768794273,914.5374461999679,917.3295984710245,928.4741176482281,938.5117524286669,947.9945222341256,951.4259787829926,952.4863129754513,955.835372100406,951.2417262133014,953.8753436019039,952.5473994396442,959.097596990997,963.062397687732,971.8270962295802,976.9835938456448,986.1585940992504,989.5184892933052,995.7180204028269,993.2584087374747,995.1027369128594,991.4667624422862,987.5853075209154,985.8856667067621,987.0775761738272,997.4475403426536,1007.593099574973,1020.6312059931521,1027.660962234088,1030.2724380779669,1031.1803793695058,1030.5630848467056,1025.150411087649,1023.0796666170819,1021.5615083264956,1027.3733110718524,1032.3985608002588,1040.517110377582,1048.8760199208857,1059.8216290714647,1068.8372043991842,1074.4849193105315,1079.721813113316,1082.4813745410784,1085.0105312302628,1082.0539762229532,1083.6989366188707,1079.6421645260987,1088.5598109442474,1088.6764777590945,1097.4828338681752,1097.2803672622492,1110.5091198210696,1121.793644248434,1131.199962256194,1125.906879240915,1128.1811154109812,1126.4385652012465,1128.4113073556682,1121.8483860710567,1124.181208131871,1140.6399707096875,1149.6766315295038,1151.6911975623264,1140.6376666627125,1137.1518895578042,1137.4056029403541,1146.4636099373133,1154.3975877922114,1163.0030325624882,1165.8059064416818,1172.147166723778,1178.8277249288935,1186.1992413190446,1199.235635383824,1213.427341256538,1233.7611796052392,1256.9714570197625,1281.2834984182834,1298.6908252081798,1307.927598098591,1311.253394332201,1316.716648229561,1320.090161092149,1329.6888937171695,1333.9295766439295,1351.4029707570737,1369.5300361540098,1394.8453023645816,1417.7955676802455,1436.65407987076,1448.699844802108,1447.5544918679725,1440.0623640895801,1429.6021124687043,1428.4868991491167,1431.3495523776692,1441.81348423527,1447.1707676623082,1457.1687878815037,1465.9234496861525,1475.426000258404,1475.01709069317,1473.7430214101798,1473.8115781012675,1479.2884675230923,1481.5820800211266,1479.3144361645411,1481.070188865332,1480.8140981124357,1484.5587523036481,1492.3182080903366,1507.737896193652,1527.0454824700766,1529.7492899672482,1531.1381777192244,1522.4403090372107,1528.0465871010297,1528.5756195893835,1540.5377052872327,1553.498145928929,1574.6506065264248,1578.783647947145
197,138,Kane County,county,IL,IL,"Chicago-Naperville-Elgin, IL-IN-WI",17,089,1274.2733414563972,1277.3862480813152,1283.0118104575831,1293.7825553780226,1299.731684967847,1305.7880474915942,1307.3318155673094,1309.1322484032266,1304.5190107261649,1299.9668105323651,1300.9825842538407,1304.570874071686,1311.197074643582,1313.7944314133335,1326.4958829696984,1323.3517128136757,1326.5592690898993,1326.6945908615517,1336.0562848195796,1338.537546957361,1336.2909794879424,1328.3527971551712,1323.6919583028848,1322.808172539175,1330.959858008357,1336.2402813605734,1345.6810440724787,1355.1576165099234,1372.5419766785474,1372.742650768773,1376.54375187915,1373.5260964484025,1375.2852603550396,1367.0553896802894,1369.3206377214065,1366.6743499371435,1376.0706207227809,1375.8198558402055,1385.8720795904578,1393.8758718816791,1398.8017855105434,1405.5841780113533,1407.9042797980185,1414.4039174832335,1413.576271753773,1412.300243546973,1410.184688946764,1405.6119599376561,1411.5310684769527,1414.6170002414838,1444.9208562724336,1447.1808827178427,1457.9233353817312,1445.9252900552149,1454.0348425104535,1456.1773026752953,1449.2960040348892,1448.5096042400044,1443.7222078468146,1446.2758615258015,1437.3685557589831,1449.6805919637366,1461.4273633915464,1472.8545221568068,1464.0238333899356,1469.6575812436527,1479.912125834122,1493.054860416372,1495.3703817653848,1499.547247982726,1507.2117468307679,1506.0212711895372,1505.6159232478024,1506.5275976001935,1523.761104356829,1540.5003378493166,1560.4555327827486,1578.90780539156,1607.2176991517604,1631.5714520377855,1639.3821052617145,1645.3457024400545,1648.319669843865,1668.639380355188,1671.1926479922538,1679.182183941173,1682.0456340728597,1709.8127887380317,1726.154146619587,1751.8873063806639,1767.71345321456,1794.6691128195719,1806.588211283899,1809.095515407401,1796.1914346198398,1803.7856440486864,1813.384411649874,1829.675002875304,1840.7565213495213,1852.9992858761336,1873.2752206152188,1878.4506381310593,1892.3009223676345,1894.3637399658521,1905.5941336322455,1902.1802591448961,1916.8950323159695,1906.8554260296075,1923.5092368830742,1935.9469869196657,1965.3638767530301,1984.869668121259,1996.7742695780873,2003.0471031089348,2021.3326700916116,2027.391308299867,2038.2949266786784,2025.5510367944894,2019.4137428420313,2032.3278167028689,2031.5798709310945,2062.0238905492865,2079.487551032143
353,139,Adams County,county,CO,CO,"Denver-Aurora-Lakewood, CO",08,001,1204.012997226717,1227.8684069362591,1234.84661149112,1252.1297479810808,1252.5968683799497,1266.8736669500138,1273.7987605092164,1277.2947521076253,1277.9890165028248,1281.6701137198254,1268.1607682169924,1278.7543727400691,1289.0048003284378,1316.4842339135648,1321.8987738933251,1329.9120413820322,1343.0272885611448,1355.2369776974429,1358.8239891679946,1352.0695898864672,1342.6833617768743,1342.0015463368206,1337.6330103448488,1342.969364869177,1345.9794311522355,1362.3867185445388,1376.4958568967652,1392.8808480204445,1402.7192161439227,1406.017586022557,1414.4700242410047,1425.6166857568876,1433.6561407663105,1423.4930463940575,1415.5419339126977,1409.871390189504,1414.637070474229,1425.3740026505152,1444.7871400147164,1462.9714123475185,1471.2880761465156,1474.9028193550546,1479.7805289109733,1485.8985589218157,1487.0149009997617,1483.7317477669071,1480.3821809413919,1486.6130377903671,1494.059474756358,1501.6451521324495,1508.0881713864935,1515.1444541018868,1530.1273752921277,1537.9952948414505,1544.676461838186,1544.5036578901377,1545.1263198789497,1546.1955144169333,1545.6474938238932,1543.1524530671604,1545.0229738305782,1553.3551067625253,1560.1859178151599,1562.167156188679,1557.4324323132573,1564.8656135427966,1576.2445232795812,1587.28330613379,1596.459822524365,1597.0559610996124,1597.5591454953098,1588.6003654881229,1587.9871841268873,1596.4220434002164,1609.7578862012465,1630.0095052761476,1655.9464408473389,1688.944747585369,1727.7906017410617,1753.1407896282576,1780.7069933804169,1783.1519392812568,1780.255033917224,1772.012460590129,1774.86668120206,1796.6792846370197,1818.7440090557716,1841.5038187493235,1863.6511779751095,1884.1335693084854,1904.613579028893,1902.8181472919914,1885.9704989512638,1879.2241602119332,1870.4851644630069,1874.8172061142716,1869.2774981862578,1871.6656965911316,1883.482044184093,1892.2049634063942,1915.4188367937281,1930.9926112756978,1945.596533281768,1954.100090851816,1949.1329020032845,1940.5133593436103,1920.390762913364,1912.1578613445186,1919.731229609092,1936.4914589784473,1956.2549980187102,1971.2866201342579,1995.1308829331538,2005.7654957911159,2016.3609163458736,2014.1128934499204,2014.617174096274,1988.4401344897506,1962.6878011752165,1933.014695960054,1932.795801237732,1940.4718761415736,1961.781271795431
1241,140,Morris County,county,NJ,NJ,"New York-Newark-Jersey City, NY-NJ-PA",34,027,1862.9520714067844,1872.305206517036,1892.1686150563069,1886.8829000167455,1894.459935353062,1894.2258938182458,1910.851244773649,1912.976769846911,1921.9231654066775,1912.2633660153024,1927.2635520385857,1932.8793003660132,1938.4122686257658,1940.1316515816204,1933.6716279988868,1944.497381306773,1949.5239380318176,1954.5961444220707,1959.0375982266596,1945.515455618023,1956.7223348382677,1944.0497968086888,1943.4517886244614,1947.9916588445133,1967.4580170149497,1991.2724507198998,1994.2806121544158,2002.069703087142,2004.9478089763015,2012.9619408592866,2012.3912752339672,2023.269226632524,2012.749928263395,2011.1498778540238,2001.4196046921263,2026.3062741262702,2025.3049955531792,2041.298550748147,2033.805355212018,2055.757704814924,2061.3099243756933,2067.9893774165266,2072.9291949129547,2076.7007113158606,2072.680156065046,2062.3699001920777,2055.016450060447,2062.9134092996715,2076.7435107653187,2085.0605297809293,2098.537863025963,2113.9267309316306,2123.1388781189603,2130.065370453822,2119.8867649825206,2123.393880002337,2120.7433338493634,2117.0650357213685,2112.5710843052084,2121.979352084581,2120.2117625311644,2135.3680715260743,2126.5835275355744,2145.9818902470743,2138.425101122804,2130.384504152546,2114.1529415552127,2105.216210510067,2110.76589423993,2138.921253183752,2155.85317179564,2160.386649819733,2158.034655985142,2157.742248490493,2180.278526006414,2194.6891866974947,2234.5904888726836,2248.0116852351584,2278.692682492432,2311.0094751452057,2363.5345309037293,2396.837031033608,2398.5154667654538,2404.1239791518997,2394.091551267929,2395.967867138469,2411.0849194570164,2446.086182704512,2487.6371515061105,2526.7425342918873,2558.5415262023153,2584.109312213811,2587.769071387087,2591.217473091298,2589.0622466036293,2579.468294451105,2601.58297568012,2609.0150480204147,2638.913518730606,2614.673137364439,2634.924993320284,2641.913857918167,2676.1860948323565,2695.956698738799,2700.2632056963384,2702.621253045401,2699.694311615686,2701.708087335167,2704.0874938130028,2706.2095121235698,2720.730972807022,2727.3160218904577,2733.033138028641,2755.8580152757218,2772.8424144528044,2791.338184495328,2792.1040005677214,2787.422387032487,2780.348059674652,2770.704260745412,2786.6839094784673,2810.1698612116234,2837.4132287061166
448,141,Clark County,county,WA,WA,"Portland-Vancouver-Hillsboro, OR-WA",53,011,1078.2056029705843,1084.850686983604,1094.6376605894945,1104.9729682891862,1118.6067761868978,1134.2230489891263,1150.2901699545882,1162.1304446700065,1171.6834496853785,1173.0102768754184,1167.6066727383165,1166.471987083004,1171.0067002881187,1183.253982376775,1198.568222466422,1211.123567964223,1226.6863666366735,1235.9159952275143,1243.8865804508432,1254.104030675277,1258.6239616950804,1252.9377720294156,1241.2117839731382,1236.4521073473522,1244.737156651578,1257.15314049425,1273.0783102471653,1293.2081567137318,1308.7964364505249,1320.84507310972,1326.3868889656674,1331.5371245720705,1333.3247907330226,1325.8061411440995,1322.529539921722,1317.691600998541,1325.1030242305355,1324.031127458165,1329.8102495779005,1332.5574336642364,1344.7631578931687,1356.7555008314123,1364.5523084196507,1370.8922477361214,1373.588574499621,1370.6778611395112,1365.748621149826,1363.724866657107,1370.254469463894,1377.3866589377583,1389.0102866416682,1398.2905721008697,1409.836148982558,1416.986112101008,1425.833621435208,1431.7650218087679,1433.635572586893,1428.0557237932924,1417.0315684556033,1408.7072310432268,1409.785351179291,1419.7567519979166,1430.4368184455152,1431.741240314873,1431.0170996259585,1441.2040306663885,1457.5924709677436,1479.4281486001871,1487.28605636765,1498.1871085567573,1499.0513194083674,1503.6120053109435,1505.3775273143933,1511.3640489184206,1527.8956274060192,1560.695799621899,1598.3083189462775,1636.9274296684644,1664.274931562991,1691.1361787416172,1699.7408298093449,1702.343937684551,1704.447942240442,1706.8917547734443,1710.8213351831894,1716.8492345957034,1731.7868034438777,1759.636967582232,1787.955617794668,1819.3339180592543,1840.9859221986558,1854.5952938729863,1856.3587198332264,1846.4802987553535,1832.4607063543913,1820.1316270535171,1821.4496011304052,1827.9437641237166,1843.9297643193672,1858.5706877576617,1871.2195763177026,1870.7434896678299,1865.5413669623888,1860.2033785423248,1852.3538882655903,1836.0984171230455,1818.6948781981073,1806.73474179316,1800.7853322009435,1801.818171315469,1814.0022679282615,1830.4628223860996,1851.5829675251364,1865.3421235269532,1877.0745424554052,1876.1955520413794,1877.3306076665574,1871.848334397778,1868.9697885230962,1861.5294372167982,1866.799824138072,1875.949401333214,1888.2921264045372
221,142,Lake County,county,IN,IN,"Chicago-Naperville-Elgin, IL-IN-WI",18,089,842.3278409888038,841.8286453793219,838.4146831506816,841.5699736062263,849.177599755071,841.6608278765385,,838.7952066715756,834.6054547947426,830.5083639433619,837.2479232596265,845.4391980430607,854.3590372778266,857.1743110718054,862.8049869405796,873.1331594153668,875.4092407772487,876.4955822505967,874.3518623359427,872.396994069728,873.3044233670694,865.7012095293386,865.8692960415741,869.539241357022,870.8392814692414,875.5779173767787,876.0903488283492,894.5895178608889,901.8245546667529,901.5130235144145,892.969688189459,888.495085055434,895.843068547417,896.3240009948743,906.5758859111161,902.7689183287879,901.6534401227076,898.5575004745494,905.4939272779367,920.0323476935845,931.670784349343,931.5123598622852,934.87008061826,933.0469677164308,941.4478438700529,938.3100900660489,940.8598673601019,937.6961627596847,945.2085285653363,944.5615510310963,950.7301816541384,952.6108263383983,958.002472016982,962.4498279296257,965.1618115143215,965.6503071068973,969.0501726496351,975.4083387418294,980.3179348423317,979.4074246730188,977.5882433345075,981.665051416947,988.2361142567933,990.4815937930323,996.2991714094917,998.0108524281806,1008.5310889303638,1017.4829184841823,1032.0798131942156,1040.3052436062167,1046.2102704013373,1046.7609945075906,1062.0797364247967,1068.387434392114,1075.07175184353,1084.5998216642986,1103.6400488582049,1130.2604361254,1144.3115842836746,1157.9570775557013,1169.5394248264972,1175.3700496282272,1183.0893299625764,1191.2300389700997,1205.8970026118143,1213.207840919003,1213.5467363875343,1206.438605105411,1211.5126200391671,1217.6120649762793,1223.4359731781014,1223.9513074842982,1236.9767162385294,1242.8324775274018,1246.0061498176408,1244.6123287915932,1251.435436667274,1257.9955616304628,1257.97828417421,1268.6596916651781,1276.8496453441703,1297.0010211190931,1305.4401910829415,1318.8442977984744,1323.1496383723684,1328.8578664030629,1324.0523972484614,1324.9872853639383,1325.5176315155459,1342.9292650875902,1352.9009061078818,1360.595329915221,1363.3349596347853,1384.8454484193808,1398.989773395629,1408.2386495179994,1406.108782388618,1414.354038839705,1416.1054716027336,1424.2691667148174,1421.1492063278222,1433.2794638354885,1433.81351689612
2511,143,Richmond County,county,NY,NY,"New York-Newark-Jersey City, NY-NJ-PA",36,085,,1489.0809198946163,1510.0902576475808,1522.846289817802,1536.037003825364,1505.3182995433522,1521.2682934088555,1507.5686613751907,1517.6358194622246,1505.6457673908576,1528.2326884708843,1585.8636666325503,1618.436937528743,1609.3474661382845,1563.908745332336,1598.0946100739554,1612.9024881264725,1641.0148254449687,1622.9766769619498,1599.1184632781456,1612.094754202886,1599.5596427097562,1659.4348879593447,1698.6189909835225,1752.1426243953442,1734.077421462713,1712.9818152586593,1677.8528226380622,1701.56533104994,1734.8259230139333,1744.6940439541115,1722.1412352827026,1723.7858700019588,1761.4944239858146,1786.7042411823306,1751.7988731910432,1761.7134835245497,1762.8205648389016,1777.3995077795462,1780.784862551702,1783.3540437975196,1814.0526949978378,1844.6980221445185,1877.9858493121842,1881.8769130676997,1870.3044001735177,1848.5980582346692,1854.9667825302238,1825.7483857807915,1836.143026875233,1833.1496749778275,1860.4697290297627,1882.454118313413,1901.78427562789,1922.9148791833943,1920.0544877784441,1926.4649598599617,1919.778065817153,1920.6456387676901,1897.6854588053732,1894.606580987825,1919.0310815237256,1957.2589764914019,1977.2414868275823,1999.6607186225897,1988.4733884929465,2003.5423061282092,1978.0676365015588,1992.7526115437324,1992.8307743038486,2013.1593045508596,2003.463298034778,1991.5365743874565,1973.3495987829738,1989.1141675623774,1979.8898055338216,2002.627956397524,2027.1770059542923,2075.929962102762,2069.158127536047,2062.0549441527287,2060.312316043853,2095.2619606908015,2102.574556883655,2099.3096941961294,2086.550904506688,2092.378298033604,2114.8767056017396,2153.5446504595325,2187.2554999670583,2224.4620507554077,2216.919970810616,2229.6089083325364,2230.411248926836,2267.164078943114,2278.650691787754,2287.4535279457737,2266.9382124432864,2277.3211713947594,2277.8236821853884,2288.1402453044666,2301.992989154835,2346.8395263184293,2377.3136979617684,2408.1577792140406,2370.627355596365,2380.702205329507,2356.589439505809,2398.573433202374,2420.28344452692,2478.306901980024,2480.153608456582,2510.2031022348197,2509.088036129988,2533.3955336882996,2538.946996319264,2526.4835359656613,2533.580471659537,2524.3113158191086,2576.9027836134433,2611.55071534867,2648.575002478012,2676.734775641026
1396,144,Sonoma County,county,CA,CA,"Santa Rosa-Petaluma, CA",06,097,1675.9300475835762,1681.9616049281597,1703.6049897356793,1710.5554339968623,1738.4798174403375,1750.1871804861448,1768.4038236012796,1784.2242588476947,1785.5037608104578,1794.519731976874,1796.3484223337298,1820.6512632945492,1840.7582591969406,1854.427772402085,1892.9749635756568,1898.0054231465012,1925.5394704576565,1926.782196825152,1939.5287602722135,1945.7202970826927,1925.695056159884,1931.0616596840418,1924.6472707202975,1920.7925752503813,1925.4442266014298,1950.8258702600942,1969.531419455635,1991.7718879914623,1999.1963145180584,2026.5667874363005,2031.5378400126797,2037.6352840945976,2038.4603395544848,2059.5109889002124,2095.7248613435277,2119.94238351869,2138.939084975914,2134.8431291073257,2160.642961329633,2161.824967180687,2174.917177391503,2176.88655047503,2183.989564146299,2178.6387975871153,2165.375662866666,2175.286472201148,2170.182541158181,2174.981578272198,2153.5358170579375,2152.0222353217196,2150.95252392471,2163.5254918606383,2179.4046327288506,2189.7543447068715,2186.0399059454894,2181.152204825947,2177.2592083949053,2169.69468623281,2168.547535519494,2164.4225404308727,2186.2345745688185,2191.5128866677387,2195.9185841661074,2188.5013039229593,2187.9431642366385,2199.4573230868855,2194.6418530067313,2203.7479942214663,2207.947373969762,2232.024310077144,2231.5761807585745,2228.7457491966184,2223.049206471881,2234.852184274335,2241.5655799717574,2253.85839928165,2279.74866154529,2314.776596470693,2352.7904428017923,2371.534585227636,2395.9423768170936,2396.2640808306396,2410.304934049121,2406.3560139150027,2431.2217473022993,2445.1253822992235,2479.7957242752223,2512.440048268101,2543.1936045909515,2555.9436451310858,2556.5014175620126,2551.508223554394,2550.7761442223436,2541.9472559588503,2527.5248003354154,2521.809322672293,2521.225613280844,2529.2065419016217,2543.2800981825326,2566.9233216148564,2593.9792042996164,2607.79804293918,2610.5526739211714,2619.4197026557085,2630.7940833320736,2627.0950619033797,2625.1606965878386,2609.2218148923293,2617.752104359893,2615.639269912281,2624.8440434255667,2640.13717004016,2655.7298429873836,2665.1770462084264,2664.432399015313,2668.1437352818266,2666.715096388451,2682.537352107287,2687.26872111801,2692.7630777642653,2694.931858879254,2697.437482266956,2712.6359643784485
287,145,Polk County,county,IA,IA,"Des Moines-West Des Moines, IA",19,153,912.3720252847612,905.9084755440161,907.2474876479525,905.7093942024668,923.1134587057654,932.6295571587871,941.5717192172787,934.2016970286912,927.1104577679737,919.8791054908785,922.7848405556584,923.3087210547449,927.674044245257,926.7644150618041,928.4784691965632,932.3431949977042,939.5205110343225,942.4466853932288,944.3146584287995,941.879144640249,945.832613576965,946.750717141209,951.396807176747,938.9324331558003,937.1546036834361,934.5271779323914,951.8030142743157,962.3980103725577,971.0600854628158,977.5588399332921,981.6007651964406,982.6692556408857,977.776137062884,968.5252483653278,964.9961217381986,958.038518125869,959.1430058476295,963.0996192710903,973.3865594055712,981.3694315567011,984.4647627843692,999.4387015655531,1000.1702500910932,1000.9012350408057,982.4696295245583,978.898221623879,974.4142680560159,979.1003347534845,979.5946042848655,982.8926129720141,986.2495798463901,995.7885632748671,1006.1326575361377,1012.3908365376601,1016.8031029842441,1014.4375005188638,1015.4854946081464,1010.515959600875,1007.3185508552477,997.9354388956762,999.3439025417582,1001.9577943584675,1011.6683064902966,1015.0620633366334,1016.7385536647984,1022.074453618825,1029.5855233049422,1038.085640078455,1038.1936763315155,1039.0199102167446,1035.590838181205,1029.1735212694348,1027.2545938094397,1034.0128840319376,1043.3552610491386,1048.9165969074147,1053.7459520192494,1061.1949659417567,1068.3809752456018,1075.189160217144,1084.3140072932893,1086.6348871486123,1087.1841815566456,1085.2799344805094,1089.3569871794061,1096.2138503832368,1105.940089053005,1115.9292186863247,1127.7194915510258,1139.7873449580625,1157.5336397710976,1164.2681017336067,1164.8325560036415,1156.917411666516,1153.853339242317,1151.646997209425,1150.7071128659843,1153.9351956522546,1165.086799842804,1175.296145683417,1183.0695536562498,1187.3589650095278,1193.1217668634022,1195.6129824689797,1192.0621941306101,1185.5327977492616,1179.2493249578858,1179.4095551728467,1180.7229334288697,1191.9610268913516,1200.8496762482744,1214.3956999932882,1222.2522348245943,1228.4107510545155,1232.6975735433145,1231.503796152393,1229.1910955533308,1221.4701574810026,1215.1320835154752,1206.3583599240164,1206.5410367713248,1213.7803024654434,1232.1594271916854
66,146,Ada County,county,ID,ID,"Boise City, ID",16,001,921.6722303654224,927.1157787886693,934.5234071723295,942.2824736733935,956.165747815214,963.3783547322154,972.0418036459605,972.0443257809751,974.5572753910127,970.7961143296046,969.4467205521793,969.2852025097415,974.3308495679084,982.7682113758622,991.618621765792,1002.5231125606628,1008.8710213913546,1020.0201719673778,1028.7200292046573,1037.7286370029672,1039.245232950418,1038.7175412435397,1029.995509909515,1027.394245763412,1030.0395120774099,1042.8948883548076,1060.473019080123,1074.6113537697158,1089.5099861674253,1097.4082200115865,1106.9666930431777,1114.5629507124188,1116.9213600517216,1114.518609138338,1109.9615985590297,1105.1458275673997,1114.1073892211866,1128.0640450145754,1144.2280631069716,1154.0974256226955,1166.1465945179432,1186.1799874221422,1201.1024983622995,1209.1956606901833,1210.728678265639,1205.8727548127226,1206.2584241021832,1202.7533573278015,1208.4615934079743,1215.8339320573327,1235.7044566147772,1252.0419159094308,1269.2697628635246,1280.9857086098968,1289.3505268503186,1290.663869561661,1288.7547134229828,1288.2216478406488,1284.663399387735,1282.606566619081,1287.7134434985292,1297.434722525761,1316.6421567098819,1319.5012826475918,1327.0491315588968,1328.8937060097664,1347.2627450129953,1365.4399932112274,1380.8481443091155,1399.9651598920059,1411.8030557759591,1434.2758034412786,1449.0659087208437,1475.875482807023,1512.6159110797896,1561.509934704835,1614.0602573910423,1663.7398186603448,1696.8780485753555,1716.1737334957754,1710.826706711915,1697.1085670880964,1690.351108132759,1677.7357856310787,1684.3061379591468,1693.5093806363961,1719.1131256269962,1749.4555077895245,1781.0957285360828,1805.0530785240232,1818.989486870376,1819.3122783073145,1805.4806757336858,1777.1218636438377,1748.8391816361,1729.0725725203833,1728.7815241170058,1739.4130883574292,1765.176772151356,1783.0311362048744,1792.1811243282286,1791.984821816176,1791.5414553880812,1785.2236293818096,1773.6575799180405,1763.3089820207213,1744.5913650859425,1742.187869369936,1735.8487028577017,1756.4440315274417,1772.6240714752316,1799.0330127269756,1818.6763110892994,1832.5956496381034,1839.11997880709,1842.2815436000853,1832.6306947285277,1820.776941560433,1804.6595400121123,1800.7132623856032,1805.5463772155886,1810.6498533158945,1822.8821189927921
1485,147,Washoe County,county,NV,NV,"Reno, NV",32,031,1004.4891938451364,1016.4237820905506,1029.6183518643675,1040.5700951213091,1048.0660625404162,1056.0852895650385,1057.8773038861998,1060.1813064867026,1065.0622799652197,1071.1957998851174,1082.9077372594331,1084.4563539519218,1088.093242921794,1091.3124200689495,1103.5491106644051,1126.7937739276736,1140.4235560796205,1150.91884579296,1154.2090926234002,1161.3231659040787,1165.7082182951553,1164.0747403399823,1161.7294817556544,1167.460476559137,1175.1931548159228,1182.1966431222847,1192.0326886909866,1212.979356748282,1240.3229926345327,1261.125680842342,1278.2542652744073,1287.2864692264282,1299.7354154681445,1296.8926162157165,1302.9406876773664,1300.580230469148,1315.6057159700163,1321.6892282401288,1337.6065412439477,1353.4003489187023,1373.4548541645859,1396.926984484117,1416.083634433801,1431.721794957103,1432.5866602799001,1426.3536758931577,1422.8168351016368,1420.5253255940916,1426.4879804416403,1430.631198613296,1436.9107102139608,1450.2163972424441,1466.8893262444356,1482.67415703986,1486.8036535271908,1488.88758275277,1496.128159093039,1496.286200941296,1492.1837135768083,1488.8580977841661,1489.1173595780567,1495.9615174476485,1503.757331030001,1505.6524054689316,1508.354044364396,1506.4807460238526,1514.822233658671,1536.8592822658975,1563.8150678441637,1586.6438975510862,1597.5445108106621,1605.001201562113,1617.1178540307462,1636.1742905467745,1654.3162053733795,1672.5680733653328,1702.5795847156364,1738.3123912633728,1788.0619872472114,1810.6683631358574,1827.06323071229,1814.0337907834926,1805.907423609693,1789.0948785785783,1796.1352359699313,1804.6161670973706,1823.8553723122052,1835.9498851905803,1851.7228420326917,1868.0708291227284,1880.6235867450662,1875.1320557092436,1857.287683755629,1844.8080870488059,1828.9764041146057,1830.3809622283175,1821.8239314120779,1842.737034146584,1845.1641225063474,1857.1679372907786,1862.208926204975,1874.3005064184754,1882.7754543827946,1874.384304976031,1863.5910729376205,1851.9733121470479,1836.5813457074803,1833.4303287467071,1834.5003343598887,1851.9529716075986,1869.9050510171382,1889.5066309370825,1907.1358758170586,1923.683435152067,1937.3839780027592,1943.1924207536908,1942.4001097684202,1932.8155866316404,1908.8267359360027,1898.356297725093,1896.4794637919729,1928.415166761393,1943.8201545530492
3247,148,Prince William County,county,VA,VA,"Washington-Arlington-Alexandria, DC-VA-MD-WV",51,153,1478.735888947116,1485.4546881065082,1490.2836385853238,1500.4458914122001,1510.474488104692,1516.1424135961645,1510.741353334239,1507.8591522900983,1503.3385568648348,1496.9877960980903,1490.054768094671,1486.406788234561,1495.6885091245454,1500.8229793738412,1512.9625901135146,1515.3756375966832,1528.3762140204453,1533.3199779917545,1534.4395306362403,1532.6002025705452,1530.3492361085523,1532.8921370140663,1535.7187598119617,1534.5230532930666,1540.2337007341478,1544.1201506349269,1551.8877809107955,1554.518269948561,1557.7258517440844,1563.1997896690325,1565.817481313959,1564.6211897094895,1564.9550924313778,1569.670357817313,1585.9974889407342,1588.110869416948,1588.7887700744013,1573.4560028097044,1570.629779308816,1572.6221205887684,1583.4583361412713,1600.0988138407783,1606.40199869264,1613.4997889730316,1605.6139075601532,1602.7056999755564,1597.5497285613947,1597.5867507570633,1596.1416919077387,1604.8326138711334,1619.7868135336169,1636.470844326862,1642.300953800602,1643.8471940579077,1642.195700002237,1648.5749350602773,1653.7758709374805,1657.0402640880486,1648.9080595669384,1641.3427036437154,1645.6784700823505,1656.9559919188932,1670.940050208952,1672.9448343186148,1670.2331735700507,1671.361354340865,1679.9695255757867,1691.342405979253,1701.8441423494653,1695.793748016252,1694.1524272645709,1689.37885136104,1703.6757840222178,1715.500882709792,1732.699517027572,1748.821305043304,1769.8314693610546,1795.1379348557537,1834.3389251881345,1873.184199274352,1897.8147667792227,1888.0197246925065,1873.8772828979886,1867.2275022573415,1884.2589822207644,1906.2586838151883,1926.7128098478481,1957.0379156696772,1987.9514988819208,2025.2145033143345,2038.0784656952248,2038.2646495752876,2028.6948122428278,2014.8894012872393,1996.5841897067,1984.9108808970623,1974.495039089672,1988.145939750525,2004.5907222351063,2032.1919699342875,2049.030715769846,2062.6454627488683,2073.2060335699944,2088.0873054914764,2094.5564225786675,2102.961789886153,2100.2999982549,2097.9252880511763,2100.400450390545,2109.6249340994536,2131.199340935772,2159.0064424687116,2188.8545125585265,2218.986513916117,2227.214455161643,2238.295744980541,2235.3996029492237,2232.7533190463996,2226.867847654401,2206.296772059751,2206.0708360024423,2218.355307723187,2254.6266666666666
215,149,Knox County,county,TN,TN,"Knoxville, TN",47,093,895.8738679589707,901.8207994245394,908.3186048719363,913.2072998080773,913.3964015605161,915.6670624310351,919.8285816939435,915.4621932551253,910.9242388080175,909.1531191426267,914.7145594583501,924.3230139185664,932.6505972036151,933.5376749762924,927.4859816263369,925.6522011669834,940.9998636691399,948.3350543261043,953.1657045140335,952.0186831112576,954.0198719990308,947.594810119401,942.3597105651297,940.1713589335353,951.5327339156759,964.367556918727,975.6041769028009,983.6037940881854,987.22092093922,997.0260303272107,1001.5841738525689,998.6320034757779,997.6623941809461,995.4855320558414,998.5750205867977,1002.3793924688661,1012.3256531132025,1018.214849463172,1021.0096834997252,1022.630555130782,1031.55186182662,1037.2018412546558,1043.603874132571,1049.1931419722378,1052.057792925083,1049.9222624473211,1050.7823538858772,1053.7945157614433,1060.6872137502712,1058.7226024054146,1077.5488665520834,1092.0712169725132,1104.701868903347,1096.743939113439,1091.0944683017992,1097.171957180586,1102.6076168876873,1109.810296277434,1108.4762813589612,1111.4133377265682,1114.2061786946424,1124.3746277289742,1126.4641506640244,1131.2996766299152,1129.3691628332726,1141.2935970342317,1145.2328603516207,1157.8654909610211,1170.7915439898861,1192.8195468415893,1204.6669692110033,1205.021685448699,1203.3380261144293,1209.8222760319093,1223.7054342807494,1243.905292743341,1273.226599161983,1315.952257730849,1364.651321080589,1400.9018838484706,1430.7832539600915,1444.091121542155,1442.4178969622799,1439.4769204447127,1438.4011605659803,1464.9385900471016,1486.6966058829573,1528.5201736995039,1557.1800941653905,1594.2937922780388,1626.5419388116848,1644.3838175310234,1641.0089250831627,1635.8408312485155,1636.824848767587,1641.0277151301734,1636.2396074203632,1641.7879618615286,1660.059650694739,1670.8878247611824,1690.5696071463838,1708.3710744684943,1729.053903581019,1738.1084403441655,1750.0536026504258,1756.3037165150847,1760.3307799513611,1746.501060372654,1739.1670886054767,1738.8807104332902,1746.2679614771848,1752.9245052256856,1765.5532523037095,1761.453308985661,1783.427093908909,1785.9304693570368,1812.4432362374075,1811.7722345646994,1813.3894924879025,1800.693595669051,1795.449481176438,1801.0318568534733,1818.8825304662369
2465,150,Onondaga County,county,NY,NY,"Syracuse, NY",36,067,,,,,,,,,,,,,,,,,1081.7298268994487,1080.3694454045938,1058.4603885628076,1036.1266175797018,1029.3783087692598,1042.3355695248788,1042.7444465165318,1049.9747553307125,1055.0478510113735,1081.777488230477,1090.8335751352035,1078.874743526856,1058.2581711509413,1059.1543081698305,1072.5996266151217,1082.865592948797,1088.0046509540903,1096.1285934170205,1100.3027674232542,1095.6281055351983,1095.4254567982553,1104.8292624329488,1116.1843751568001,1117.1747743577675,1103.306587825056,1115.3861097199306,1114.6634108284525,1124.9829864827423,1118.415969461544,1127.2262004330692,1142.548052572156,1142.3266543113118,1140.4664061239353,1130.3040591930187,1133.7068117960252,1135.6621040735956,1138.6556233154336,1148.7523911306332,1159.613384928635,1161.9615394043815,1167.378582398533,1171.3120659699111,1172.4075787468394,1155.2527293213764,1159.5737764949056,1170.4754975771611,1187.6094321147193,1189.6330403916222,1193.2348839791607,1205.6422173954045,1221.5314415882585,1229.4424699421038,1226.1719973207628,1219.6378659305929,1217.3244527441418,1212.5460365324623,1225.8566412943271,1226.3242558573631,1247.4161792645734,1270.4065220653708,1299.390110430646,1323.2818122824597,1332.9905391797902,1338.3255411262503,1351.0871971541567,1358.5141538205917,1369.8620861005472,1390.546659845227,1388.6028010586278,1397.9201830958816,1398.2879305925185,1419.4944878826045,1454.0747645270633,1464.8627817269255,1474.1364335390829,1477.3910105190791,1485.572703552499,1505.904806551494,1503.0632526287457,1487.1360857298703,1478.155543727792,1474.6109064016423,1497.8144846895932,1508.4169332066253,1531.1662101771062,1533.8359014942046,1542.828753623106,1550.5291834680304,1557.164584406369,1562.1208733151277,1572.1018914868425,1587.642718961942,1607.4059705740276,1605.7828886882294,1611.0078042639152,1611.7080680328106,1622.5524766461956,1638.7281268058132,1642.6673265674954,1655.639108417853,1663.399635417053,1687.5295239827133,1693.0210944683363,1710.7761073735985,1703.6718633363143,1710.0467105642717,1697.1057498057498
1442,151,Tulare County,county,CA,CA,"Visalia, CA",06,107,996.6437943834438,998.7222652916686,1002.825523605378,1010.0954549493207,1014.8000198893562,1015.438028609727,1018.6104671233712,1024.4153887045843,1035.5982661448413,1033.7399435905613,1034.6058289447046,1036.6966388229644,1035.7066979680997,1033.6767736300785,1033.639334872754,1044.9209748905485,1056.4865399147222,1066.7540929307522,1062.191216778675,1062.7569995468562,1054.0241095962915,1064.6506635001733,1066.736582981641,1074.9636644148034,1075.725571854169,1081.017358557971,1087.5106166065239,1091.8122909526903,1100.7033709083144,1109.9958483263201,1118.0899909206582,1116.8058126965893,1117.3947574207589,1118.1639450027185,1124.000374684475,1125.9211073388597,1127.741708356114,1133.4582268891993,1134.6622367940126,1139.3742210802795,1138.894755600324,1147.5412739202934,1149.343052204473,1155.9830826708505,1158.1169527093105,1159.6536472047867,1156.2366266938648,1154.1217149330164,1157.492542319344,1159.928357356906,1168.5937400444716,1174.4910691694133,1187.338300488378,1192.1239170727993,1205.7070569592454,1207.6108727930057,1215.6411066712287,1214.4844976985232,1217.0636868936197,1212.5590845778502,1212.3039551076063,1222.7814812374002,1229.57904941091,1239.7406878132283,1237.3460176150847,1239.7946939954616,1248.5084219123153,1266.7702646393352,1281.504453117121,1284.3135604880629,1285.2847263134033,1299.1951796618548,1323.0609649319642,1338.8619210385857,1363.6099681913659,1398.3586526573633,1433.9960199308243,1451.3550290747003,1454.013584845246,1461.283712945447,1479.236340695554,1515.1385676868574,1557.5780035786984,1598.7899222518975,1609.68523722545,1599.148104333128,1579.9044055801842,1570.7640520524321,1611.51098222068,1639.1581651353547,1663.4897390618796,1662.903162488293,1673.6676089201799,1666.9613696995884,1650.0526767118256,1644.395093175536,1650.1083492384703,1655.7678934284852,1663.0139763058178,1671.000310322836,1668.0299569011618,1658.9437257821362,1662.5227727019474,1676.799902433603,1685.2514295563467,1689.169030307928,1698.536505298401,1703.8541450644695,1722.0815862933148,1723.1233756418562,1718.2381459279493,1710.8103842003266,1730.8058780659926,1771.8909679343342,1784.6789911981623,1796.3655717646297,1771.699458796931,1775.3574513103458,1765.7403420029752,1791.8763348404573,1797.819336486797,1803.1568822443512,1805.7128431372548
2538,152,Seminole County,county,FL,FL,"Orlando-Kissimmee-Sanford, FL",12,117,1085.9038985181626,1095.1320640168597,1099.9116873891294,1106.3477149369744,1111.0378189294736,1119.4779096785458,1129.404868695224,1134.3887473495993,1135.912089072773,1137.8076671120489,1138.4924332594273,1142.4483360991164,1143.4733727196328,1146.3164221762204,1152.915831212544,1156.5507277836148,1165.0679807441745,1170.7559269127732,1180.138540656461,1188.6890532406155,1193.340898695166,1193.368997965303,1189.0056068841889,1188.0373309857832,1192.5963814607678,1202.1701507916587,1195.9694708469456,1208.9283790017587,1222.2461592459372,1247.604808909362,1253.9638931977768,1254.395952671066,1256.6631161344108,1256.1208538261558,1261.8202937508775,1267.866811402285,1272.5271013321853,1275.301627960576,1282.8322454068848,1289.0213095068418,1304.1199833346195,1310.4209657844515,1323.5984558885548,1325.0442610973018,1333.1626269830151,1334.686772680581,1331.967527739165,1327.3714475398115,1327.0246550187173,1335.394201235268,1347.345735396373,1359.3796351770463,1366.9375482778619,1373.9312811621112,1377.3752734258087,1379.9081649508753,1380.6863572618008,1378.0030047190114,1378.7949741076654,1376.0921666974882,1381.515639899993,1383.5808885633398,1392.0807281976815,1388.7883376392892,1392.71050497066,1394.5024539915546,1407.802680605089,1416.2541884891339,1422.7294414764458,1423.0151616097328,1421.32383310206,1420.3469235660657,1429.3394803349759,1440.2831505955332,1450.7040549586784,1471.5256427903855,1499.7615550832356,1537.0296626385684,1581.4894405628274,1623.4905599299866,1667.5726296291136,1697.4492107077122,1717.9490537322274,1729.2423013731486,1728.998711673591,1737.5001447231525,1756.6154749168945,1785.968630051776,1826.3777795268497,1861.284716603278,1882.5959367176001,1887.8227634937857,1884.6747118243072,1869.753076158311,1862.7800906052796,1854.765827773296,1858.5466282537434,1853.5397160723733,1864.4789318298326,1877.0723276253073,1896.2993136366103,1895.0718156389705,1901.8371278801856,1902.6426874250258,1902.1411110691263,1889.0203164458262,1873.1762886384345,1865.6074934674766,1863.831573680165,1872.3544786770701,1882.1129006838562,1892.5436813258411,1903.004415640038,1911.5468503040775,1920.83282741791,1921.9525258497106,1911.9955196266237,1900.639092920919,1884.441194758875,1883.4714305466741,1884.691843339068,1897.500208604556,1907.7952336772712
1746,153,Hampden County,county,MA,MA,"Springfield, MA",25,013,,969.1405480274815,969.5524297935195,969.0633579621516,961.2815732425382,976.037608804559,971.5811874773426,978.2560548798014,975.7416650464216,990.9739540142857,992.3353763872217,992.6678372108877,986.0187991210576,978.9832698559542,998.13128540651,1001.4782895235513,1013.3863953390746,998.041445594188,1009.3115884864654,1010.4501896170383,1028.0222903152164,1036.2975505501945,1039.1255217208054,1032.184202432077,1015.2084257803954,1008.4421683308645,1013.7223790148256,1033.8018412034178,1056.535331042844,1060.758517023762,1059.301448989834,1063.3660542366006,1066.6113058153082,1070.5094163048514,1064.3857055771248,1066.1284911420346,1063.597745259243,1063.38771932609,1065.242222990773,1062.8289384015893,1074.917855001527,1082.859994409714,1111.0764423708592,1117.9358301059362,1124.3714926842529,1123.660751912539,1114.5238661480037,1108.467581830068,1104.0244449137203,1115.709587877761,1128.7378520871416,1131.5214327905746,1139.6731012909413,1140.9478687239334,1151.4900061813607,1153.2799027848991,1151.4936714712949,1147.498587793133,1150.4017785243032,1150.76974564521,1155.391322803427,1165.8467456918,1178.6971734115282,1178.834885371229,1179.392887160993,1186.181563089219,1201.532131570051,1208.9650089301952,1217.3189749821465,1233.3012580484108,1230.925922226127,1238.0188643682513,1229.1970309539597,1254.3490821499088,1271.6891624870811,1275.5106499501028,1279.9940676638018,1275.4465152890716,1294.7295008019544,1294.502721184051,1295.9069319749276,1302.6870466689757,1306.2155429124434,1339.0487894318871,1347.8348585666206,1372.2968887054683,1373.5984243473722,1398.497952013785,1401.892133487701,1420.9719881351741,1424.7854327272328,1451.059013285772,1448.9572125637933,1480.6424725036788,1484.5985828340852,1521.386521163469,1516.5240940413998,1518.4803109042173,1511.8768102947765,1516.5400942856015,1542.227455650106,1544.9532490782149,1556.4138888467992,1559.3600235379818,1585.7099003475757,1594.6262398486347,1619.892924001214,1630.3353273158484,1632.9207575311143,1632.55142794157,1626.2828632668254,1656.1853219205605,1668.9718488408485,1685.9185071926343,1693.2263274565423,1698.4542384054344,1715.868822230126,1721.42842527254,1709.276342713602,1701.5546627731414,1693.7054214549648,1716.3163873931646,1727.7771575403156
2896,154,Burlington County,county,NJ,NJ,"Philadelphia-Camden-Wilmington, PA-NJ-DE-MD",34,005,1326.823645081562,1330.224834179121,1327.3716841247062,1337.8519702130934,1347.7375018039097,1356.37426067945,1353.3693652106504,1349.793274580961,1349.9249569341498,1351.9656695376725,1351.383949417034,1350.6745281674416,1355.358021945708,1364.1039990983027,1372.004200434794,1375.0888205213403,1378.925329117858,1385.483061950407,1392.9701989625164,1392.747167197039,1392.5281170733779,1388.1131625193127,1386.5048074433373,1375.862933851739,1378.6412931072364,1384.210423093073,1398.2477916680632,1407.6451587342306,1415.9336011219493,1416.9109906086417,1421.972998003271,1424.4268412691827,1417.5497723305555,1417.1105095533787,1414.1163731665936,1424.4304377305489,1426.9637719756442,1429.6591006644478,1438.0733925684667,1439.7298185841273,1450.894439451615,1449.806870456236,1454.260301649224,1451.4324592466596,1450.0601730142548,1447.5974927890577,1450.4719937685516,1463.9093399113162,1467.8298538759093,1477.412304482163,1485.4569759695846,1494.331072899723,1499.0106260083403,1500.8533958143685,1504.1385813993,1504.9608378332102,1503.987897526122,1514.3956111550688,1516.3301454394891,1526.7166488194223,1524.5931268517052,1535.9784431670735,1538.2674889444154,1538.781280470027,1529.5042358740689,1539.101165073541,1551.3644151325764,1565.4460280128883,1574.996258530404,1592.4905091944543,1608.555694430922,1618.13478473683,1620.7672512325212,1632.3595174680172,1644.7692313939367,1663.2098706738911,1694.0564723625305,1734.1665400261954,1780.485933423019,1807.7066014307502,1831.3356185718374,1843.4216249337985,1857.9140817923285,1861.5159188669506,1854.6854317083084,1858.8616190162036,1880.184324943454,1926.7786415342332,1965.3994942761828,1980.2997436795545,1996.4455335723296,1997.607559537103,2002.7015630627632,2000.0709650955932,2005.938346173769,1999.1204841364165,2012.9477477711052,2027.2045158722995,2054.021902579931,2057.280271887131,2074.0126473900373,2093.2807615093902,2098.738497856411,2105.0990035978284,2114.8842307734176,2125.744430407804,2120.410923813702,2105.462648607554,2111.0747143940666,2125.1272833082758,2151.4526117460173,2164.1650443166327,2189.3740242902945,2209.0593309577894,2221.9021267270064,2229.9579595160058,2224.3614070503277,2225.9617388258807,2222.9988538099865,2249.889265596153,2269.724901374986,2270.806804752846,2265.1845473160743
3286,155,Virginia Beach City,county,VA,VA,"Virginia Beach-Norfolk-Newport News, VA-NC",51,810,1167.7226905437135,1170.6939403399556,1177.3187933973652,1183.5617696691143,1187.8405854832044,1190.552790683212,1189.7198990027207,1191.3750104337016,1186.3402528987858,1184.7113899350281,1180.734521185555,1179.9572406671655,1182.3113710679515,1184.801525942057,1192.8068589412937,1195.88778012804,1202.2053003695453,1203.2198825634725,1204.278475273952,1204.8884105998538,1202.6302143372618,1200.1319713119524,1194.4960215565407,1197.0856493472586,1201.4654706238307,1211.7676611046138,1219.6822817710906,1227.4351211091714,1232.4210214965678,1235.7342812013349,1238.7317081384967,1241.98262068516,1240.6686417019548,1235.1915354815308,1230.8294231935834,1231.2354448923481,1234.9916535710872,1240.3105246249097,1247.8084320758514,1254.2642282181262,1260.6827766254519,1263.8875067371953,1267.8834933437142,1268.1899487028138,1264.682201553575,1265.7961132202274,1268.3734058400764,1267.7793691316426,1272.3385580549868,1275.6973516751277,1290.6680817604513,1291.6681118296942,1297.665116479613,1301.526112698421,1305.3644175959325,1311.5679003144874,1311.6718194969985,1316.3008341038642,1315.232599173733,1316.9498725518076,1316.1911118066969,1316.497260754862,1320.405831602198,1323.9312468485564,1325.5973460221876,1329.9569773496194,1347.190883085443,1366.5933271533852,1383.3825089414895,1389.1864694211972,1395.7450585183383,1403.1750987966502,1407.4223138888306,1419.8435601056333,1430.8720446793238,1459.5079728068745,1495.2668127126424,1535.0696194941809,1574.570674554304,1594.9263423374175,1616.0394476122904,1620.1676989183438,1620.3839381630205,1609.04670452193,1607.348089244836,1608.070534157035,1632.0042525000063,1657.7910510561512,1687.6587516654263,1701.334398743157,1709.553619644343,1717.3234507155669,1725.6388600321634,1714.7389300964608,1708.8217655317924,1703.5296086055819,1717.0902885407581,1724.5555218662569,1736.9118873476218,1743.9944444194361,1754.046645211113,1760.2434877834567,1780.3401459477113,1787.763714918003,1797.402554581662,1787.3483248834975,1790.3764288298828,1776.3293026886909,1780.410484436387,1779.4668956257024,1794.9097396326063,1806.3961836550977,1831.4243608942909,1859.3837625055405,1881.24469248645,1885.8913456338034,1886.1982443001862,1874.7251745390927,1873.5730930973484,1852.9386262330322,1866.5636959770384,1873.9275458170596,1893.8847289912865
3266,156,East Baton Rouge Parish,county,LA,LA,"Baton Rouge, LA",22,033,1030.6370345893665,1037.7987246812818,1044.77517872674,1049.2800620486241,1049.3239070581299,1052.3746582217923,1056.4575614442226,1064.359507550063,1065.4834109977219,1055.3929047402544,1050.8895959353292,1052.0301952988004,1064.497705377929,1071.7234116012041,1075.670435450734,1080.027958983628,1080.3495596897897,1087.7812044443372,1078.9629605953348,1078.0409266755526,1087.6933758985003,1099.9168707962185,1122.3284289010312,1133.912887986652,1147.9973577167075,1135.9715882387602,1129.6297224357197,1121.8241095631001,1123.8501185510652,1116.344739708552,1114.7658792046702,1115.0651883414414,1119.7051621579533,1122.1661447120973,1116.2038973838999,1119.8045485282628,1119.7968455142327,1128.5157012228487,1122.8917004168022,1127.8180241155017,1122.9669121827426,1126.1934256187005,1121.7190578903535,1122.6983522668772,1119.9264540066265,1119.6853588812348,1118.1606623974608,1114.0726513984246,1113.2402373745294,1119.8446952085671,1127.3842266752872,1128.8898269955978,1129.4051825002848,1126.2588705849034,1126.7785685597587,1125.12509052188,1120.9933824049497,1114.7954521511201,1111.1893593954073,1111.2823964447039,1115.9007368538166,1116.8001726305909,1122.8266789100805,1124.9518442285705,1128.5032165830974,1128.4406328481878,1133.7525885138605,1142.0753653292477,1151.7724980471016,1149.7494516055644,1147.0449298411888,1139.6168220537595,1145.371195878435,1145.7838521360982,1156.1388147756456,1168.5253481482132,1180.4098230448055,1194.0273196652452,1206.4279323145618,1226.3159215469734,1244.037825283344,1256.7533587174532,1261.5615608182463,1265.010229983138,1269.990831301149,1278.4414068673598,1287.762075150591,1293.9123959988863,1303.7765908274132,1317.3245393335656,1327.9757458560491,1335.745616480951,1326.244944517881,1312.4061859314124,1298.248895467813,1290.0393474307766,1290.3128707024691,1290.657331443356,1299.181835044309,1303.1354350631211,1315.1489566523865,1323.2241781924954,1329.5552807824213,1326.5145107389776,1323.4859511297548,1324.465152918794,1332.6721207078588,1330.0408990485284,1335.9478486793712,1326.7566667570072,1328.8355151288101,1328.2609806049318,1341.5241562477238,1353.8255497088262,1367.6252519133986,1373.039492898472,1371.6384515318596,1363.9750594967581,1366.6997672313448,1373.1541673212043,1369.6871106136523,1368.87386954261,1370.178089860873
343,157,York County,county,PA,PA,"York-Hanover, PA",42,133,776.0908114638382,779.5581981330773,776.5347267068609,778.6732242700404,785.7526540534839,789.7422828847489,794.6566196666025,798.3187952603168,799.2743303217574,804.2018038555403,798.7052059394808,795.225669796446,786.0455387696113,786.9026614106167,790.7552548249693,800.05792895964,805.8331055534545,810.3761198589448,813.8047414182845,810.7230965894198,813.3708590210155,808.3267096785027,812.5135202295243,810.7115409257688,815.7381806129857,814.5495778566668,817.8263061282626,820.456618535003,827.9673620169335,833.1580765012762,836.2827080730483,838.8742092347474,845.7199058755531,846.8291606628634,840.9487965817359,833.1548601041362,832.7021507092409,840.4897505347398,849.3292893028674,858.9926450429147,863.7167631482707,864.4560725219505,864.310736001373,867.0337703521334,874.3867608429928,876.4131025491553,880.5069767915297,883.3798782568299,887.8080343055303,891.4796896841976,895.2242888615716,903.0009509872788,909.3028608278294,913.4772465451043,915.2186065699606,909.1837408241272,905.0239766999769,899.9478328186956,903.2694232209426,910.3973473757591,916.6082064224288,925.8160665394524,932.0378124280493,937.8957775752832,941.3103799899752,946.610243955212,952.6146795258986,943.0921017589077,940.4193358161328,942.5794787469441,965.2909407164618,973.5618115025351,984.065011061259,977.360405916771,974.5043640280414,982.1660669933676,1005.7714402474866,1035.377818376468,1045.7194076649823,1048.5587410318121,1053.8737799268208,1062.1348333239039,1070.9210293830988,1069.5854891801318,1073.8871591976258,1078.825737852968,1087.032368941873,1099.2651354138748,1115.096705725379,1134.0502128004428,1136.005450952496,1132.9678934906422,1129.013200741192,1120.7008565164952,1123.4718433107219,1125.9184894981015,1141.8150318232163,1143.6358671403193,1147.3046186870702,1155.7856444100726,1169.4617453774504,1183.1865762495925,1183.5295286517576,1193.229077170688,1195.2871630621735,1205.8573254065936,1205.0156161940693,1205.2482365955184,1202.5376835543532,1213.6128340663233,1218.7053257000643,1232.948691503727,1228.3563069493482,1234.0586635431323,1239.5877680772876,1246.5141858554432,1261.2220950730416,1266.859918178045,1270.581679984507,1264.4002129923615,1262.2481564499876,1270.5026321637088,1280.789442039442
1395,158,Solano County,county,CA,CA,"Vallejo, CA",06,095,1408.1496102458666,1414.412023028274,1428.4223840662266,1442.5573810393032,1454.9032418585384,1471.4999355915293,1480.3490579220454,1489.85223263147,1497.9686057339393,1514.0358056605246,1518.5663025273984,1526.0883912574575,1528.7345551371245,1530.266467615982,1544.8343124878425,1561.6477650305446,1581.8160988513491,1592.0663189142654,1598.5571062535619,1608.800229618232,1611.2392243995528,1611.2258606345133,1617.1406739964727,1627.06323263823,1642.8834394985513,1656.1363173388104,1665.9911616925956,1679.6873759354476,1700.7531826687364,1723.0512195701813,1742.9024020525167,1748.9485877629745,1751.554863686075,1746.6866320256668,1747.4965077255185,1749.8794401489288,1751.8540524096672,1765.567284169108,1781.499706669574,1803.2772440252013,1815.522140157501,1833.7183034055206,1844.0248649591979,1843.4316205979562,1846.2473749951725,1842.3003023399913,1852.4318350218111,1858.905945714431,1865.6011309260155,1881.6072099431112,1890.3938819628672,1909.2280789818863,1921.006839813359,1930.4856620278276,1938.1624358812458,1938.1589247532686,1940.3336685385775,1949.2808257434754,1950.0090126294529,1954.3976920669863,1951.264442913665,1969.6905732005725,1974.3263040741906,1971.8609692246193,1960.812244614739,1959.3541132052915,1978.3209957950892,2004.6468159139458,2034.7658018213567,2054.4976957128765,2067.6106613602515,2081.015523075425,2092.9606124051584,2093.052782259059,2094.351394071189,2099.6243974891036,2127.464371788078,2148.6457530170064,2186.3511959985212,2202.3893351504644,2223.0087585371307,2228.787402530137,2243.171601093733,2255.5690155866882,2260.9232792217026,2269.6924921122586,2270.990487901554,2300.5540701680648,2318.1442719898746,2342.836650063888,2349.4606553196036,2348.7215212365686,2344.7974619311426,2322.309106976869,2310.9873096828014,2295.0957638001823,2292.2006276671405,2305.9503558298748,2329.696935249297,2345.7197845075393,2342.20929921265,2345.8893339723163,2351.4887457250807,2368.62825626985,2360.5359668759393,2358.3782772272016,2334.5776484849625,2332.8281329447195,2328.0510357054445,2348.200613265366,2376.0971560721164,2398.8905965126933,2410.667015555113,2416.334499316868,2438.8732895304174,2456.565506737326,2465.3550746953,2451.6592661884624,2440.214070698212,2423.6955157089187,2427.517776175123,2432.8483715871216,2455.0383394383393
3229,159,Santa Barbara County,county,CA,CA,"Santa Maria-Santa Barbara, CA",06,083,1828.698894055073,1831.0037010861815,1856.0884366592616,1885.3793722342389,1933.5585887481934,1948.5397681771253,1958.362643841761,1972.2173921629649,1966.771009075871,1960.5994298991325,1964.0881184383113,1975.743243709639,1987.0272721211097,1993.802285046054,2048.527064126584,2070.5007822888506,2082.8388004426,2062.990534960536,2060.867127649318,2063.643997089095,2062.8826305006546,2064.5774933654516,2073.4238480715394,2072.8241184864632,2087.8395755387737,2093.1541905608074,2125.9328407959283,2144.8753878998546,2160.2826932717157,2152.1020815168754,2152.299384947187,2147.885407809051,2170.7275870963613,2181.2769019478988,2187.7661766195324,2159.9449444617076,2154.9975746712703,2177.8589994290546,2205.3248064344716,2227.100152088144,2237.492780919599,2261.5280101189273,2282.1161349821987,2266.330282106791,2263.3980215733677,2257.3938950044753,2269.463371631901,2273.5200372629824,2293.539178142721,2299.44911722785,2300.7930492098203,2313.4266978623286,2345.557796012858,2385.8699693697536,2387.905985351044,2391.234910604678,2381.9069901956923,2385.6223687871943,2395.227358905219,2413.428119283939,2430.111148689262,2441.489451765893,2432.8849121451913,2414.758251495171,2420.2580128321683,2449.9794399923253,2498.691143868464,2499.071633804949,2498.7072691253684,2500.7185923889424,2530.0968501813086,2565.9215605170775,2573.6101042788514,2597.4650338851793,2629.2644959977383,2684.9414515029603,2744.3845268228233,2780.0626302137434,2852.0691331851017,2909.4025465134246,2991.074746061031,3024.757443951072,3093.402917552605,3134.103849875663,3148.0569147319384,3152.5693964990874,3189.7115964228547,3282.000844994635,3318.104298109636,3349.6381863317138,3322.392347296874,3361.7972380830365,3367.759450395858,3382.265950594256,3359.9267182430717,3330.7494510015185,3374.696855236903,3384.9865244464936,3403.0109549672793,3361.142604495867,3368.8218283359647,3374.6482666872735,3406.5480775860697,3422.811044734559,3465.109639442539,3486.720260765248,3464.116170291082,3438.959747310015,3398.1605441007246,3429.776937973324,3430.884455098547,3488.793195241633,3511.542782836153,3551.8051910528866,3559.3287794971206,3569.688136592471,3594.4614583073308,3594.6185503398133,3594.309007756387,3583.070038580924,3635.8525449131275,3656.263538670971,3676.697484798231
2743,160,Jefferson Parish,county,LA,LA,"New Orleans-Metairie, LA",22,051,,,1006.6113106220729,1021.3790006969334,1009.6190925349632,1028.0871181453401,1019.3061300310028,1034.595592827263,1032.1051321069097,1045.1277646635067,1045.863678659442,1040.9207116958028,1043.0774558360933,1041.8113406569073,1044.2105154037029,1036.4091737949564,1037.1013423295396,1039.4736469245247,1034.9402120833913,1031.1752244877616,1037.4775671045702,1035.1952289781523,1045.4657971235222,1050.0757078833064,1062.0605374206204,1056.8834649175215,1059.1608598611258,1062.0077482883373,1070.7918950607573,1076.2992325957139,1082.1123488917913,1082.8973674334245,1078.6819254810184,1065.5321729023542,1067.0529163643018,1069.5592977138188,1083.9907780853064,1077.7288639401613,1083.6869809071586,1087.4791645274388,1098.5357356959832,1101.4300795047795,1103.7319090588855,1106.0438656853012,1103.1523871511497,1103.105784603471,1094.5302640021262,1099.3353256264365,1109.48595338086,1119.1494136422766,1119.5159689419381,1119.42701053722,1128.9967533443887,1139.8810876196858,1144.0631000115861,1144.4519066480266,1142.4231484141221,1139.096224602122,1139.7218003269095,1137.4224739867327,1142.819824944201,1152.9216842146334,1158.8065811223141,1169.6565027055701,1170.1017580143944,1177.7457101255254,1184.7557054492986,1188.9951541455703,1195.340098978804,1191.8227946892614,1197.9510272340972,1194.1140981958663,1200.8602001665486,1205.1065516286492,1226.1602862273533,1228.131810039655,1233.0249333582096,1231.2130429832646,1247.1635012562865,1261.4407515559237,1295.513812863994,1319.0963846138718,1347.3714814000039,1346.808121913589,1359.477179576335,1365.7683532735728,1384.2944141182022,1394.0831105221232,1403.980184277556,1411.457895846848,1417.7247649055128,1423.2323078246268,1426.142655455643,1422.5699533524614,1415.5253690536256,1412.6624549476198,1413.373355209439,1418.2444405732883,1424.0934736172014,1444.3394563751235,1457.4585434257463,1464.4455407912633,1461.741411871554,1469.1083614223833,1482.3117576524046,1492.4700981824533,1498.6369379762452,1489.1846458181983,1473.4405041895257,1469.1488209148886,1476.2408549222405,1498.4727088537772,1504.3635454315408,1519.3471526222245,1516.6809891974492,1524.6958411931453,1527.4074872209067,1546.321812789283,1560.1096362170094,1564.6421234780853,1560.3118972200662,1567.0009862752806,1580.4552077650485
2444,161,Monterey County,county,CA,CA,"Salinas, CA",06,053,1475.637894107022,1466.8649589340923,1468.3695019092727,1476.1960557125872,1480.7403082822386,1486.9459876760966,1483.7818562593209,1497.5676837332062,1491.2900887138937,1516.6403562849332,1535.3723628712203,1578.7190339872654,1603.1743304384172,1602.9078519438058,1598.4328914688704,1607.5415908811306,1632.7249044112814,1656.4133124523687,1671.5741470722567,1659.9444047051375,1668.9873715839249,1665.21446778475,1668.983756580061,1663.7342552136017,1688.224071549572,1703.346651379543,1739.3306832265512,1747.883403331633,1775.308878828643,1780.809448511887,1772.9896722522506,1778.3328647240635,1781.0339484388358,1796.4095519282098,1803.0998814035377,1801.6161297911717,1803.577003870628,1816.4905797928004,1840.858459394103,1860.2479962570358,1875.6543388960745,1891.2395340509659,1905.548770756512,1915.7755895044918,1916.1638953201766,1909.5927164621717,1895.8582701072273,1882.2777914350145,1882.750453245594,1896.395838868672,1916.5383245709622,1933.2770288011272,1957.155668890941,1973.638919344387,2003.4087029699792,2007.2842293597162,2013.4869210585339,1994.8516427997022,1989.7250066887163,1991.0056658083702,1996.6879217130854,1995.572206461333,1995.2922118157016,2003.686938977309,2008.912064554281,2014.1631606921508,2027.835871536314,2039.6510253261695,2060.7294854361144,2079.3589044304936,2100.3688567481463,2106.9299874133626,2093.6579018854636,2095.8095365877975,2103.8734641962396,2119.3371260313697,2140.8490960142317,2153.308623236778,2187.2175137315385,2214.8452175245325,2260.594611678502,2272.7231016920314,2283.45835718873,2284.1336489577334,2310.80104450664,2307.6051774726006,2306.2353133509773,2320.592725403891,2361.4803854461247,2404.387512943637,2415.4347375329803,2421.8742285543026,2431.9781402660224,2440.440787283446,2434.9113756138836,2462.166722765579,2470.9950209432996,2497.410690711024,2465.0726052056866,2461.249400540259,2463.4613444093084,2491.8187381246003,2533.4949584680344,2549.7255729978647,2556.511120873902,2544.9853276792087,2532.577998518184,2532.389360044135,2531.9764522658015,2569.794452247691,2585.6478143730783,2598.952144027101,2596.966467481433,2596.0591811918966,2621.283502746743,2628.5048830681117,2651.7431553328092,2665.2930203502974,2692.494473171337,2705.686570659481,2741.51148891029,2755.9983424795087,2782.9477895202785
971,162,Dakota County,county,MN,MN,"Minneapolis-St. Paul-Bloomington, MN-WI",27,037,1103.0830396870895,1106.9293628815215,1112.9668592960304,1121.1380774522463,1129.5094413979082,1136.0863000503136,1136.2965964693453,1140.4956741356025,1140.2170486132336,1135.9294865726456,1135.3461226374725,1133.88110037467,1144.83200679968,1143.7822930934728,1152.4894253408866,1156.9955019215856,1165.2851079550524,1176.8752157147517,1180.7353093152333,1180.2277191030817,1177.8436311905766,1178.9847612315275,1186.0647276470356,1180.8161373054697,1186.6820022388638,1191.4800604891616,1203.0852395737697,1205.9716718841867,1216.2252782830842,1227.3600180741241,1232.4282558163575,1233.365341900624,1227.0954202436208,1226.1990756063915,1242.0123372379346,1253.9303976762744,1264.2316717228093,1262.4185714037637,1264.1339231887644,1266.75677848592,1268.8974256421614,1274.8437000580084,1281.10475408432,1280.3653809978905,1283.5927887315188,1292.9595256628875,1302.2560283345476,1307.056087839827,1308.2486983617318,1312.985691121924,1324.3455741564362,1329.0994268656673,1334.8851544490267,1336.7791357001956,1337.2591376687412,1339.1156480332488,1338.3003732295097,1343.0554969477973,1352.466311691741,1346.099133909894,1353.2957954654887,1348.6437838572365,1366.4250247828088,1368.4384839680672,1375.0095148304974,1384.5093060318814,1390.731583611245,1399.0819756936457,1401.4292359588587,1411.2260320075036,1418.3764382621896,1416.3894450261362,1418.125317680015,1414.0694950495554,1420.4774502860132,1423.196086816325,1436.4280769204256,1447.2616649371867,1460.802939733082,1472.6327743205072,1478.5059194105097,1481.402709870609,1472.4896964253778,1477.66335882186,1486.383379024961,1501.377412417584,1514.1508921853947,1520.484132408267,1533.6684282114063,1540.7425104736421,1549.0705585396338,1548.1859343459796,1545.125284508586,1542.9650463306045,1532.236465847347,1525.3009918283703,1522.5234616972382,1538.082426917939,1554.3452339639402,1563.2870484133628,1566.95176913777,1573.956980564184,1579.7296827056887,1582.5205929287083,1578.3423137522316,1579.7388496022877,1578.1942991056862,1586.3846303552152,1590.8181561420918,1600.8122956919276,1606.6236868124768,1611.0186515484459,1621.6079249497382,1626.003775299326,1638.8666172371813,1643.0746263229098,1650.5301445950447,1645.233126338633,1641.2080462228616,1637.7413935892494,1646.6353326767342,1654.3108371986998,1656.4563672221786
616,163,Lucas County,county,OH,OH,"Toledo, OH",39,095,675.804091600506,679.9511704956182,687.985020961899,691.1416736959262,695.5824204270116,699.2621233126982,699.7532753239595,700.7963023537296,703.977639695492,704.776427506674,706.2533282064406,699.1611353988612,697.7311794314701,696.7536539959686,704.7554417958527,713.0093734884783,723.4118013403477,725.1150661127439,724.5679933796154,723.1078650632173,728.5927519056236,732.8047878803136,733.3716888556283,729.6787863308078,727.8031967579269,727.2973241074556,732.345722784193,739.2323326905737,745.7622794926002,747.1016495689554,745.3801293609043,742.2735986342386,741.6914479753103,742.2237847647622,742.4406229981552,745.3035069312232,748.0799326345705,752.0573140556604,756.7660101948217,761.0744960981183,766.7117649682164,768.6506743090397,766.748345522549,769.6620305920342,767.6627619010357,771.2884797913282,769.4987226315765,771.004539463239,774.3942081305626,779.7800078545491,782.7742758120359,786.4842751675928,790.3889703104229,796.4379347136094,795.1782385690237,794.4258376228273,793.3554619753533,795.5449655390254,797.261688665661,801.0727832484245,806.2515100698008,812.8281840629619,813.8818362454192,815.2106775160316,818.8224926191299,827.6330141613022,832.302384428844,827.5746342707124,829.2788795638749,834.4840599291493,839.1857590390262,838.4805566493432,839.3676110328112,848.400650816013,860.6985733331171,876.4696386581641,893.0143365229646,905.4613373424726,922.9400498144614,932.0498680990138,940.7737208924666,937.8104143010954,940.4277121577448,943.5806239771667,949.6202963266562,957.1226293037997,975.1073206459218,992.017272078292,1015.1633580036497,1032.2023032476907,1038.402913045572,1037.4647511477624,1024.4422612604853,1020.9762120851645,1017.7216068454079,1015.349095499103,1018.1919621712264,1025.118981934703,1041.3364018820732,1049.0766692391653,1053.7028611539108,1053.9010916737686,1065.7734724911022,1072.096047735122,1075.967517798834,1074.025573663114,1072.1821014366271,1078.8258954336793,1087.9994932591837,1090.506325420228,1101.4830543583644,1105.494293270765,1115.7542476778594,1117.4433839682458,1122.913332848913,1136.5750784044371,1143.0078807647342,1147.9134374240605,1143.1105576173613,1148.8881308115774,1153.220364898319,1158.7664278373945,1158.4774681802544
2528,164,Sarasota County,county,FL,FL,"North Port-Sarasota-Bradenton, FL",12,115,1347.414175371095,1354.304026842064,1334.976219489397,1320.653115725359,1318.8928641260939,1322.3889739986384,1333.0548728919366,1338.5704821016889,1349.6143166251786,1376.6907769257787,1391.6975674539308,1396.1805775948537,1382.5407868021466,1401.814777957822,1409.1102230052152,1407.0998289616052,1379.9836992810062,1379.0250782673995,1387.3222121547221,1396.5739861280354,1400.441811461457,1411.3937713747143,1425.8544528924951,1444.5990041734117,1441.7566422814973,1445.8024777407688,1452.7799550177353,1468.4107399907173,1451.7935489959123,1444.6327849953918,1439.0996261150738,1456.9068125464296,1466.547525124351,1503.859423552147,1513.8002202871971,1532.8378016075183,1520.9520388146825,1524.0506552132294,1513.3485257937627,1486.586159811327,1480.351163069158,1481.2684058892337,1506.3353333496243,1522.8130571067704,1530.965563659982,1535.0488891236837,1546.7069887309794,1559.548224883242,1568.9193138802198,1568.0110748809286,1565.9554070514914,1553.7681700983935,1543.299227716826,1541.4348919346485,1548.2797267560723,1566.2096636264025,1580.4905299664863,1596.96047726328,1614.6409349882904,1625.5371961806711,1628.9937996898639,1619.1283006673882,1600.0720939567034,1584.7683016484084,1571.5892339465897,1573.1288365850824,1589.0134965215893,1599.0883074231692,1622.3126766784826,1651.8463894184795,1701.1446872982945,1725.4680554896638,1717.3314136974382,1712.665962677292,1740.7334851335713,1769.7118287611336,1802.7086466401809,1848.425090056228,1931.3517143979554,2002.1821590813552,2056.087314068491,2102.0483235852353,2159.1779951148187,2221.6782803478386,2249.6279390136533,2243.630831655902,2214.357229056642,2235.9537582473704,2265.105503895369,2300.8820279840315,2301.8047994604217,2297.417062946623,2320.08057093956,2354.3195308360896,2411.7966356033917,2422.7987067300865,2425.9736412393822,2407.1940688565664,2398.5573560109283,2388.1020902529995,2376.657220289262,2362.7571818108718,2362.762502656967,2371.7142448146656,2395.285818257894,2412.921058356974,2393.814979778726,2389.3375548498757,2382.089484940339,2398.0911773418525,2386.4463634809404,2373.631636066287,2372.263079467335,2381.52674820632,2373.3063339989617,2388.8511949459244,2400.0006846900474,2429.3392715331615,2447.9899035912204,2453.9943776751634,2439.2640829126995,2427.950624200059,2413.665758321613
385,165,Berks County,county,PA,PA,"Reading, PA",42,011,777.571356260997,770.177986032879,765.9277727259736,766.019140894551,782.9248565301418,793.4873784327157,802.1906508050073,804.6453564169385,811.2040585369231,809.6602097895899,799.2791799345445,785.835146082339,782.3741102044081,790.8913893208046,798.946450152047,800.4512358268765,803.0923721415363,819.9738155762828,828.7792709710039,830.4400464915967,824.8916815048063,821.4204092066125,820.9196255304488,821.2267985891698,825.5340037971005,829.6090177753753,830.6480493415494,835.8949851675399,837.7640540179835,833.3370411169766,836.6975082656028,840.8047088820716,851.5255508853141,852.2550974431125,849.7042723263198,845.5663731354973,847.7996969906568,855.5958103662981,867.5897956824871,871.7935709479464,880.7061650545161,878.0904798875488,889.6457518039698,883.9294689482854,888.8741547566017,879.6486818849487,885.5745339477012,883.0918924222726,882.3682116614187,883.2167111355784,892.0290212756918,901.5593964970674,913.23351487988,913.7310577274886,923.398298964877,915.9752831080476,922.1180948056588,918.643742770578,929.1228957779371,924.4863201214865,920.4108796978767,913.6065542527807,918.7491817665847,926.4105302858761,944.2450725853125,958.9778180120752,973.1276097411655,983.248194148572,989.7669699737527,996.6933654545104,997.9115848361033,1000.7506038928342,1016.3995406819122,1016.6208301779116,1030.3972851873614,1043.1299868229528,1066.0203669732866,1089.9473960239436,1106.8612136894526,1119.6594279856843,1125.5372426136078,1124.9362341895803,1129.605125549535,1138.909773459107,1140.903108275733,1148.7685309219937,1157.0196495129119,1171.3616773783112,1184.0113602777938,1188.1104889733922,1199.7631305294476,1215.3123154305997,1243.7650786215631,1264.6326589696262,1261.6835494199029,1238.9215430767385,1247.488528113898,1252.672222984788,1289.6714211902263,1301.4461351021619,1335.0499791838347,1333.9773184940364,1332.1310022716182,1325.946230373251,1327.8713946882808,1336.4261388684913,1343.1306842644915,1342.2202378343443,1315.7193468255055,1332.6080355780712,1357.0035840219027,1399.7799254104361,1420.348136183027,1425.0403952903807,1425.7555795812111,1416.9157291222125,1426.2856276441748,1430.618187566759,1438.5470980872185,1447.9280244579916,1455.801578961379,1452.88665667008,1450.474829059829
685,166,Pinal County,county,AZ,AZ,"Phoenix-Mesa-Chandler, AZ",04,021,886.2512450737964,889.8633579910392,903.829960918635,912.9824458852017,925.3990502117031,931.8734724161336,929.7105711427349,933.242481693099,935.5551037271257,943.334620111952,942.1361669367772,941.280914305217,939.9848774647334,949.2746914308053,960.4802122798221,970.376423231404,976.0963438030905,982.0248510674294,990.6614913767015,996.1026775364505,997.8043401607973,996.9317136962125,998.1113802963363,1001.0006663176289,1010.2988968447742,1018.087965532877,1032.6075469558436,1043.6316497848975,1056.3228358576562,1063.5973592111832,1073.812998182752,1073.6517919210055,1084.2005779246128,1078.8869541334755,1081.2300718135964,1077.8037628294617,1090.1915790357514,1102.182933822068,1112.4039701631332,1127.5590929348057,1142.2146259372346,1157.3301377418577,1163.2001983397608,1168.443257946866,1169.155463951454,1167.7706542049261,1158.956829086639,1165.6962995143492,1172.1480599008298,1185.0860447695054,1200.2649493126535,1212.431436465111,1236.8973319120244,1245.5688471866376,1259.381725551651,1262.9275895058654,1272.2108249108055,1283.1743847499806,1283.244108186203,1283.624812723467,1290.465164683886,1310.9297043391286,1323.9467659374232,1330.5619835617586,1337.824285036695,1356.4976766282844,1379.54719609939,1414.0143139330617,1439.997240626096,1468.0809602035026,1487.2458545427041,1496.8988382662956,1505.5643711821722,1513.5718302282778,1546.9913659134425,1589.5958106854912,1631.9347486172803,1672.3841928022296,1696.3489565276575,1717.7740522149252,1734.7484987264943,1761.325761513347,1785.6476134976979,1791.933635805748,1796.1625310919824,1800.4535972607173,1824.509009873525,1837.2687389032812,1841.7736828885938,1839.6893406070258,1846.3823795007086,1857.187343276703,1853.8352535618242,1848.1077638090999,1846.1631724724289,1840.418290057217,1837.829399760575,1834.629282571492,1856.7718865931868,1877.5999706858208,1898.53032430742,1901.2406104925046,1904.3319030678094,1901.0613349472321,1897.9795283775222,1885.0480240065976,1881.885114765842,1877.591741479166,1877.7318261583487,1874.0441091133373,1887.0281304363364,1902.2319552592419,1916.6806340759902,1914.6307259347673,1912.1164364717974,1907.952153293249,1909.9458360286626,1908.105954732604,1896.2415068701378,1896.8953056520888,1892.9511917074242,1907.794208747397,1921.1750998776363
3166,167,Hillsborough County,county,NH,NH,"Manchester-Nashua, NH",33,011,1100.6304323312434,1105.3330249682913,1120.635395572291,1120.6730457604683,1130.7809403412346,1131.2938416753177,1144.0243129085668,1149.0559821312547,1152.9414595184023,1148.7070666680681,1145.890724112853,1153.4263647368982,1156.6645334971602,1171.6407472868848,1168.92715979307,1169.3148530129324,1164.374569429693,1169.1680101483773,1187.5435389007146,1204.5338064345015,1214.0411055151844,1217.646086396927,1204.693901036647,1205.575320030579,1194.214874030731,1208.548813247923,1219.5955556317474,1239.518052061787,1242.2504803145712,1248.3248746697732,1250.6595509334866,1255.173830247002,1254.0944179289388,1255.047095055654,1251.8771159088085,1249.2737927393143,1256.2020555858662,1257.9592889652017,1281.2328480079766,1293.6747014908817,1324.421054598345,1328.8285280938294,1340.9099426430098,1330.2796958436547,1332.7633623694157,1338.8263371378875,1344.1970304737156,1346.0576598967352,1332.6314617596215,1342.8163201235018,1345.3448817395533,1363.0683690376861,1371.4395252266227,1385.3985313850883,1394.1119583628483,1412.5376668267197,1416.1558671028001,1420.5047645445047,1418.2523863124466,1431.1921886846978,1428.566694807458,1431.1694005930583,1431.997990760719,1436.0190469279974,1437.0792922934384,1438.4613512937,1446.8737317044292,1455.9416503783764,1474.6337068980406,1496.5839322172694,1504.2369793821629,1521.3891031054247,1529.308126864331,1543.4143247840475,1542.4742634155728,1561.2003085599308,1593.226691217323,1632.1921254814556,1664.4922338111746,1708.6982364355188,1739.4682497672952,1762.940529742695,1750.8854115612942,1757.8961624682531,1771.2063058799665,1808.2682903535595,1829.7322672444627,1849.9759109094493,1858.0373151642739,1866.831624756905,1873.7912877226431,1887.1040533643002,1895.133210904701,1892.826860390458,1883.9342095223756,1879.651253686723,1904.610511302525,1927.7334308808893,1949.6077919994045,1958.5725599127773,1971.4756555667532,1981.121609235728,1987.6096724151303,1993.6991185478848,2013.0166528990162,2009.5600099282817,2009.761556800687,1991.163026526496,2000.4355532274685,2007.4348411314484,2017.8108838913147,2031.0858447408705,2041.8728715398297,2058.1360141434043,2076.874518715801,2097.386479602336,2108.806871087376,2103.236367344745,2087.7898767841534,2088.321554688354,2074.9847011404595,2093.8071988856636,2101.574755572727
1585,168,Cameron County,county,TX,TX,"Brownsville-Harlingen, TX",48,061,,,,,,951.9904354118607,964.232592444801,981.5234809173868,977.4293480577664,972.1848599273509,977.1757360836895,985.5859981950586,978.8627086059466,973.822174921733,965.9438276275267,971.3580972496626,974.0152204600109,980.3606023524193,983.8411832306856,984.1678391905222,990.0142462144946,986.8138128300352,994.6297705261288,984.875869735115,989.2754246320678,986.5743020898942,994.8349320369164,986.4321023891259,995.1035249104377,981.8374901909389,989.591090841904,993.8179824369499,1014.3430568692097,1017.8809715128624,1008.830073425427,1005.0528771513965,1009.4918238190802,1020.4874475989608,1028.571788230551,1024.3628998358581,1017.1489107905091,1013.237528140166,1019.076057240298,1028.106999703172,1026.779216089263,1020.2685155452833,1015.8796739401935,1013.2478347769855,1024.0025555586365,1031.0515242627207,1042.2324657499246,1045.0782261559225,1053.3249350874692,1053.7496510461021,1060.269680215211,1060.9720987790072,1071.2930228045407,1068.7635900615232,1064.2675615537887,1054.5400159128437,1058.6801165307545,1062.1921455973184,1074.2745999836766,1072.2158186168256,1077.0395799115713,1088.5915116250058,1105.116405216087,1123.7903692091468,1118.3788768376044,1124.0098807273089,1119.1768404873721,1133.852738101587,1127.2431376255672,1135.106550746293,1140.8150934885844,1154.6232669017518,1159.9680935348426,1174.0595459964072,1200.899164862121,1219.8813006908792,1226.0050044840523,1227.8627115813563,1242.745737998825,1255.0868722725174,1268.7167139370817,1263.7566784708513,1268.7912428058276,1275.4866818821388,1294.4106432139456,1315.490932166178,1320.7964717496063,1330.2352233911236,1335.8700234507057,1345.9924180231594,1361.6888149161045,1383.0927340562387,1403.9132772145128,1409.04318336975,1388.7513413914778,1387.6612794075447,1385.0353277129145,1391.8591264316037,1397.624112372568,1414.6384325532465,1426.4748155662653,1424.5094776124827,1425.1172487437263,1427.490190241483,1443.3504053537704,1444.101838454036,1458.8549842078867,1461.4400795671913,1480.9803669266137,1482.6583777451365,1475.1221904920787,1455.1010377878897,1446.592980662244,1468.5419423289827,1475.8269782096204,1491.7750904628272,1488.2342932110482,1507.0865607012572,1498.926274236619
2661,169,Clackamas County,county,OR,OR,"Portland-Vancouver-Hillsboro, OR-WA",41,005,1109.1356614778153,1112.124995361438,1128.6744463090224,1127.968673475659,1145.4395361855416,1159.786823037215,1182.7775579093575,1195.7930850966168,1200.1798213324435,1202.646056968092,1202.5821802323849,1203.5463604081253,1203.7202123354493,1211.8402684466746,1216.9976833025273,1234.8849797577532,1249.1927851205603,1283.5987757192927,1287.2847776832577,1285.9513655329856,1278.655953003513,1279.7615888805576,1282.977188175253,1278.8597623971925,1277.5084967001105,1279.3790590024958,1298.6256370546405,1312.8470159072697,1334.463117390723,1340.6120643649626,1346.1772107931483,1342.545352756211,1341.150566522772,1335.6084219558707,1325.3401807314983,1319.6550400997853,1313.7122210156995,1329.5865389887695,1334.363546549412,1361.536069920637,1376.8356518958042,1396.5624228944296,1407.6534837573502,1404.344017608299,1405.9061820949219,1394.586449934244,1392.417492788141,1387.937262205389,1388.281968794854,1392.416392497022,1400.8184272396654,1420.0179900412338,1440.6539659829239,1451.4223843622033,1450.1926336756114,1447.8647178682575,1452.4978032455526,1454.8068105725508,1450.4403799045338,1448.1893770548818,1442.456044324567,1444.3928196929514,1452.042322350169,1450.925118090191,1450.4268116156545,1448.6496816756687,1469.2217373538253,1483.3085796727999,1498.909970374302,1507.8332030880963,1512.5374347427864,1505.3194010987738,1506.3494668012647,1530.3424565300156,1547.911609848427,1571.4560052324598,1587.6637972851963,1624.5476001295754,1660.026516770149,1685.8976023468856,1707.5511842748858,1712.989783261798,1705.9238053256602,1700.8423713897394,1695.607704171904,1715.2987274552704,1735.37619733938,1767.2730035819116,1799.464091644161,1834.4414604885937,1853.1550189574639,1856.796081179629,1849.2520074119573,1838.251052662926,1834.5835819245553,1835.1306051843087,1839.5788729549693,1844.7055833133584,1850.2107638626323,1851.9424640629052,1852.8364613708911,1855.3191696388926,1859.0625216106212,1864.7015594720383,1860.5132087696795,1855.1049552091374,1839.4938154636566,1826.7941414598347,1833.9147053155837,1848.2478512189052,1866.8838721671702,1882.6758037727564,1897.4500980547452,1909.7871806558285,1923.0203964518473,1930.9167352024692,1938.6049243674006,1934.816740651181,1918.3250242821346,1911.8772863707409,1905.0720133677037,1909.1042184995265,1912.5774879890184
2507,170,Richland County,county,SC,SC,"Columbia, SC",45,079,837.5780982811635,841.2936280541903,866.4087162268585,871.8233762171446,873.4432774255465,875.6522244960829,881.2944144900496,883.1897371141189,879.4012418983712,875.1230836348931,877.4097864770396,881.7243842025124,885.3850104544688,888.1915433132832,890.0101423342005,893.0639132829272,895.5591764488505,899.8263022407168,903.5165666988711,903.126242695819,902.3345313818629,900.3626694705333,904.218350911618,906.1516326923098,906.185398506344,911.6485024511849,919.3719499889727,926.4389605007289,927.6798427931172,931.662760048062,938.334663831867,942.0330260595638,939.321968620866,938.0370351696358,935.9798453202006,939.0683164523862,940.9963625247385,947.984739823482,955.6008783301328,963.1848974092046,968.3454112111642,972.8745406680791,974.5855232464745,975.6843005779159,974.7729755255664,975.3575119106679,978.3180844334453,982.8970427933566,986.3700999574309,992.7349490776177,1002.3147345456961,1011.647257511325,1015.3805131335872,1017.6522478563345,1021.6149935590253,1018.2886506644143,1012.8509922450503,1006.4587734570524,1014.2664634708808,1013.5777351829583,1023.7656050891819,1024.0562351865667,1038.4404433203888,1040.3470707077938,1051.6862461211472,1058.0389732751594,1065.9843539435778,1062.3558195749672,1064.9876991726464,1069.9187122268088,1077.5897925792071,1076.155670926567,1081.2521350097156,1088.7538194505864,1105.4184563333536,1117.0519469436022,1135.2590683447777,1156.5102234489357,1179.4858013457963,1198.2753661208337,1203.0956445525098,1214.5011451519042,1225.3556706798252,1231.7660283828332,1232.3020170795971,1235.4019972652916,1252.6473202508607,1269.7600236564158,1291.3374058421725,1306.6899409676582,1325.97468673433,1329.3576797090368,1335.6719278947194,1331.3138521298597,1334.1119547033109,1334.2624495721964,1330.2063396075202,1338.503078281349,1347.1868537569128,1371.4436141007834,1383.1315017893496,1393.2584629959617,1399.9445146989829,1405.9317332634205,1416.321179795992,1418.5058743859606,1419.5571755231028,1419.7030592880214,1421.187490161613,1423.507817222245,1427.5036737403907,1439.3851276234273,1450.8142130558374,1459.5815194154345,1465.57465743245,1469.3145381685947,1471.5058593094832,1473.0344225701679,1481.4367416091739,1485.7896941322256,1498.6595621905324,1505.7976260028217,1523.0680874108054
1208,171,Mobile County,county,AL,AL,"Mobile, AL",01,097,749.1293033796844,750.8501699083765,749.9660903824391,750.3429179505898,754.9573671841991,759.8686461914091,759.3306587908745,764.9384596229559,765.2494544881944,767.463513335615,764.3700236817378,768.1078788339619,770.9936075198256,774.3384864138285,774.1018596336098,777.2044996261909,778.732455211155,780.5674261769224,781.4843199797245,790.8960187200788,791.7162143026561,790.9609510055611,789.3176839275486,791.4580368880407,796.1305345024879,797.0520497833354,802.1404042131206,808.2821671008347,810.27308930829,809.7221079489514,808.4634384960581,807.3087717789556,808.4460349287665,808.8677769512477,810.2485229542391,816.4598495214484,823.9384849201178,830.7928848805085,825.6986368096422,825.3153262920579,827.3079204912575,837.0647755149456,835.0675688454678,831.4856867381013,828.6171000006548,830.0002652545467,839.3980696154691,847.7437583161933,857.3756668980164,856.872446261033,855.9374015598431,857.7664402747154,863.7274286426207,870.2754530772,877.1987973761568,879.7083223975173,874.429987197323,870.5849812250543,868.8752881197245,879.6450087699993,880.0772204841401,880.0437344352117,879.2582594862739,883.4784551149387,888.5509870467322,887.6922648237352,897.1217126198086,903.0658835076671,906.2245253912802,900.5497225007234,909.3316149620538,918.0462814701455,928.5798144886354,935.2495206013328,945.6192161791698,966.9684438564468,984.8258442427291,1004.0790692049696,1019.8347655635176,1046.7529612666956,1066.1155878971401,1077.1063911210824,1063.938830151677,1061.9026329675007,1060.9745332140465,1064.6451265880596,1075.0033449458172,1084.4387127954556,1101.6678266420881,1109.055392639477,1127.375986969311,1143.0250906742551,1158.370189032895,1159.2649097709468,1164.5966533707065,1159.8828092183523,1161.0038830580856,1171.0892016895352,1179.5557925015605,1192.9578242298064,1192.59717594823,1213.8375224773565,1222.14207223519,1240.7449918033994,1251.1661095520883,1260.639407581913,1260.9422462926216,1255.6721560226285,1259.7643617842566,1257.7186195917666,1259.5509333731102,1263.6131089411049,1274.084006393797,1286.1891999358008,1297.3205862394504,1296.2347827453382,1291.6113700962787,1277.5160711401986,1277.5247260645306,1285.9622306011086,1294.872452256383,1305.3534207898697,1306.8321428571428
1887,172,Loudoun County,county,VA,VA,"Washington-Arlington-Alexandria, DC-VA-MD-WV",51,107,1703.8600767195635,1713.5662769684025,1736.5748642691606,1742.4081378374117,1761.739693531611,1757.9882134583443,1763.0078054393516,1756.2134671906426,1754.0188660946067,1744.714392438236,1738.9659410846134,1734.096469723436,1737.2522499731165,1740.5429211743751,1752.4968238203774,1761.4661214429013,1774.5996159896542,1775.0545898023443,1780.1351468727428,1782.6439955389558,1774.8578375001885,1771.2682530272514,1770.2854700838252,1766.5758343912814,1764.1949960470251,1768.8347100178116,1789.6569194247384,1802.1413833863478,1809.8632443562888,1817.3425317408185,1819.4844735360834,1815.3297389311895,1802.3705483316992,1790.9382516784738,1772.5939342856398,1780.1314261868608,1794.4569133055475,1813.9570593962744,1822.188368552729,1827.5750517052443,1840.0709318731062,1847.0028449407484,1851.231156543646,1857.1728243556001,1850.1851252322738,1850.0580885990328,1849.0810592230453,1857.0475739538067,1859.9569276373368,1859.3734785651125,1867.1534487508459,1869.1582206567507,1882.8643905628037,1890.4562881571424,1904.3668934973364,1902.8307971724425,1900.1786992370596,1889.3136666895211,1884.7356171207998,1879.616920464055,1884.677364930548,1891.6793479076625,1903.1737071303064,1911.8145806581022,1922.2605144196784,1930.1198130011137,1942.2113639100276,1945.3939715184556,1951.5154776541397,1947.3021625463202,1943.5132467377468,1930.5161140235325,1931.400285103474,1914.3955057148316,1926.9895513155025,1947.8940511022997,2005.132162771367,2048.1122360060403,2084.9420615020817,2108.9431319510577,2119.257428061173,2124.3410272884807,2122.6595407610466,2135.3614819197956,2142.64592769703,2160.497261960457,2185.2188641649386,2221.85613587072,2264.8452125031367,2300.923031803271,2313.356835203977,2300.3928611147603,2295.8272755976495,2294.599667251362,2304.5142758005986,2294.613656076101,2301.252374033797,2306.859173321099,2333.746980037042,2351.1295984442067,2375.9080302682637,2394.944877806259,2412.823273576992,2414.4976972933455,2395.2034645906715,2374.13250522572,2363.930916517523,2363.7417406418617,2381.61948308824,2407.7736717495472,2452.49830500132,2491.879989543908,2521.394413582915,2544.6877168385354,2560.1280436704897,2556.048654229506,2533.650831638323,2501.71519728024,2499.2256784939905,2492.2209831455607,2512.299977948362,2532.8432132930175,2578.9654470291093
1721,173,Genesee County,county,MI,MI,"Flint, MI",26,049,582.1067435062189,592.3877721565086,604.6499233763436,603.6916184373337,600.4661690574625,606.7621575388182,605.6167333617805,620.4052302044637,625.2417578499036,623.4478944158164,618.4784901031109,610.402601803607,617.3160397789779,621.4038357264387,621.109390228011,625.4718516113719,632.1775461218423,643.1470376677752,640.2338629552494,641.1791056443731,638.9672094600206,639.4728300932562,636.8672415465827,641.7861481436429,648.8485958111696,651.9156735702911,651.376764395588,654.1215726636415,655.4707658219021,655.0970503651787,652.7093411270379,651.853609038078,659.9526356135109,664.5782584929135,669.7290499603985,664.5029756000143,670.0942870005443,670.5752348465609,677.7547250415203,677.8538594616476,684.9154362162333,689.2789706417377,694.083488943642,693.6478738868549,695.2222398925209,691.4057570245453,689.832769024167,686.9134547722301,691.7216238952267,694.1749728638919,697.8738141313975,701.3265428209156,716.6260907430222,721.8009891040887,727.4796815013867,723.8756627353345,733.0189564913443,727.8254678139341,722.6397611762304,716.9436937745928,727.8231586324471,723.6576623439669,729.1087142861776,737.3899407522862,756.474378577092,760.6261483532112,751.5069116485346,748.5393625685665,754.9638054093618,765.7068028977284,780.7708030900499,781.7001389687225,786.3122233232175,788.4960172867212,799.2892339091645,814.580592841883,831.8150620525936,834.2344826837332,850.0255670536886,853.3959748975807,877.1281653265474,884.079347789418,895.5349814024157,881.3951866010613,881.8881426682213,879.4689668789878,907.943857112691,919.1697150091061,937.0471195912157,945.5064462154572,953.0447796793635,954.5775130479119,945.3428706439117,942.5857036022595,938.7610864944684,935.3425958477326,928.5670319043148,922.7236514694623,919.5455267716255,917.9949532719542,928.0373910503799,935.981400185083,945.9627846734795,949.7737476986111,959.8436660522962,968.1322838090497,971.2278605242856,970.4234443379104,967.4796049219301,973.7737021803204,988.5537527539568,997.6291686485602,1015.1650137039596,1021.4467593612941,1031.3863697833713,1033.1536834960984,1048.6784473367593,1055.2578077934909,1062.7428334669576,1058.868190338788,1049.6983407504774,1038.4537067516394,1030.1916248955722
2596,174,Waukesha County,county,WI,WI,"Milwaukee-Waukesha, WI",55,133,,,,,,,,,,,,,,,,,1230.132037072325,1218.9103148793358,1206.5015713690202,1209.2212846951459,1223.2810179146659,1238.839982021996,1245.1180703515274,1253.593920520545,1248.7917674594617,1249.0553131242566,1248.4667400879314,1251.278823773658,1259.7032987717873,1264.0536268282667,1262.301599622404,1267.5858482390836,1266.9610123524826,1267.5947356507902,1266.0807164995392,1269.4792320066874,1279.9830788518398,1283.0548580046486,1287.4340863818038,1296.7976773270282,1304.8213324148528,1298.9070743170269,1294.8782857715946,1286.419366589114,1286.7951430105052,1295.3620278651833,1302.4604297657957,1307.3244223310664,1310.2693253514608,1322.6259704244158,1349.5828567241117,1354.5383320294907,1353.0859981686374,1343.1328952550805,1352.117037141273,1358.9306795630657,1370.1142211095466,1358.3414939881175,1360.5204681920518,1362.2437454252342,1364.9872591687467,1372.0717152027196,1368.6204340065538,1376.0036801124668,1375.2530659948225,1378.186694754239,1380.2879758994807,1382.7888139883107,1399.7062166463156,1410.6769277474639,1411.9895728002712,1407.26783022626,1399.4587222015027,1406.9416772128975,1411.6790581561818,1437.2483311152432,1458.44870819803,1473.539283418256,1483.1440861450583,1499.4304908577171,1501.4076815364192,1510.6162115905586,1517.507866275271,1532.6837156275108,1535.1288484501972,1531.3014591130325,1543.3047329997808,1556.1513223473605,1570.7803508956017,1580.6174366992552,1599.9813056139337,1605.7186861746252,1598.212994904987,1595.997153351766,1599.3248810128796,1606.3997832664606,1608.5856526313726,1628.4555732882584,1645.077327598346,1670.4663798158335,1685.7071796107098,1701.7745938261749,1710.4271689104023,1706.4483174920974,1714.805931240465,1711.7295966347897,1710.090291751725,1705.0367110082352,1712.2648282056361,1715.798466877671,1728.4304971108286,1733.1935771966967,1761.4564042102193,1778.7841209495862,1788.0782951379902,1787.3289190898647,1796.9624603723107,1787.0374912541904,1800.3953883451845,1789.1050512618824,1831.417308102908,1846.7587869213155,1856.5222222222221
2897,175,Charleston County,county,SC,SC,"Charleston-North Charleston, SC",45,019,1145.1178375526201,1151.0283445834662,1169.345945647071,1167.671168694395,1178.9667998347802,1186.9546139754452,1201.9210605549379,1202.0982416184168,1199.3942374766596,1200.585229112993,1204.64558903045,1207.281193221586,1211.3696260358404,1219.2714819922262,1235.938476059672,1246.1481532074677,1255.4270954929152,1262.7236054074801,1269.7563053080696,1270.9064368345935,1268.884796161967,1260.721985338883,1256.438062136616,1258.2417544504397,1273.4316009656125,1288.2997532634358,1293.0585052408433,1301.5481171682961,1314.1864297696477,1322.2575048108613,1324.32925564169,1319.880095391995,1326.0877594405422,1327.6405264374907,1333.861486830338,1331.2670159190907,1333.8348085589478,1344.9402769828014,1352.2571050498318,1360.6199925064902,1356.162466831202,1360.9648529688254,1365.0339754189515,1368.805122545395,1366.3681706694138,1360.255705474284,1360.5134133647318,1366.541086528446,1373.6823903399024,1383.2615365685288,1393.279939284734,1400.7488680884796,1409.111409516801,1417.1877737072555,1424.159500986423,1421.8152134370202,1416.4525390412211,1423.1070541994573,1420.3989584547178,1424.7038778553574,1423.4532502007894,1434.0687833055063,1441.7611457600017,1431.1828166633304,1422.723541627196,1420.5608686148494,1433.1072603702846,1443.5978897846885,1447.314379146486,1444.2077583409327,1448.0735592440926,1454.7322433655572,1470.8383527071476,1488.3509855920865,1506.493742333156,1524.8711276187128,1550.7998507454824,1582.743486333862,1623.4281609615,1657.5675138867728,1682.8236545985164,1697.0648890814477,1706.1784613978891,1711.5549708239114,1714.7066058372636,1729.804925790013,1754.5934754164416,1800.8517165174835,1844.8998008630579,1884.6037389923792,1916.312910140051,1938.6579473909842,1947.8004811090038,1947.6847846166775,1934.335250573047,1933.7749400138682,1928.5647914290344,1944.2702737844193,1963.706600658087,1986.7040224045397,2015.2560735179634,2032.999902764954,2056.792574626894,2060.530428023043,2055.1520002878024,2047.15870071315,2039.512993887777,2050.2197257593557,2052.3305003971127,2058.8653502072993,2060.8706045562203,2070.965086520592,2092.577600181244,2121.440305772966,2143.2572102733134,2148.7603829976756,2149.3328888662613,2148.6406250808564,2136.475042506059,2121.4693914256895,2115.0065432304236,2126.953797580566,2136.6946619075866
3223,176,Saint Charles County,county,MO,MO,"St. Louis, MO-IL",29,183,1053.6376884779836,1061.3710279146032,1061.8006547550972,1065.1648221850658,1064.6798789641211,1069.1597349638407,1075.7917147995206,1074.07143158077,1076.5671442983505,1072.1991902027175,1082.2948000488955,1077.892281500746,1082.60033481538,1082.4021777226765,1097.0729280246946,1103.5166883868903,1109.0807777085706,1105.531065561491,1105.3722061040837,1101.508364960152,1104.7624222523887,1105.881883157273,1105.8032650212738,1105.5144878195122,1106.488883773312,1117.5444315382922,1125.9875965607341,1133.8313267349708,1135.6185144811377,1135.6405456765676,1134.6696338902664,1136.027044220327,1136.2621102222465,1137.4487443501916,1137.9861566441243,1137.601168631295,1144.5680767145993,1146.2097110531595,1153.0209861549492,1157.7579523815214,1163.075267910212,1165.3681630777253,1164.3631315556759,1168.8603891078603,1166.870100406109,1167.155058809394,1162.4565231347583,1169.3417826615341,1171.488201895664,1176.9807967895294,1183.5163210813942,1188.9892574172843,1197.1253941205516,1203.4824616080477,1209.2696149611575,1208.9467502792688,1205.5603708791211,1206.1622343464992,1205.6682767028917,1206.2391926049008,1207.8586264813569,1209.5856415565286,1218.1701382009246,1218.3933260864071,1226.747128756906,1229.2291618932534,1240.7124049068127,1251.2908094083587,1258.1805255680365,1260.0090831264172,1265.0177434603304,1260.504116970565,1270.4431823366929,1271.900067736781,1285.5901536363758,1295.3799834707715,1317.1922094489746,1338.5036419256282,1356.0303313915738,1370.2391892686446,1388.0775574093411,1400.5536864253447,1403.4132058671862,1410.1522490132932,1414.8815087409203,1439.4048957406444,1459.918398062263,1484.4755429484867,1496.765992948503,1509.6861926219603,1521.8168502645133,1535.561881063107,1534.3485660688882,1533.391921811378,1531.9429741351626,1532.4185835715996,1535.5617242718226,1534.6865258195328,1547.9442252829779,1568.048358915754,1580.4053264129325,1593.5187554462348,1591.9390665041042,1591.1886799338768,1580.8495555099212,1582.619548633453,1585.3297756805646,1588.324955182701,1584.8062022943786,1588.6852006833085,1603.0069738083675,1612.071964562335,1627.1679520690443,1644.1695679255515,1660.2764422342418,1664.72180363086,1653.493420522726,1649.1025546962173,1644.097173511902,1649.919412155166,1652.4304840101959,1654.7992732755363,1663.2331390126308
1325,177,Placer County,county,CA,CA,"Sacramento-Roseville-Folsom, CA",06,061,1507.4854111698726,1511.201292499299,1532.2369138472259,1544.073891012699,1558.4010044085833,1565.5536846189439,1569.0141804452107,1571.515605779628,1581.5733193962922,1586.0262856955112,1607.3943089277402,1605.7040769826906,1604.737780575689,1595.609928692136,1604.7680320685515,1623.5542501346536,1643.800624267139,1663.239807016802,1680.974195619653,1679.7789623258507,1670.6152924601652,1671.5254478848997,1675.54696120356,1672.3862237217832,1679.470623642264,1693.2207758971433,1729.0814198265477,1744.4916541173418,1767.5473730560313,1775.9480947432235,1797.1633273369828,1803.2974581619353,1807.9022810498886,1803.5821967153922,1798.6869671134973,1799.6098798728628,1798.2902936816593,1805.407784746271,1818.7102114186202,1836.2124776484084,1851.8720888379814,1857.7106789647257,1866.9289536766687,1878.4138182395786,1889.6307645982238,1882.4571904195257,1870.5423572658244,1873.7036976793795,1885.7129444319146,1903.7767218859874,1912.8862152836157,1924.4168907627159,1940.4490634423512,1957.2457061169473,1968.5655604216747,1974.3601381788917,1971.5412432301334,1971.7533865530697,1952.792729084073,1945.029245019114,1934.436758680387,1952.2784110060443,1954.3862140206736,1954.442544653666,1950.2876406259868,1968.2404508090965,2003.5666134549997,2040.8818362154043,2070.357346418758,2087.4477384835377,2108.3919980111873,2115.468504129616,2133.066584903597,2148.529674839949,2169.782441479814,2192.2549122918963,2229.3338509543514,2278.0333487716234,2328.8157504993255,2359.490299221663,2392.34922289732,2391.710457936356,2394.1917649206985,2380.0680075515547,2381.928341891997,2382.56718882771,2394.2273479502305,2417.0852596425543,2439.281841551497,2457.8482685213116,2475.1117499141956,2474.2158108895383,2460.510872661583,2438.8283180215835,2422.9583757169084,2390.2116893891753,2382.5704391859117,2377.0242778641655,2416.9414937624315,2430.677315075068,2454.893062248258,2457.027402533285,2466.439213047538,2474.826230475682,2482.0193741385774,2488.9898952756257,2474.0181847141735,2492.5086211803796,2493.664915523756,2506.978182641753,2494.9207274875594,2509.469140818225,2539.464456979696,2562.0129101995553,2582.4212323597067,2590.665187503789,2601.6365466354805,2591.282244397016,2579.9045799139694,2559.0897476242453,2556.657716390228,2550.492359084825,2563.6260455301253
1290,178,Orange County,county,NY,NY,"Poughkeepsie-Newburgh-Middletown, NY",36,071,1190.8928321337087,1197.863213469041,1205.7157228171513,1217.9588002038197,1228.3950801723659,1238.6980296791132,1240.3211408528339,1240.9318843933956,1241.0840646587053,1244.6916495916878,1249.7750733964624,1268.4223427769614,1272.3890331754424,1272.0068441935118,1262.8152802365948,1272.7510360653782,1287.8398505975279,1277.3205211844145,1270.887961324135,1270.0544518871102,1278.6884405954695,1281.9836523099634,1277.0174802669108,1291.757231487004,1300.6257557544463,1314.120599116782,1315.2824405007025,1328.7594152905606,1331.588262424387,1329.4084904715999,1329.0987996233,1327.0639887054601,1349.224309454249,1346.848244495402,1363.323367205538,1353.473100183298,1370.6811232840469,1367.6273025244202,1386.3078712797833,1381.047588827961,1385.7790874682853,1384.0437789383227,1389.7205635160735,1403.3722593202801,1404.3629273021154,1405.5958102433317,1409.7253092536116,1426.7013223481752,1430.4601534360158,1436.412084630486,1435.4378980750128,1459.646640995163,1462.8278072199928,1469.8321765107255,1471.6099363892101,1475.2258996818623,1479.939661693353,1470.4965893651743,1473.4897329428575,1472.6283375794424,1482.9935149519904,1489.217310694129,1508.2056472176225,1525.6654703766656,1533.7702099847916,1543.534122628247,1549.6790081066667,1558.7298249475666,1566.9468330575935,1580.1193596855867,1596.7976188037678,1610.8545585856828,1642.1680705668305,1663.958317264572,1669.022150615423,1674.6581314094085,1700.5208301270277,1723.3976228333886,1751.9765758519004,1774.4679407425206,1825.1146764918994,1833.8232792049832,1828.9108032952674,1815.3529347036242,1833.7035509968618,1885.2275540207308,1903.1711776949285,1929.001770813113,1936.576197074713,1969.8958821566225,1975.7090699602093,1975.575344498633,1964.4058530014142,1960.8235974766053,1964.0981463182834,1998.1282201755228,2001.6735092273882,2011.29845294361,1989.3570965503604,2024.9864084270785,2031.6077437664578,2052.0769581047866,2038.0483804386195,2040.9528565112155,2024.3022109135584,2035.1755090501758,2058.151647451473,2082.92924766149,2103.9805957555077,2104.180286542123,2121.2359742813096,2108.582951317482,2118.77611855654,2146.489609394705,2160.616593062811,2180.330788317451,2188.49864115753,2203.110549520807,2226.8647057302283,2192.084149587418,2207.705634910746,2201.4810109101345,2228.9443438914027
1981,179,Pulaski County,county,AR,AR,"Little Rock-North Little Rock-Conway, AR",05,119,772.387574440494,778.2232979943523,782.6187192488082,783.9605806620732,787.9526193522431,790.6924087002391,793.0804311851942,791.5696526976607,791.6615405899355,794.2534669681676,794.1650845341012,791.7062066695345,789.3634515662351,791.9800656031967,792.1769756053511,795.9881836562103,793.4582309537026,793.1261732650647,792.1770755627764,794.7016996912412,800.4130309667113,802.450192640323,805.7073735993176,806.2513129748927,807.2826726495505,808.1040026692145,812.0597770259632,812.9705094382873,813.5278452849495,814.6297805753952,816.3195542464885,819.2391446160987,818.1260206977582,816.4469722711393,819.4510356924793,815.1840187979105,817.4949681546896,815.5850970208783,822.9273006669871,824.5816204889726,824.1656690394251,821.9658452795607,823.568960031694,825.4308709318809,830.5423708767999,832.225388215493,834.4685412699288,832.8540528506561,834.9051015633279,836.8504688724594,843.8067411095583,841.5510139168248,847.1996519988791,850.4213020141436,858.5880419031653,856.1123175220372,852.8946892583506,851.5094996245876,853.2748794520584,855.9800832485241,853.3942924970858,854.8127677305291,855.9843004258657,865.1187322499462,867.6145664164883,877.5440836941542,889.7693433006065,902.1513356404827,911.1584934031381,909.9589923667066,912.2142133399282,912.0895533663638,915.1048476875462,918.1016390850289,927.801770789573,942.5545675414145,955.9159908694639,968.3353809614881,977.5648376513228,995.7562987130365,1008.3170302768939,1012.7700076891423,1012.9252207044084,1008.6846629081547,1017.104877707678,1020.2890405401029,1028.8677833871159,1032.9685148176213,1041.5886241427245,1048.2097651948068,1063.5062189565376,1065.5764972239701,1070.1817059076902,1059.111909244833,1062.443559605667,1058.6408036910357,1057.3158161740191,1055.6357555010775,1061.8436215904276,1079.0496828817486,1088.7024780211077,1097.037005236802,1096.6271419850152,1097.7666095439056,1099.7532547280161,1102.862407104191,1108.917964855468,1110.5785535508574,1116.5689168805698,1117.967760593583,1129.7572725160435,1136.443768429206,1147.9114356383416,1147.7972457416647,1146.0093594669358,1149.879018665353,1151.529426129591,1150.6757004125832,1145.8606492532451,1145.6005107780172,1145.4176632811148,1146.5765278219517,1157.8268948048958
1916,180,Manatee County,county,FL,FL,"North Port-Sarasota-Bradenton, FL",12,081,1227.158331363391,1219.0292565210248,1209.5495704972539,1212.129067026996,1224.6570047786336,1237.9007050688695,1247.195059479619,1246.8963858666186,1258.6336575072564,1268.5605263931238,1283.7468445101304,1286.73834930877,1293.2772620831108,1286.4028241658045,1282.5935180202416,1271.5918689922366,1268.9175723261617,1273.5625595540594,1280.7718276967196,1285.920702571272,1285.6434810212604,1291.8827615120524,1309.6014138922162,1327.9919984223618,1331.6448482626856,1325.5240890740724,1329.3413857677085,1338.652205184965,1343.4618440695558,1339.0683035239515,1325.826566283842,1326.0897031350128,1343.7425114670755,1361.5552097467485,1375.1324729741402,1377.0745532284357,1380.430002058729,1386.4704447223112,1377.5554425387168,1383.764532358776,1378.485513931096,1380.9618327597532,1376.6892569065578,1381.634447715083,1393.8915557221064,1410.4079878780124,1423.8001057383487,1429.216246026014,1439.837440802252,1432.3343960728387,1436.2503361317838,1421.0629348031764,1419.2848098245245,1428.3372000750953,1444.8796991628537,1464.9069936178403,1464.1628375912821,1471.136255075904,1481.904393903458,1487.2973685823517,1490.2476554611787,1482.031797213297,1480.3281531337802,1468.2812843633574,1468.518498801415,1468.4682624178004,1487.3249550194494,1498.3714656907607,1519.8055752259347,1535.6528612265936,1560.9297826381055,1590.511424045906,1585.8458850349834,1581.9541199673622,1574.0326156340864,1606.435454960622,1653.3466257879775,1713.227289678544,1782.2348759395945,1852.017655147611,1917.8799825716762,1964.1685723626263,2012.532776124095,2019.5425360676581,2054.5511945727376,2070.6699377855703,2097.9277175784196,2116.425474627081,2117.600863742552,2143.815740733834,2150.535701189102,2137.6143956464493,2131.1432395688403,2123.830898171409,2146.1256713254625,2161.006124567819,2179.661643375902,2186.789646234176,2200.9400747941395,2198.8141639389805,2201.0475720471095,2192.365791306811,2186.36382318757,2183.7846688258232,2170.448714896992,2175.961933475437,2180.0185016652836,2193.3578452828374,2187.4987098941724,2189.887102788319,2188.2281095159906,2189.246480399709,2195.770617452359,2195.0870574465744,2183.2703642541996,2196.9138252903886,2199.4111458001626,2219.863527184014,2205.100750319438,2219.4912076927817,2233.8523645448977,2237.768738258649,2235.228278853117
904,181,Butler County,county,OH,OH,"Cincinnati, OH-KY-IN",39,017,912.1313929289586,918.6634381027854,929.7074751916665,942.1395209655229,940.4835055727364,940.4371916906068,939.2970766607826,943.6003112128575,945.4873604480417,942.4008632244964,946.1968426906453,943.6663354157631,947.8713551876899,942.7087373727875,948.1297941498877,951.4392438731032,962.649429256273,967.1860294229659,965.8046659130446,966.4230359993286,965.3496420262677,967.0609481281593,969.1316702511999,976.2838626600283,986.7469015941233,986.6199266673914,985.7969925708373,988.4760967463739,993.3690683575712,999.9000881079135,1002.2143834536232,1005.9855338217276,1001.9826455110908,994.865682674586,993.4142788096381,1001.6916921175442,1010.4600014741432,1016.5138438634383,1016.1440585679335,1020.266148414024,1021.8460086534235,1027.7785228037308,1029.3809882952048,1031.7734187241888,1030.811709626911,1029.4078218212262,1031.3824649529126,1033.8454647929527,1042.2423474347938,1047.3304190523177,1053.1491409044545,1052.9232730730735,1059.6335245952985,1058.767653101166,1063.9938086698146,1060.834275258872,1068.6568427420907,1064.7690197006289,1069.3872306987232,1064.52149493879,1070.5218690573652,1075.626322081247,1088.6276430713885,1096.8658060575465,1101.9822385022828,1099.1230041950507,1103.4432755297175,1107.8994242845947,1114.593557522506,1123.2298740204399,1122.4324491119876,1126.41305769633,1133.4137692006213,1149.1169883823165,1165.8993151173659,1172.6651124572243,1178.151745353266,1192.6197643721791,1204.450955768744,1224.8792600093393,1235.8850001352496,1252.7903452443095,1267.6861063163099,1274.9235970648292,1277.8770642581594,1279.659273101481,1295.3194598670452,1313.7870690683972,1334.3303573045416,1355.9347265072915,1379.5330913867456,1387.0169363163873,1383.4799967286103,1372.5536602490708,1368.8278024188592,1373.4326785040453,1374.9538890130423,1378.3310002557057,1385.2446953593594,1399.7322980930046,1418.2199308692527,1425.4351665824145,1431.0198393471182,1430.8781710512674,1433.194681377945,1438.5556131075004,1429.027303593111,1441.3773256956924,1442.3375839861424,1456.7618415033194,1453.517132367666,1463.3001071312765,1480.0285265194832,1484.0390959955487,1501.982914086831,1508.1897991165742,1509.1789221539002,1500.9182952133597,1499.3749302472002,1518.7747075580878,1515.7728480822188,1517.0846661651258,1511.1032133178476
1201,182,Mercer County,county,NJ,NJ,"Trenton-Princeton, NJ",34,021,1541.2766485411591,1535.7955828701172,1550.4414055982086,1569.9622558276108,1583.454312614378,1578.5121031079298,1581.1692411936863,1572.5620019337393,1568.7894069250424,1566.1056810237083,1567.1873447747234,1573.7769810584816,1568.3552925558251,1571.6523358161821,1582.776572969102,1604.5797616547225,1619.8035937271306,1624.7494490541499,1625.5866447245292,1621.670458288913,1621.1049920490937,1615.4239218462228,1625.2147232543125,1622.477148396945,1627.5592809277969,1622.1994354040978,1630.0803819755183,1631.8624846544283,1646.4311589928345,1657.7815983243443,1664.8776166631235,1654.739683563403,1651.9330363879035,1656.6530600767464,1671.6240286733814,1671.4801694454761,1669.4054094177382,1667.890278357384,1674.5738833453574,1682.7043151191729,1695.325974503926,1702.8202709516383,1706.3111285160858,1701.0612413842737,1698.4770548580434,1698.03116967282,1691.9521500545668,1702.4464975357578,1706.2959403253706,1711.6758662585428,1715.116427141331,1725.694935138253,1743.1160051996899,1741.5655771186382,1737.7078309905914,1732.1425880184559,1747.362254236415,1762.0449589358784,1775.1684411354825,1768.8538397943223,1777.2178844778844,1779.40606665995,1782.6516660661766,1779.8904003521973,1777.5553693433146,1790.745768174549,1791.5557887806008,1803.81273716134,1816.2706074600694,1828.8975252190078,1834.6366488352742,1836.9523128403584,1844.405294946837,1869.915900982918,1883.9176779196641,1896.3283872667214,1902.4495868649137,1915.75912887251,1940.2231179972684,1964.771961443479,1986.7192805200832,1993.9625480641464,2013.681372987593,2029.65800837514,2059.6834119050422,2087.431590561337,2112.008166933972,2132.884614355796,2145.1127743858365,2173.0422249149024,2193.73553962855,2207.0521373719007,2212.3764516293454,2207.9011904236704,2214.4637180498826,2226.536551048286,2237.134350532244,2244.0076895216976,2249.2048782540255,2276.500487400349,2302.2702402565733,2334.8825988205276,2358.173299811823,2358.50950809494,2344.7176529780977,2360.5570604647737,2383.9922406156875,2396.158908373479,2385.747142783232,2386.959967767294,2393.380665677496,2397.489973189809,2412.6936919106406,2434.1425400657727,2441.2681386183544,2427.5619532663604,2432.538154901954,2447.585337565164,2468.8872782838994,2489.9616777194724,2493.9998357301142,2514.1055805279634,2516.691666666667
1953,183,Orleans Parish,county,LA,LA,"New Orleans-Metairie, LA",22,071,1172.132833542846,1172.8863440910075,1189.9745042093125,1203.4821692134449,1217.3582753792716,1223.6677635715025,1250.1279176355315,1240.5516991876295,1248.6419896973464,1233.3294188902012,1238.5693206872147,1216.115663743369,1235.9937382180005,1225.8830173795577,1249.752232883771,1230.460428121999,1245.6860384925164,1239.1565844953027,1238.8217061198015,1235.8986977095647,1232.316802766166,1232.6418994206047,1223.2527824134634,1210.4858410562795,1206.8856146181174,1209.2021560517376,1220.9521595797116,1231.9921955823957,1241.5577314317684,1246.3803381095133,1248.3132530662817,1247.4324723964435,1246.9913860979639,1245.4432830794728,1242.1202051543837,1243.2881084377234,1243.3209151010617,1245.29878437556,1255.064398742381,1267.5491002895542,1274.242191498424,1279.3360887933952,1278.3453151296162,1272.1075832130616,1266.9503531899834,1263.5856653672492,1271.5204542510292,1279.1061819932977,1284.0045306827124,1296.3605232558157,1302.1912795737924,1315.954450194145,1315.4085445508072,1314.421381000337,1312.2747290412647,1313.1321240023594,1313.4993912331822,1317.068562251842,1323.8606647626189,1328.8099334090073,1332.4860737245074,1338.5932125852937,1347.8802669079075,1346.6233062222018,1342.526121936815,1345.8179612109075,1352.6547104287836,1354.3281731578522,1356.9395259864662,1362.6961760514314,1372.755465655757,1369.341852282753,1369.8289805437043,1368.822313637166,1382.5736900724187,1393.0450343512182,1404.4124321459287,1412.3744826856232,1423.2689888107186,1438.9747469710003,1461.5608459936998,1478.7893934580648,1488.8072045176643,1497.3553535955537,1513.0996917639293,1531.7296553292845,1542.7452821603824,1557.5215216749702,1568.2792259258322,1577.774597324942,1579.634083258277,1578.7199423376674,1583.2797158346405,1585.833618826514,1589.0906457085289,1584.1595482978303,1578.822511831179,1590.909601224822,1597.549563988409,1604.5723694171809,1605.4534717469978,1608.4701962291776,1616.533017400383,1619.7433947095467,1620.486628146912,1619.633790254308,1615.317381838275,1620.7681949219705,1628.7526206539972,1643.8961400699789,1648.0751209799544,1651.5742627367226,1649.320162093818,1649.3027241952066,1650.903862681078,1654.1574787797115,1668.8866438618873,1667.962879458984,1675.625192963336,1667.8235519545171,1678.8183179495063,1684.2438372135011,1691.801481293381
1894,184,Madison County,county,AL,AL,"Huntsville, AL",01,089,772.2348314932784,774.7129334158126,781.2962055669869,785.6181636690067,787.8664794979504,786.4363585271789,785.5232611752613,784.1036309783022,784.3009509501122,786.7675743399777,786.9133593546934,787.1640738044725,791.0678340668701,794.8658920250299,801.2746804089496,800.0798647740586,804.0493963116154,804.7851784193863,809.4317569772518,806.442810179901,807.8772795445407,803.9831193766439,807.0337077217779,807.7994341799335,810.612252882907,814.7701462753699,819.1135541841804,824.7854303339268,832.5469151013549,836.0441589037628,843.8828727207427,841.2264857113319,840.242547287978,836.3353777996049,838.0769294856433,840.2829334528033,846.3862572507962,854.1579058858663,861.308854720444,864.7955012694471,871.3707727895817,880.7206793074747,888.6919590863117,892.1930329568777,895.2786760647513,898.02472036625,902.1603175072751,906.9731947811875,906.7565022818821,910.9389421652545,915.385222887663,928.2202983796021,939.1253909819491,945.7562851134898,949.0210091247234,959.7831127300695,973.0501139407838,982.896949045075,980.5550281177581,985.7398875831661,999.3836950427152,1013.2262303431652,1022.1254193709042,1024.26408532775,1038.119967705476,1049.2000947031088,1070.2919533012846,1086.748089171956,1104.919183611056,1111.13857925894,1112.9139797251783,1112.610650611099,1123.7910481713218,1132.072734204503,1151.6288090579199,1170.9977789383606,1199.3552201790976,1225.2284184046962,1246.8101466303674,1262.0746363093986,1273.3424891377715,1284.749557798469,1287.371570221347,1298.3689703392085,1302.333253159079,1308.8768869070962,1311.1957866669718,1321.1429789038157,1339.1310599618134,1354.3798394267747,1364.5085042695869,1370.686433254821,1358.104057174133,1352.8594662395196,1347.5722503727268,1353.943927418284,1359.1076946192088,1360.6000106338522,1381.3550578624554,1397.354259909975,1409.294792071713,1400.893301293278,1393.8428455084866,1390.0462145712272,1390.7746023628267,1396.5226646969406,1397.4309558961686,1396.5725073383514,1391.5164082453277,1382.0341187617655,1393.1611246216244,1400.9329811310054,1421.5881700403158,1420.6460738057806,1427.1394642329428,1422.2631949556114,1424.1768565337113,1421.4133246303686,1422.2086292965248,1414.8918359576592,1404.6216548782143,1407.7583591604598,1412.4014808945785
367,185,Allen County,county,IN,IN,"Fort Wayne, IN",18,003,664.3376162744735,662.2593933718006,668.68477921874,675.3487920551856,678.8748789618605,684.95399048041,685.1389213874268,688.878016978078,685.8792362622189,684.314656460399,687.891350840328,689.2089100793506,689.3936212308879,693.0093375647189,694.1862552565764,700.9331983566401,697.8360679806234,704.0934159335665,706.6615500668087,710.6672898549998,712.0918163523564,711.2563112549988,708.5713198038052,705.4275351844474,705.1487387775329,708.9517175112193,715.166019914911,719.8455459625067,725.7160426975112,728.9791341277306,735.743475008297,737.7022681406002,738.4232428002592,737.3521485525397,736.6237138891394,740.1402055282182,741.6986061722471,748.5531063492119,750.1719013935373,753.9339899969463,755.2466220136688,763.5840734816511,768.0550570772656,771.4140766126212,768.7169384291918,771.7307432626981,772.9546771362767,774.5726860597698,774.2939193390371,771.4890597469678,776.0423788679966,780.228079213008,791.0636491488997,799.1784491482819,803.8752084876628,809.5111314820027,811.4801684049694,815.366295848305,811.5193969329767,807.0138071928471,807.2116678372822,810.3838069587416,816.7130914503217,815.2106984592094,817.3754552264252,815.973385714287,827.2716196230313,845.5213122009076,859.4779739725395,864.7684585625487,858.1519081538689,855.3966432795488,858.7794154581375,860.0010155527913,864.7677489756487,873.5094717884189,895.9904970896894,919.4628388701761,936.1244412994141,949.6213252328033,961.8051192699427,973.557281640071,985.6909778593733,993.0823858872949,1002.6087558721587,1013.1751120816112,1028.5640634297267,1042.964219854581,1056.6711237631473,1066.3082287775928,1069.1562805302908,1070.3306908516888,1071.0692081762013,1076.10531533613,1074.4942575227362,1074.8850260183137,1075.4439397176473,1077.544616563435,1081.5161991955063,1087.8646802151427,1095.7927316628418,1102.2839760411648,1099.9492467714138,1100.5815127955634,1108.3502458306837,1122.002492145844,1124.265228031391,1121.4275369972809,1122.5069352034434,1124.8769476896432,1131.1617461414346,1135.606932286065,1142.5661810204024,1153.0521125299615,1162.7759978565243,1180.1700786800866,1179.7705257445061,1182.6377341923892,1182.2116242751958,1194.5964642815386,1195.1144976953603,1192.5091475640181,1187.8845507129406
1712,186,Forsyth County,county,NC,NC,"Winston-Salem, NC",37,067,884.2303992232643,891.9114833442168,892.629062723103,895.5639989475354,899.2326993957759,904.9258018838391,909.5165366422149,908.5852032667693,914.8766328643835,914.9895910213071,914.4964277850858,903.3344619653263,906.135379673405,909.4800536963112,918.2010905326993,923.3226485746459,929.4853281784484,934.6778461545488,940.1599714467479,940.1067000185216,939.6456582296315,933.3612139143399,933.5721228807496,933.4934057436892,938.8108287233293,941.413432075814,953.9180205828062,962.0330929014465,973.9858248544336,976.4142973885486,979.7824710688606,977.6106028917314,981.4312918165112,978.1221274799076,981.2807556530213,977.5398931994463,984.6001808375898,989.4967515827732,999.8776996724939,1007.7574921446372,1016.2501492777212,1020.9079450418416,1023.7291611713299,1025.6579189158233,1027.9215843552793,1023.4718816958506,1027.3260141789258,1028.8259083386338,1038.010779511202,1039.0734004129104,1050.7437169119503,1059.4162286104374,1074.7700049553687,1078.8584991383846,1084.5115424576215,1079.7356330087912,1081.1235660829325,1081.8710915758886,1078.7550549438556,1075.2978661608693,1079.4560458966296,1093.7039952868872,1112.4326937593298,1112.4311873544546,1116.1137320566256,1119.1867236876676,1142.1020764626944,1154.013481826972,1164.9053886861536,1165.5806057597079,1170.0367116674674,1167.0648146512071,1178.4382911425635,1182.824198028697,1202.1171036759451,1221.579138322142,1250.9540447516852,1274.8660751318835,1295.0466879495577,1314.3388661065455,1329.6949012986713,1339.4963364932555,1348.812119242688,1350.5436996335789,1355.811500396742,1373.4300225865459,1391.5029250788784,1413.8014898657837,1423.9584625581617,1441.3814047183298,1459.0800667113097,1468.2604542331417,1483.4320397369738,1482.9333211266683,1475.023278120871,1459.6938965816066,1457.7101413091946,1464.6248135372637,1490.2285874868342,1502.2081092389396,1519.1664076879179,1518.424695869965,1538.9801684834383,1547.6022068269897,1549.3921895432866,1526.4944423318618,1517.182688130339,1514.6993704340073,1524.1002927305549,1531.8961516963682,1545.9172703174042,1552.6517164354484,1563.964743452884,1579.0038733352021,1596.5815428537414,1605.202058584556,1612.474785883339,1624.8448948964428,1625.4003671082644,1612.6205849920423,1594.3954834205276,1610.4806504886906,1627.3963111356727
231,187,Lane County,county,OR,OR,"Eugene-Springfield, OR",41,039,993.323275447775,1008.4768577512967,1027.1961940077103,1033.5614036919314,1042.7582275136658,1037.8609138385254,1039.1765730333454,1035.363735759277,1037.6342009196837,1034.9490928941802,1034.5060851042279,1046.4188041037985,1052.9903522368484,1070.0386180751916,1075.8642938595715,1087.893497256369,1092.784125288856,1095.499761116508,1101.0362791531763,1103.8637407534807,1106.9772303508842,1112.525318640891,1108.8141123366643,1108.8274236079717,1110.4740312217107,1121.7299633420937,1136.6064232459782,1144.4289968812352,1153.8635431304413,1162.4694738484789,1174.9417620213062,1181.8191371766761,1181.3598573892511,1178.6698165433247,1175.0405704817792,1173.4583362517333,1189.53464375902,1201.2969854971443,1214.7615976223626,1220.9822701237026,1227.8859543328342,1239.6619820096025,1242.9397041320046,1257.01303167605,1263.1184571516949,1262.3866890371878,1256.2905246756548,1255.2676082930172,1265.4673517513872,1273.8077324572714,1280.6880338859721,1292.1750501707452,1305.088512668748,1316.6693827329498,1320.583180224599,1325.112775977057,1336.0946088940857,1329.134595560065,1322.1903134842803,1312.7023543440987,1323.793763870996,1338.9122711743923,1351.8835140277818,1358.4665048853783,1353.5713695905554,1357.823945305589,1357.7373235493396,1373.5764451010061,1382.2210174068912,1394.301428999973,1395.0191579016875,1398.819707421444,1403.338174594174,1417.3575515661107,1423.2712947386344,1434.893465023913,1454.6786414292305,1490.5121062315775,1517.5276902762887,1537.155632502003,1557.7627066429134,1577.3731569674337,1580.0868925597206,1574.5396464452874,1574.9412188755875,1578.9262881884354,1589.788730682158,1618.2666490258582,1668.8776549544525,1709.3652382662513,1734.6637448397935,1737.42706831765,1735.9858337467742,1731.2928220461604,1731.6000182006676,1719.7695331255684,1713.2588409343941,1710.9981837388762,1717.7280595363259,1723.6258097889179,1729.1369460792098,1750.4183715381732,1764.566556336515,1768.9348238716661,1779.650824063421,1775.8585779702742,1777.22839528594,1757.536421712709,1743.7093236916085,1755.1120247876247,1767.996372137835,1796.9614774558602,1814.9448851786403,1826.576308267236,1840.4025119992482,1840.208051552849,1846.260908932935,1844.340510822668,1843.8305960615025,1842.7176201081443,1844.6519718613633,1856.65017281178,1867.9328282828283
1957,188,Osceola County,county,FL,FL,"Orlando-Kissimmee-Sanford, FL",12,097,1206.3757688327396,1211.5199825662648,1227.051869769888,1240.5828075406016,1256.5962734864358,1265.7661677746862,1264.164868250205,1267.5240167952502,1262.1646754936414,1269.2867669266673,1268.0507928447887,1271.4360028364579,1271.688074584943,1277.6921512775148,1285.1682061996767,1300.6205330352964,1309.4032153755982,1313.1177642269652,1316.9279272445165,1321.9281379913855,1326.8288645565092,1322.7534750545385,1324.378907663162,1322.6368714922064,1331.884411608615,1341.7191473454698,1357.9078783596908,1367.7419303026757,1374.0048447739491,1382.2515978535882,1389.5371347566875,1397.1947802658037,1403.7780582582177,1404.1001958151573,1405.6439421926755,1409.9513115349662,1426.4523411814298,1435.972922270003,1450.7930321704537,1456.0715524722882,1464.5023064573577,1469.3729694099618,1473.0439864556727,1482.7568812053375,1483.3632347385287,1491.554761685782,1495.1129322674813,1503.8740138347011,1507.9421073446115,1508.5503673631567,1513.9617270340786,1524.3956852113738,1537.141406035288,1541.3588715282358,1543.1344281377715,1545.618483451673,1552.3152888832967,1547.990078272618,1540.204857365193,1531.7326821753036,1531.9465945655763,1542.7889520067965,1549.9913057873039,1556.2370463114398,1557.823166382615,1559.8298368963713,1565.1393947088711,1565.031251137108,1573.5086709441512,1583.2414724485454,1592.198674655768,1599.6202688882283,1612.4379867806538,1625.5646911866193,1640.3214956225086,1658.9082496221922,1688.033632479243,1733.3045454449916,1773.2677616226265,1821.9656720257506,1857.1908427813091,1902.990755646054,1933.3342479084624,1955.514101713427,1961.0795100115602,1971.005148517859,1993.830791829884,2026.4856023293523,2057.2503048244253,2084.027776053343,2111.0526107227975,2129.6787871471706,2123.0560026501535,2116.4475862908407,2106.198462007964,2108.4071871640685,2111.614772751062,2125.087261295648,2142.1693817929695,2138.470603945256,2144.592374243196,2143.7759540212146,2149.71224098714,2134.576416741634,2132.209057469852,2130.22174807255,2131.8783598627647,2123.87983797592,2121.0550107722634,2131.0849844540394,2150.52741357738,2168.53513717111,2173.6841226818997,2174.3747568701556,2176.8184238435365,2159.7294415371744,2158.189913632867,2142.5170745788046,2148.1859505383864,2134.2064825965135,2142.584848072785,2155.571071987526,2172.4824984368674
219,189,Lake County,county,FL,FL,"Orlando-Kissimmee-Sanford, FL",12,069,1106.1863359533074,1109.794226586725,1119.0052645180992,1132.6045425475013,1145.1995875045607,1153.093424336874,1156.2936677678551,1157.2713626357468,1158.145831533019,1161.6207744272965,1165.632982412343,1172.9935450215442,1174.6352293914624,1175.9346589820284,1175.7051268248304,1182.7395472550108,1192.8701635898606,1201.2579470799792,1210.3038815207371,1213.1114116980698,1216.662224715083,1222.0714143695966,1220.4446907543959,1222.6025029097912,1223.988597379348,1232.5236636040636,1240.173649790632,1248.2034422356867,1267.066026725319,1275.8548572351604,1280.2761440341085,1278.0958481761825,1290.5051411077059,1291.545419713344,1297.3997289266636,1295.4592498036782,1298.6095001755914,1293.6477840568339,1295.1017702064921,1313.3811192291766,1329.0228926113616,1351.0449111535884,1351.235395615491,1367.4137893401548,1360.7126357589002,1363.6612135911405,1365.8914491365572,1364.2702069825896,1375.738479772985,1375.0452625143828,1388.57911232623,1398.0321119411042,1409.152422321521,1421.4330631449761,1428.2963356686307,1430.7718602157843,1443.0691501730255,1446.2395605942684,1458.6246999773587,1450.8684650392836,1456.7797439355095,1463.7000431850863,1470.9257243601571,1469.8845355585381,1464.6050027869403,1471.8976379219441,1483.8377117507914,1493.6806433765596,1501.3543282590124,1504.4776231667508,1502.47200157096,1503.314234075017,1509.9381374141533,1521.6984716972072,1539.3350133924296,1560.4474517489941,1596.0414659584872,1627.7151809329446,1670.4873531695516,1707.953015032166,1747.6930120083277,1782.2657112105737,1810.4890602792063,1825.3628589280595,1842.4307955200784,1864.7370034104906,1896.869564822772,1913.9770356895467,1937.6852611918443,1955.7431229202336,1990.0111526201508,2004.7221221296907,2010.0852243732068,1998.258485030245,1981.2495887892626,1974.1598262808757,1967.308099869833,1979.01742148236,1994.6019530954918,2016.1547545843584,2029.0346889366863,2036.8335267278621,2034.7168869923391,2055.4306322014913,2064.9837343666254,2071.4006714008688,2052.6918983590585,2047.6900047241916,2045.1878169622112,2045.0723911029584,2054.0501345506664,2073.0254615181952,2090.1592276613105,2097.1350077412726,2103.399779485162,2108.668433525319,2121.6933574062014,2105.9310695407416,2106.9712206962745,2088.143636225966,2097.082380171016,2098.246812958616,2113.3282828282827
730,190,Stark County,county,OH,OH,"Canton-Massillon, OH",39,151,634.6578158931346,638.4060659147599,641.1634099360808,649.3406185272287,646.5910926978809,645.7560722325728,645.104649540109,652.396731897037,652.7525507156362,654.3695891193578,653.0508430471772,653.7819695491377,652.9653306369352,654.9040335967114,654.3879305861248,655.1066893102683,657.1986723457969,662.5120283831658,658.8332828276023,654.7728345192223,652.6292073649294,661.4075811775183,658.1509147813243,656.4357419722868,653.6633386757558,660.97641865002,668.8355783131996,675.6810198737782,682.2003689918859,688.7131326081328,690.3903518111118,688.923988776983,686.8109742213564,683.8243989898747,685.7750377725466,686.1609701529945,688.3058098452959,688.1539395768929,691.1727224407659,691.8886779153516,696.862127398642,700.9115808192255,704.6310401108187,703.435410017621,702.0958452946012,702.434669003822,706.8902486114322,707.7868900448825,714.0988282843527,716.4499045873025,724.9533875348432,725.5951292137587,730.8590952776292,728.0156108830953,729.1512575175038,727.2024417895409,725.9354241237211,725.6681089587948,731.1420979126832,734.7999910548099,740.883977532471,742.1694770290229,751.8012540380083,759.03180970588,765.9851753590758,766.6135002740261,773.111242729042,775.7212628824625,784.3342187582248,784.9232169245867,783.4967205450054,786.125742444656,791.3552637823816,801.2223906107728,811.2994800034762,814.5527721141658,825.3653570039178,826.8095532683882,835.7469623094557,843.7022575621013,850.054749505512,858.7667201267144,863.4835039511455,867.5909341509598,868.7155109807094,867.3835793624711,887.069449057796,901.8878884285906,921.7698040709985,931.2900965640652,946.7486088259751,951.0791031608554,955.4574607917585,952.0345918098216,956.6787116641299,954.7955256941376,961.9145143987372,964.9774717073215,970.6494641673283,977.9449412148862,984.0937409078423,995.8119524859476,996.5371178679219,1002.7657548368696,999.8206011979736,1012.8607994159739,1016.7976420734897,1035.1281592737075,1033.197858748534,1045.8986582082869,1041.296535820299,1052.0203816701378,1060.8657159342333,1067.6485463463628,1073.2970058793294,1070.747800070559,1067.3050724214481,1070.2288088855298,1084.1217947173718,1086.3090898548594,1090.337637119804,1087.5825419501518,1103.610459414118
1638,191,Collier County,county,FL,FL,"Naples-Marco Island, FL",12,021,1468.0532449560626,1469.1826686651464,1471.4750891279057,1468.587122739067,1449.7213079926203,1449.709712390102,1447.9438684642173,1464.2835504426534,1479.467813344685,1525.5380937852426,1558.7748878524005,1577.0606480563272,1568.6933244754844,1566.2502874257486,1569.7846543838643,1558.3376683810827,1531.9438981829896,1508.2910287524296,1500.4654880132252,1520.73491583406,1538.2757593072322,1565.222882266951,1591.9981365610852,1605.0147017207223,1606.8469623352946,1592.5492749988157,1598.6473387895794,1601.1565214295586,1594.845710163674,1588.9392775830788,1591.6603292682596,1601.056866526716,1587.7983395349402,1594.4612357769342,1618.639937189067,1657.007505793503,1663.1168085537565,1667.0672105994868,1665.5435961889632,1666.9266058866103,1662.187037827382,1659.2138441479215,1656.4313502427774,1665.7907026051773,1677.358037655804,1717.9119532830177,1741.4044754743552,1776.408339161836,1760.056270522667,1754.3444756700362,1741.5692517842233,1739.6446955533734,1721.074916143173,1696.7123852545337,1699.3097301928553,1734.718681461922,1752.3564418284648,1792.9948870003968,1795.4759052648146,1834.015426211377,1827.1719433609082,1836.8847812212473,1802.5033421838743,1771.0810147003635,1745.6161038241046,1745.9377775753837,1759.556779191654,1787.5221076632831,1822.2384949636537,1870.990062931349,1898.353622147124,1929.1873891507908,1914.7959323009102,1916.2646341106115,1916.0769677302085,1955.474823305143,1983.70690553425,2031.3365487778465,2104.1235499252625,2213.5050927050106,2323.664305089704,2405.9636147339916,2501.015394431982,2557.3938775125225,2625.71405136788,2624.4242442256955,2652.9508923217495,2670.408773860365,2713.0481775452927,2712.1077608655364,2701.11781817202,2654.327594852502,2679.34670997945,2725.648431406989,2837.7474138701486,2905.7054098483645,2909.507182173383,2877.9556668352293,2845.7223164151383,2831.060869344283,2807.4363452910593,2804.4010124816427,2817.8586572783315,2842.891581607303,2864.8465455341952,2924.7801943898844,2938.466563717576,2980.6228725603573,2937.981582760817,2915.739475292918,2845.3974127343463,2821.61640283101,2827.888951908896,2833.195096437439,2873.8851062426365,2910.154343828741,2922.5055780727985,2960.6880550139667,2965.4699968050986,2991.7015012409706,2929.6250429897245,2887.6508317990356,2857.157269497837
2869,192,Washtenaw County,county,MI,MI,"Ann Arbor, MI",26,161,1293.2238287312607,1313.5608939664166,1315.4340614800385,1319.3111433727768,1332.7619861108458,1339.8233339431833,1345.1157685300716,1328.346830897909,1332.0313624187727,1335.7809956283825,1347.0004628284373,1348.015140530704,1356.2713422393533,1354.854686945794,1343.5459925563662,1339.4213876961146,1346.5327315330283,1369.255724828845,1382.9846222569608,1399.4267715379046,1410.2542170222507,1413.727563126909,1415.053065626595,1411.2029281517998,1410.6014598741529,1411.2212667078322,1415.0898491136336,1419.7056252257069,1435.171844968595,1449.3577991205227,1462.9948359867385,1465.0064852112625,1470.7610023113662,1471.282419714607,1470.8637309007909,1467.052976830179,1469.286649495697,1480.1783314965,1496.5620375740532,1505.6682394726324,1513.4303448281798,1515.4091235758356,1522.152483978396,1514.6304363491154,1514.3538704475325,1512.1875620270032,1513.7791866640264,1510.5065212390962,1535.7879278132555,1556.0822936350953,1571.5774708331,1564.6503090135736,1557.8726843694042,1566.8239491430566,1560.6448533273276,1569.5935490085453,1562.4841544000487,1572.9143275022286,1566.6598773489382,1568.917685890941,1563.331758059781,1580.2177304242794,1584.6343190454447,1585.0642247952835,1579.7374213720452,1588.6143578380186,1594.1680369467024,1584.9982633532668,1578.0905769487756,1579.3504118201738,1590.4326624199227,1589.2855969042591,1609.8613711673142,1628.1958943841562,1645.8850023739465,1656.1593825178204,1660.7829409024962,1681.1902486647566,1695.1990662015573,1730.0765003380066,1750.4353073408818,1746.1907879301284,1741.6805285549385,1746.110799480363,1764.6325111080332,1772.4774181841776,1788.7856413495551,1813.6369130647886,1848.3938828672483,1872.294202324259,1904.7956498879616,1924.056444684794,1928.990031241206,1906.1077132089745,1895.8287291461863,1897.518845037854,1908.972546324213,1912.3228596479469,1914.5099970413935,1923.7623607756896,1936.537764093437,1951.3514698655003,1973.4458357881208,1976.9573303379582,1979.015676233565,1982.1886691430495,1992.189863705105,1988.5892537454374,1981.5300899928088,1992.2224996313698,2014.8529089741673,2030.6793849647952,2040.1868177797867,2048.074418200777,2060.7967289163093,2066.7031938018854,2078.4606696932283,2080.550287448716,2089.245659070642,2085.565841878933,2071.901274189857,2065.866955228362,2080.3349216489423
1146,193,Lehigh County,county,PA,PA,"Allentown-Bethlehem-Easton, PA-NJ",42,077,1072.7790071397217,1075.561143540685,1067.4619641718757,1063.503073759449,1065.9172983242506,1075.934941721811,1084.6837965671245,1091.4246313899712,1092.741700594203,1092.0378039022748,1084.4441205309938,1082.0649264210563,1089.0899748548302,1095.8908611319214,1103.7726579530636,1098.4348496633768,1102.5175856270064,1100.0509432981892,1105.8476518598338,1109.6929164781973,1114.9848490606926,1110.3464642777858,1108.4387678856608,1109.5752159397607,1117.224703462025,1122.8182135534325,1133.59699315787,1137.0000895984354,1146.118686068497,1144.3241102584504,1149.1478641421725,1149.749035244286,1149.6438528995916,1149.2925528239352,1153.3055601532037,1161.914543973597,1166.7844651985495,1169.192498796432,1174.478979818433,1182.6161574963687,1189.5105839213124,1192.8210446354867,1195.3931582044631,1200.6288218246175,1205.6092536872943,1207.5504763132697,1202.8010631380403,1194.9782332737918,1196.1958599726827,1202.3572923972395,1214.3841274979522,1224.157165127241,1232.807462634351,1240.308638509156,1244.3916171802941,1250.4045809080537,1255.1860273081068,1253.9214655793264,1254.7020904268868,1246.608168822014,1253.564396003565,1253.2130451965368,1263.391874258881,1269.8883715102531,1276.058786669029,1281.0681561088124,1286.247721315648,1304.4368006596717,1325.5118156813842,1341.5303029199733,1344.525712577368,1347.1283877946341,1348.8696994378515,1360.1573158162332,1371.9878076316843,1398.3302381767228,1430.122862871594,1474.0987873174904,1510.1100923115891,1531.7751031318462,1541.9592967992103,1547.4061891684826,1562.6524194881629,1570.3086584493576,1594.488096803631,1602.5589437159094,1617.7229390137477,1620.3413558398156,1639.6774028884859,1656.65976204842,1663.5568656723083,1664.0784795265529,1654.5853546242208,1645.9843524845246,1633.1988226592607,1632.4975341923323,1640.9191861354439,1650.4694966222016,1664.3990166979393,1671.389980792061,1685.8569399883404,1689.8886414021094,1704.9086003367104,1722.2100966294122,1728.1901624013205,1728.4086791460168,1710.6769406840506,1704.1295242607998,1702.4540753224276,1705.7952203183959,1713.2898265925064,1717.47450525114,1739.0594174351245,1762.4914340139442,1784.0672864812725,1793.6947331946317,1798.6386504923014,1804.0898491350356,1807.7344692011627,1810.8551478531622,1809.5877428395927,1807.187061754297,1802.7915845648604
1161,194,Marion County,county,FL,FL,"Ocala, FL",12,083,805.3438988610827,808.7999464106081,819.7079755857255,823.2932058783381,835.7501533975542,838.5483568605026,842.6211209147266,838.2662655002039,835.4427434460254,837.7911992267741,842.9397279016154,846.0441212549615,845.130905105758,847.4664635016834,857.3590114790203,871.1155607107775,879.9407799915103,880.9106461585642,876.6572942510558,874.010994248488,884.054281919035,885.1272223866007,892.2607168973707,885.0371634126321,890.0057972793782,892.2447744896422,905.4374304170824,912.7852220330852,916.5554322066529,925.9844360652272,934.1261789275914,944.0231408510824,946.739098797801,954.6550027453723,961.1402514735429,956.9884657146831,957.6323939510793,956.3746511049142,972.4542739718086,982.669048945123,993.4224885977102,991.8254336400564,992.0333112558037,993.4500042279439,994.4769735423572,998.3455192520219,990.528960064031,992.5016737411072,996.1127961912058,1012.4909728270213,1024.4746227587327,1031.895934326025,1041.285124307975,1040.304820898693,1045.4544021160427,1042.0599006274715,1044.6257924221802,1046.071727177993,1047.7993238065937,1049.7819331293563,1054.5188106135831,1062.1573553741162,1070.5430885388646,1072.7237808440007,1080.1723253713026,1098.7345543708498,1113.8662447904917,1128.2002215753173,1137.8634660815032,1148.6524312797915,1161.4595877468255,1180.799761114106,1190.970553812929,1195.5073468550936,1184.1078456875578,1199.1594169874545,1214.7223054279343,1251.7582030106907,1276.129316026007,1327.5665656099682,1356.4145470746628,1397.3183756514381,1410.4323959090405,1433.78518117405,1444.3723901200685,1454.354457501083,1472.875658186349,1490.1531826005776,1512.821306929224,1521.1769515698709,1531.9948928363417,1525.1640973794213,1525.975962079715,1520.2132731684073,1528.7379550981148,1524.3068540104707,1531.4081773230027,1536.5420156171842,1549.585394383776,1555.158084290829,1564.176008350024,1562.9655186970745,1556.3894196044726,1540.737126356655,1539.0748296637562,1538.0921573911723,1543.8092508945883,1536.4700516187684,1533.8551029644761,1534.1804664975182,1533.1769029032469,1551.4857589592161,1560.8515001920268,1577.854795552959,1580.1142796300737,1579.87481860185,1590.9723817189545,1593.499297588717,1602.3455025733604,1601.2323593996014,1607.5963290882519,1612.6513569486071,1610.2506552706552
2151,195,Brazoria County,county,TX,TX,"Houston-The Woodlands-Sugar Land, TX",48,039,1339.3760228769238,1338.6211851997164,1355.0692084230914,1360.0009748640564,1368.3440055421543,1374.1677800154341,1379.6510379755823,1386.2866487734334,1387.5405025642863,1387.575279492348,1382.922726451638,1380.080074743737,1371.2662637909116,1375.9741028039784,1385.8072050043622,1394.4531658752321,1407.8907979133662,1404.95868926441,1406.204559090923,1394.1372274936175,1389.3392075065967,1392.3125386438355,1407.6922753145132,1415.5009629308233,1412.4303684945114,1407.991825407784,1420.5155179491364,1429.3893648829846,1434.578899616355,1422.1029914913565,1409.0822903348826,1398.9370663877185,1403.3224008049679,1415.6978573946687,1420.2278957760996,1428.9798210626293,1439.5370569048089,1444.636785342096,1442.2263959314905,1440.1963773984576,1448.8313244597061,1454.5933243986728,1448.7792281894854,1440.7716914097546,1430.2087273583904,1442.6667718321999,1450.6172937147207,1454.197854323446,1447.3418354875446,1448.7309592215138,1460.8714446885615,1453.9783179546982,1456.3446741542634,1454.7247992641157,1469.8425283558054,1472.277849589762,1472.7427129603388,1478.3620368889751,1481.9300377882885,1493.480504498355,1497.6001188404684,1501.7519747182696,1498.9614728332417,1488.3098576325299,1478.724308725098,1474.2635039297686,1480.130870315896,1493.3083879950748,1494.8967669754113,1498.8132049303483,1498.5576611984532,1497.5556180374767,1500.024985224547,1494.5076978905443,1504.7640437596526,1517.67469726159,1547.876093235314,1579.332949558647,1605.3511626867617,1621.687243817581,1628.9351948841884,1635.3071326271113,1647.6227215707481,1655.409617416945,1661.275295832052,1661.2052188385962,1668.5446125678661,1687.1183695864781,1698.4987242786542,1713.2655997205711,1724.7620983163422,1739.2944786288094,1738.0655157831793,1731.2227549532101,1720.344396442146,1725.1274624215664,1726.415730647264,1735.5260467296785,1756.2007358360447,1773.2607450076305,1786.7880724731015,1781.3931328822819,1775.5437829635223,1773.4187666282226,1773.6607298855765,1768.6542942499425,1768.0942858900667,1756.297478181314,1754.7803422407142,1762.405422269774,1780.3675886096903,1805.5348037753558,1814.6109401402905,1823.2070689287038,1819.7956716981348,1822.621950979609,1827.8028502880768,1831.1867488925395,1820.6374186852668,1821.6679683924083,1824.6192351058396,1855.270705759304,1865.917680776014
98,196,Bell County,county,TX,TX,"Killeen-Temple, TX",48,027,853.8836919410959,856.3114986087348,859.1340683230266,858.8152678310616,860.5155528684041,862.5976085937692,863.8937003772738,863.6964217205506,860.2542825782295,857.7884919000415,857.3129886156952,858.8561764658626,861.5947544848816,863.7084988286803,864.6661356122476,863.4096538764556,864.1623783906011,866.9368608316066,872.0093225097605,872.9026301201417,872.4145145603268,870.0054993943412,870.3660293154409,871.9701232167102,872.3630421077531,874.1832216298673,877.4309758940099,882.2681898053252,883.9734982334317,884.9936923388647,884.4180995827077,884.5792900372968,883.7059935150342,884.1192793772702,885.0438328599221,886.8323206676097,888.3612520941069,890.1446705204924,893.2617694957371,898.6751290831454,902.3258268141858,905.3167481931274,904.6029780236215,904.9409209059419,906.0510002524078,909.3619140558378,913.148432075097,915.6650684165373,918.7869766692908,924.3509985333869,931.796842487571,940.8599115299613,948.7803587586352,955.2144495419822,959.227810156695,959.7729397462666,957.0667804818081,955.0445205415394,956.5418273934088,958.5787940019131,961.2030023098379,965.6204668139875,968.638155136878,976.7212600539508,979.9206711175912,991.9300425671132,1001.8013786113263,1016.7671684643759,1029.0813493693731,1041.7838463282396,1049.5856587568842,1054.803548359434,1051.730779206726,1062.114089254447,1072.9254386259336,1106.898974639151,1134.2242634633276,1169.4008138313814,1194.683064229394,1219.2404286393373,1241.3118378595877,1260.3122793036275,1273.5240340559776,1281.3690544888964,1278.996632234528,1282.5248452579497,1290.501611591961,1311.8623921137896,1326.1667354951546,1338.6062766843584,1344.5481894240809,1350.3342150215078,1349.8593693945145,1340.305914051538,1332.6368056631436,1328.869806045185,1329.2737017655086,1334.9970724676043,1336.8795349400593,1343.7270365711172,1346.1056627487858,1355.6656689221627,1353.9661828783287,1356.8186758317618,1353.8782251619887,1358.8420029081067,1349.0914207755704,1347.1512347459643,1341.2517807301238,1347.459038147318,1348.6590135620665,1351.6205310873167,1353.178365746486,1357.4920232689728,1358.655629926062,1359.071211408702,1356.9840181005711,1358.3020733885726,1360.7196170233497,1361.0315341681421,1367.3065069496151,1366.485102086798,1372.4748633248635
2323,197,Hamilton County,county,TN,TN,"Chattanooga, TN-GA",47,065,853.6976093816087,857.2509173458083,859.0517875869086,847.5350965355325,846.9593429339733,854.2712797237674,872.0924458965007,867.0800486140465,876.5818720361873,879.283294374362,888.1755214881856,877.1117638730667,885.6332886645248,887.2318740274651,912.1728327837274,908.4021072687701,919.1402105752785,903.5036335310112,909.9410904578929,900.4844743201983,898.8088791116961,904.898278848579,904.4671649242395,904.470456362512,903.0204523627062,920.7201640262277,930.2751247210867,932.946308267955,932.9234965014765,938.5205850968239,945.8236372369779,946.1485482540362,946.5924563122884,943.7205234785837,939.6851377073442,952.3821667223194,961.9584731067882,974.4036350566828,976.581366328103,981.4887835011297,993.1832234328341,997.0414012744495,997.3340489198058,993.8574104414904,990.2548127297783,993.6343896003186,1003.6372201383665,1012.568706057594,1020.4819122528385,1022.1961741765454,1031.7569730887021,1040.9730738412416,1053.575107099227,1058.0051837166766,1056.8535631999584,1056.634354665743,1054.2236216717345,1049.6301967808852,1042.180147784567,1048.1274065341897,1057.3983211270872,1065.440865428418,1067.0167047036834,1084.4752286640946,1096.155488021657,1103.1342293148555,1100.582495759627,1106.697849794502,1120.0676100034477,1129.3896688977102,1134.4343429834855,1138.2760016925888,1141.7920582824222,1144.4081017060128,1148.5759469147438,1177.3443771505565,1213.7049031084862,1243.3920459041665,1257.2692572869776,1269.5509431675503,1290.19334886563,1306.8575466280538,1321.6967932998114,1337.3381165074256,1343.1478907707049,1353.6527834136853,1367.8116361999785,1389.7052621824332,1411.9159632098354,1423.0616481123172,1423.5309149713962,1423.180250774348,1426.3031456031963,1427.184738830256,1427.492666536792,1415.068480052444,1428.748164993872,1429.1150069872606,1447.084908886531,1453.4339089858256,1465.0984471490203,1475.9897241593508,1488.1017718893454,1494.9947873122499,1495.7412847973849,1490.9016855466814,1488.4126092597203,1483.6180068956955,1485.2751877406336,1483.935591234612,1490.0082551333596,1502.4345778759096,1524.9179686218192,1535.4985446090755,1537.6255994409705,1536.9201106336373,1542.3048696458875,1529.8018637968894,1518.8683847198724,1506.4431290567331,1514.4855612739593,1526.1160171675735,1535.0342755478098
373,198,Anoka County,county,MN,MN,"Minneapolis-St. Paul-Bloomington, MN-WI",27,003,1069.7754334519243,1075.361398708405,1082.8780501710403,1094.1735589393927,1100.8105687021023,1104.2446469367442,1100.3494360773104,1108.8390818313812,1111.5589396608775,1115.9956058870566,1111.4091563797074,1108.4581408425051,1115.957904840463,1117.660619651832,1121.7538814973695,1125.7858817784177,1137.642886232299,1145.5006387587398,1145.2282702371972,1146.6064536264673,1146.5926716213287,1149.0667512410419,1142.0130022691249,1142.9019825961773,1158.3444880362515,1172.2504361519234,1189.9872341996966,1186.8884976552497,1191.8612593466125,1195.9204605807627,1209.127329893268,1211.0800745599997,1207.9959821711425,1196.6351162662627,1196.7902281677311,1201.5770921075675,1218.4924414788707,1230.9446902096333,1235.697618453684,1234.386736784289,1240.3322432205337,1250.2118271558684,1253.0929146048854,1257.6443855480643,1255.0386376744977,1251.9696345939592,1244.9230527446387,1252.9340509273827,1260.426515859649,1274.2715860241674,1283.61024884404,1295.0031072332374,1301.8105488817266,1306.9606893901796,1306.1621031087248,1309.0216813186569,1306.338166068665,1311.9956085538106,1314.8442071533157,1310.7549105039097,1318.1562856407509,1330.068703385542,1346.875832714564,1354.5055240716792,1349.1899952760186,1348.498488296318,1344.5241808774852,1349.7166844173075,1351.7498753014543,1352.9251926189158,1358.494351485763,1369.9873647526517,1391.5195660068673,1402.518573798903,1415.862599929302,1426.8284458402,1440.1769119038333,1442.7400416843482,1439.5946751389752,1446.5406464792597,1461.5133747909792,1475.1924308012415,1475.8445211546016,1466.877038808079,1469.3573480173216,1480.6221217317234,1496.6199015178568,1503.0353276796268,1509.8386266604014,1520.2659485146912,1529.7451677243075,1535.3083266579774,1539.3757503431593,1537.1102766915583,1535.8321033733869,1532.970217929662,1533.3985701384338,1542.5877879953412,1555.448101783362,1569.1124247846617,1571.82823646708,1578.571877804384,1587.1913660087184,1590.842999557422,1588.8286678866748,1577.1604182127037,1583.9053820728886,1582.4307799628773,1591.7808272339305,1586.0866873918383,1606.7040422073494,1615.7561122906295,1633.980635156254,1627.341803571631,1632.033606209263,1630.2102050729936,1629.969991510157,1625.7247662997609,1627.864932658149,1639.6146093042858,1654.2577655866437,1665.5901021777963,1669.5395692786715
3158,199,Chesterfield County,county,VA,VA,"Richmond, VA",51,041,1034.1418532923994,1042.266652266347,1043.9702797912494,1045.540965122201,1045.9085559584798,1045.6677267075388,1050.570246039768,1051.0134697827468,1054.6655739192004,1053.7602597295156,1048.091073562918,1039.8130298958329,1035.351608159754,1037.4297997262727,1044.7946984767464,1056.5164771446046,1066.8866313554988,1068.814537390867,1069.6744864053105,1072.135414739601,1076.8923586139472,1079.8957282216095,1075.1930012584687,1073.8615224910743,1069.2358460226608,1075.565679803033,1082.5824670364827,1092.1554933842965,1101.6765726127967,1109.0768753099583,1115.4407150410286,1118.9810605948242,1115.9253934263709,1118.0893829108018,1116.7553576849912,1118.3926987396533,1116.0370379291126,1118.2833382101708,1127.889244305238,1133.480793036354,1143.298969166497,1147.7969070831036,1154.0169786218044,1158.111903378846,1157.5462967484348,1161.2573739305642,1163.432501244569,1172.3147338559681,1171.6496161451241,1167.149250903115,1170.3368227143756,1176.9494942859003,1181.485084063355,1182.6283950588534,1188.9672973133922,1197.5432456313542,1199.2769363514951,1193.7865069117438,1194.5141006695662,1200.3623907729254,1204.6454548169158,1206.7944737718653,1204.9644271920956,1201.5205072081703,1210.183610383557,1217.6311127739987,1239.0313504816445,1248.4303904996204,1260.1879133625027,1264.7290594421409,1269.9698690039797,1274.3988971939086,1280.8697514058877,1292.3220043304036,1306.0134857195587,1331.7295039239739,1359.3269073581225,1393.701317966451,1416.8292008182716,1426.1738146047937,1433.8649973812846,1452.4683482594487,1469.6758254891042,1482.1305124494302,1478.263493037966,1490.4760976485445,1505.2712146367624,1526.2721585189506,1540.5145702074956,1553.856460134198,1575.2082974486684,1581.977851345165,1586.3154880361758,1571.9575038353453,1573.9368853451329,1572.9295338576692,1569.8831663070366,1571.0792260800017,1582.839760539676,1607.4446508820802,1620.098398153484,1624.5457308383059,1624.46496620393,1627.0575566425987,1624.8988995534537,1609.514322015665,1595.8232841256186,1582.9490719668297,1595.7846862085696,1622.3035249368047,1645.4077987586875,1670.1378335832646,1681.172895676253,1696.0034725017929,1721.118041798,1738.2092273507733,1748.5608002584606,1737.7070584177436,1722.0168390447063,1710.559580447087,1700.8589776822853,1715.0977291453246,1737.8048755809368
470,200,Davis County,county,UT,UT,"Ogden-Clearfield, UT",49,011,992.7748197586018,997.3034926354065,1003.029576088445,1008.7829230933802,1012.08901018063,1012.3421537487737,1016.2809799625923,1022.3258344486923,1027.0368655680852,1029.305901556279,1021.8961950954543,1020.0038648608326,1024.111318683313,1046.802479296055,1057.4574873255078,1072.4784598760702,1075.7966516610115,1084.8371719551335,1091.6844574372224,1089.3394589001027,1095.2184408906492,1086.6520665760963,1091.7556536698535,1084.359905567256,1095.7992099734295,1104.4590717464478,1122.5981911949377,1135.9487158772743,1140.1345558704706,1150.82834701167,1159.5935639509803,1173.286743895834,1176.3826938206566,1169.170471387807,1159.3210476065517,1162.8978209661386,1169.4481415841706,1187.4727843647909,1187.609923121847,1206.346359809541,1208.8767516987639,1228.3580320825035,1226.2508204410865,1235.4004256691624,1238.4570389913872,1245.2776202453742,1246.9304431183052,1251.6244699556876,1218.2040759569456,1222.6080486822839,1230.7865259520695,1278.5464990143118,1293.4971971872703,1304.7411150218898,1311.9835715975357,1312.9400875831725,1305.8005486534316,1305.0803932347044,1302.21440102603,1310.494694550742,1311.3481506330847,1319.0265355420433,1323.3322324576075,1330.6007313517912,1336.1576692869783,1348.2773023522432,1363.0537437105909,1377.7827661997587,1377.4736853372258,1381.2736972800778,1396.5262460586569,1399.764286153232,1418.083563375233,1413.748020211217,1428.4571982924372,1437.3896844032963,1470.5379942757781,1512.3880954659287,1552.30454218974,1578.549552582483,1593.5578832539206,1604.126058364329,1610.901425982239,1638.5062291183701,1656.2033216861914,1687.6203585028877,1696.089769587681,1703.6374068982543,1717.4026369052974,1751.026775966255,1773.6348053925894,1773.7558615381822,1745.5028382590774,1741.3710841713328,1737.6239608888068,1737.5243913448976,1735.1923457807495,1745.2236241298376,1768.3640744090958,1785.6237726038892,1801.8831277555125,1804.8278094570176,1812.6123767184095,1810.7574255542995,1805.486553133524,1801.498129837071,1789.4701451492447,1788.7145286972445,1781.9106410579411,1774.5689212653979,1775.5469113599772,1787.221109100695,1836.9343482069298,1856.7628494681196,1874.2779221474386,1847.9287606630114,1839.0955052554507,1821.6239668571393,1820.4177855321136,1823.3999382068898,1837.1327609426735,1839.6309101954978,1845.4246561567768
3200,201,Westmoreland County,county,PA,PA,"Pittsburgh, PA",42,129,,,,,,,,,,,,,,,,,,,,,,,,,,,,,,,,,,,,,732.1167085841543,724.5741071406956,733.9017771075992,731.305783456858,738.46063250429,737.6500188096816,741.2996988037573,745.4632122160046,755.42687512027,750.9213619155151,751.1130024418053,749.2305811294477,754.4860480044546,768.6044691539634,771.2245375346399,771.7707359336904,764.9445499388464,769.6333262245907,775.6006432519636,774.5495388570292,772.8949782293374,773.4702824322026,778.041022530315,779.5908506482742,787.4029257424166,794.3021735674361,805.7326490084378,803.9378087629711,802.3895180408175,796.2312222079206,795.5612913481948,793.1677991995173,803.3219256352452,801.8843241603817,808.3247903666593,804.9998472965282,817.3987084873037,829.9078583176639,835.1904958152172,842.0289025427614,841.2186718871804,854.5347674902689,862.2045755302411,868.9465825139199,860.4142018484067,862.6107963323709,861.586543777812,867.5599267599323,870.4731668135064,869.7109168801392,872.7664817459275,884.6658041091259,900.4023939471634,913.41900339658,914.4868394108227,924.717372274316,932.4671243726793,940.847981600466,946.9280686318574,942.0250690972676,937.3568922847523,928.8278165400969,942.3100752445223,947.7827083031138,958.8958866057038,956.8302594118486,964.9376579974567,968.9316780410804,979.5832981880244,985.0889441951336,991.9697017774,987.3223132047137,993.1376025987428,987.1683477661229,996.56986536349,993.6850045043423,1009.7305870992712,1015.7252428143934,1025.609553081058,1030.1173233799182,1033.706961194636,1028.4412657804833,1018.7954934882898,1028.7533822995183,1029.6560652424587,1041.2748963143292,1042.880291005291
1849,202,Larimer County,county,CO,CO,"Fort Collins, CO",08,069,1220.5506121883814,1241.3284321828517,1271.0789649423484,1279.729153142193,1267.1833337445476,1284.5976656338696,1290.661286400959,1309.7109873784514,1294.9897704520656,1300.6651184415541,1285.6896785734787,1290.0433009678534,1296.5451117371997,1312.1613737602988,1330.3724300861081,1334.5079819067735,1346.5981567906347,1352.4806363941252,1356.625147155166,1348.9990651020235,1333.525870567927,1316.3940792591684,1302.3040210244546,1306.1241342322508,1317.209975883668,1345.088301304374,1365.9738704407039,1389.16276215977,1396.5455062850563,1399.155215697724,1396.4168052973612,1389.0451270555275,1381.095434095438,1366.939760515672,1365.5695712444633,1350.9329761566523,1371.4267861629194,1389.9858538791527,1420.7333317035923,1430.458911549664,1439.411491596421,1444.0346778429616,1445.5090513899734,1439.6874748723649,1429.5201869132636,1425.4525873327834,1424.8069545855974,1442.9476937243885,1453.59601936466,1472.1535249385286,1481.4316875709792,1487.9174568120038,1490.5108435029001,1493.0143086494702,1492.3968897421446,1485.4130130908918,1479.9934770633047,1473.5132759410274,1467.743157900278,1468.1408739829064,1484.2603853393243,1501.1156361936066,1515.3665880743974,1514.7316915745712,1518.5827858773573,1518.8347245667867,1520.683041524453,1520.3844729592315,1517.9166507994019,1521.2822741886691,1515.3924812493844,1520.9743027299899,1516.055280155683,1538.4439375961142,1549.1684765324528,1575.2398418672014,1587.6182797250358,1615.3403484118319,1636.6390140105811,1661.2490359053818,1671.0644268881235,1688.491822216959,1688.0706875920876,1693.146145126761,1692.927424619423,1706.4726942532745,1718.6075072827566,1733.7760379613394,1751.6642286989088,1775.829632285713,1795.297498782555,1810.4592534937624,1810.643453754426,1818.5884084492204,1812.1065256774143,1811.6539415064058,1808.9394147033688,1827.7052188475277,1848.6371312901626,1860.3801329207683,1866.9195221623663,1879.3296385181193,1891.9151018549087,1901.0178385134695,1898.2911219490404,1887.2675254849053,1892.1899421435621,1892.2589758261583,1902.8183079674272,1908.087022111507,1918.6731167152432,1937.6450167453734,1947.5687739366763,1969.8721263578332,1977.013429409527,1972.507828352041,1951.8817282879857,1931.4187242138662,1917.4630616405386,1915.6868321688646,1933.9945629889373,1960.6144424485285,1983.1959091495676
1272,203,Nueces County,county,TX,TX,"Corpus Christi, TX",48,355,996.0528883542639,997.1616098593055,1008.0352737846636,1011.8609416446685,1017.015197275897,1015.6442315636893,1022.5199534561073,1021.7056374857814,1016.3174869098156,1015.5205871223269,1017.4514620133687,1019.5126483984692,1023.5710711546283,1029.2227723576354,1027.8274119897962,1025.9891826359212,1023.1288676387784,1024.6861045865683,1030.26781559707,1027.9837611756261,1032.646350510755,1025.0994819721814,1024.6613545565515,1016.4300990025375,1014.0007521439927,1017.4054299851376,1023.6493716015246,1033.801398581802,1038.7573426433282,1044.967232653763,1040.8459986849782,1037.4918213912972,1043.9864996041206,1050.7191969859227,1055.9113295885238,1050.7237677398855,1049.753653684342,1050.534330910964,1056.493771418751,1059.4961316220456,1072.4915148389262,1083.3519756129388,1091.4917386481509,1080.9420390676885,1075.3396325692236,1074.017374121289,1079.3578600953929,1071.3490093816556,1064.7688151020725,1066.2322821127736,1070.9601032813612,1077.6086356995452,1080.6268451059866,1089.7748931077615,1093.9259081388786,1095.0126067601564,1097.2434779116793,1096.9621398993502,1099.8288498716354,1095.8982445049305,1102.7834767198128,1108.2947597419272,1112.5475777815154,1112.4674208124632,1103.4570408158481,1115.918164500928,1128.2463875019007,1152.6370844905584,1156.0877558031286,1156.4261069112952,1154.7774887751248,1152.5222520877205,1148.3669313226046,1143.3720738018355,1162.9573404999715,1185.3814451850274,1210.7155830789022,1232.8660574236483,1263.2367533013296,1292.9272031269015,1291.9060227463262,1281.8091834800705,1274.6168984006513,1276.2884809733803,1274.6034615880892,1273.3688929660264,1276.1842414935772,1291.7592745303675,1306.2186632110015,1324.969255724336,1327.9940434144096,1331.288662675356,1322.7335158609872,1319.7294171250703,1306.6824669479383,1293.7754712935061,1289.1840805882352,1296.4956052633986,1310.2782394999485,1327.1290227898899,1343.6035153102957,1353.9398304265037,1354.153767568458,1345.3683899125724,1338.3850374175097,1338.569754688147,1334.7346059737897,1329.094964937234,1325.9123278670456,1331.1382586462294,1339.182361368319,1340.731305266872,1346.3478728284636,1347.8034462230853,1352.3788368015955,1356.0168473188144,1358.705388320432,1348.7413543046573,1350.1946599265548,1345.5483340682222,1353.5212040775862,1360.3078569630675,1378.6095995638816
1670,204,Douglas County,county,CO,CO,"Denver-Aurora-Lakewood, CO",08,035,1510.0202023388952,1530.4991398013126,1542.5060783695849,1555.9974124260984,1570.6418993200443,1593.5077417376244,1599.4572857020426,1607.3018070757728,1594.618059099734,1586.7065331023573,1584.1520654909916,1580.3951302402081,1586.9985699233678,1592.1350643934106,1607.1401216689103,1618.9966089247644,1628.772523301406,1635.6076133098534,1630.5456278690601,1615.3492177012163,1607.887788215285,1593.6844998338458,1594.2050819466174,1587.1597394652651,1595.5993786835709,1608.2128628477915,1628.7580428799338,1656.4212936222978,1674.8003804969967,1687.3004173071924,1689.739593828514,1687.1511843737558,1677.617554483132,1653.9208760920483,1649.1638442477336,1649.2845029086145,1662.737051365758,1668.2122386215724,1682.8731715064266,1697.1003775516842,1711.1134230775313,1714.1295906284013,1714.4213895492437,1712.2908538831603,1706.0923354801212,1699.274693804705,1698.721984041459,1701.6925488184118,1707.957686749059,1716.266702688554,1732.8234128739912,1743.9455135834141,1750.9675830421793,1755.5907060148159,1757.270498990037,1757.8426269863778,1750.3450769060948,1754.3318677499901,1751.4291735525612,1750.763058183037,1750.394532441498,1754.0792779515516,1757.9788734483027,1756.205562256291,1751.3395268329073,1756.1904073018695,1769.4674829608855,1784.7666527574577,1791.547597263167,1787.1641505748921,1789.5896814068687,1796.0642776405987,1803.1997073830826,1804.5328928120616,1815.8123414133604,1845.962531589852,1891.5158719108395,1931.682329014244,1972.49002864454,2006.086768675279,2026.6092115167778,2026.8090367231014,2008.0031829631312,1992.8093074583858,1995.6267503856143,2014.6294719824814,2054.5652293398434,2087.212243977215,2127.6756952896967,2152.2713793216844,2171.7959310244005,2167.599624615616,2157.16828535206,2149.9025520900036,2128.619444865067,2122.922601402513,2116.3302991068786,2140.96256775359,2167.226760606743,2185.257312156572,2201.318116163432,2209.384486038002,2214.9288504058522,2226.420367837012,2227.192644120603,2228.757438540779,2217.56800750926,2202.7477299605566,2200.305581230462,2200.063273007413,2219.752687742223,2228.407101605798,2252.018022867129,2264.849868184233,2283.7691271622193,2282.0094009274703,2277.118859605258,2252.4650262079035,2223.5052745550415,2184.701106879444,2180.6454915921454,2198.3461549881313,2230.3791859085977
2702,205,Galveston County,county,TX,TX,"Houston-The Woodlands-Sugar Land, TX",48,167,1007.4010168560991,1007.652607684776,1022.9712794785588,1032.2141397044047,1037.9239178541916,1031.9003491976193,1044.461602843997,1046.818822945723,1056.3266009448762,1049.791696963983,1052.6486876412569,1050.378597930168,1050.872092372839,1059.5454388678138,1064.7946780218206,1075.4309956886689,1088.3998256105997,1103.251579524364,1109.1400106289575,1097.0079599494152,1091.9667154001502,1085.7903862710384,1080.164489840628,1075.9280192689018,1083.7684997020945,1094.811525880029,1105.2674437674193,1112.4968613873891,1124.1579600481373,1129.3765471366405,1126.9296983797617,1124.2639184295153,1141.4301851180676,1149.0291017523523,1161.185243456806,1152.7717983454677,1164.3800387369747,1171.6941113935325,1184.8162712384628,1187.2176265490027,1192.970053013618,1197.9519198022524,1200.1908950563009,1198.0045362793792,1196.713451377986,1199.447802201157,1204.4964396530363,1206.3687597765916,1211.0030594521745,1225.1015884644737,1224.7328246647048,1232.1180975296286,1227.7954023577602,1234.600743591265,1236.1906455079595,1235.9529287377156,1233.1207879307847,1231.250488803746,1236.05999870858,1236.795806168482,1238.5709734052475,1244.144384712197,1251.5100444138113,1249.3124554248413,1237.413895447104,1240.9763727098866,1254.2300241628184,1267.574240012456,1259.6722499053426,1253.9456239596625,1255.8625025102529,1259.5563484630984,1271.2497745950377,1266.8985474870353,1286.913830572613,1293.3498797502225,1315.270424327139,1330.153306062203,1348.2942265354973,1370.2529018919636,1384.808147337102,1394.2792296459766,1399.035359250342,1406.8006153669103,1417.2184427746238,1424.618343160169,1438.7822839125477,1457.9497682194706,1475.1829905042919,1489.7235384205742,1499.9452814891088,1509.9814348387456,1503.0694396516021,1506.3638889567103,1496.257278777594,1502.3650001043115,1497.4152901927575,1504.9599556727185,1517.105521797907,1526.1654701184445,1547.015613761932,1558.6994646111934,1577.7834586426873,1578.1109639913,1568.5809474214423,1553.3045310834575,1548.446122663607,1550.7998757290818,1554.641326133512,1560.8605685967948,1567.5922408848394,1575.0285318211475,1580.4602774906543,1589.0663778844946,1596.8568608004925,1599.9670993677814,1599.692589729511,1599.689256889414,1615.1342729579287,1622.3275819113019,1621.8535706445584,1615.6611271071595,1618.2806651927067
563,206,Horry County,county,SC,SC,"Myrtle Beach-Conway-North Myrtle Beach, SC-NC",45,051,984.8761394104898,983.6249994063788,978.5707246551258,986.1773203159672,1006.2724879424147,1017.0861755764072,1039.0888692686824,1040.05791329631,1046.4547244668568,1048.5660091424204,1045.6888501663952,1045.1120330693157,1041.4701547099407,1039.3546347434467,1043.5779378325233,1037.9982632065928,1037.1012489179266,1050.9563025806372,1069.2204778271957,1083.616299767765,1087.2431411931493,1083.2870878232052,1084.757691211,1075.032899072591,1087.7702763433458,1097.887828057235,1104.0329971306412,1104.492218605125,1112.7721186310835,1131.808287577545,1146.8603299709391,1150.1664749955282,1150.676058059506,1153.334021653604,1149.5850408676167,1142.3248463033894,1148.613568165908,1151.5141263269647,1166.5002540491248,1163.6161345873418,1179.227921004398,1184.0479408074225,1191.6181957660924,1192.068011350754,1196.7494658678131,1194.1281431815976,1197.8209833723508,1189.598536382635,1200.4336069703368,1202.898172861827,1215.112079737211,1211.856464134461,1221.07696372256,1228.4188176630544,1241.0961342005942,1253.1757885336995,1249.6618601114699,1250.971820374956,1241.6242372771655,1242.9950208954763,1246.409999091122,1265.9586901699483,1272.9784243572876,1264.675976699999,1246.1264675285204,1250.9830389017463,1265.118991382981,1284.5681654502794,1302.4379190442453,1300.4446292771884,1309.4676532043593,1308.6561294438059,1321.446933197354,1315.9195081444427,1323.6196314970393,1346.9251073805624,1379.9024075262225,1415.8526905531705,1466.550221104937,1512.7121174766348,1547.9529611566757,1567.4143522263842,1560.4829771400334,1578.0316651882663,1570.7285146122344,1597.4533357209627,1615.0931256565636,1662.6484611303601,1708.4331710162655,1736.7509349701763,1754.127515054464,1770.9759067789262,1771.7109299914348,1753.8930708093988,1729.4254831523392,1721.9458933965632,1720.4659674322213,1725.7070128979726,1729.1932724721871,1754.990869328764,1771.3358342714434,1786.3753692103976,1788.8084455329463,1797.2444676700122,1804.4375576912355,1787.4097018324583,1770.415070888249,1753.1299725113654,1762.5993894176545,1769.7090065622226,1782.2170544591515,1807.5970189798363,1816.3435163415234,1827.1444994864544,1832.8419577969744,1856.246183846466,1880.75634530689,1877.0611297956684,1868.1448016420493,1837.3415127356823,1825.9849415627614,1808.9723944111738,1820.613674992078
1171,208,Marion County,county,OR,OR,"Salem, OR",41,047,860.0948739121193,859.9150094759332,871.8051682752309,883.8297095422556,900.3888430714375,906.3794560939607,922.4103402177459,936.8617651859205,955.4435387869888,961.738926589489,966.1256126178663,963.5328868755365,958.563826398865,975.752501786436,989.6084825810339,1011.2489977547407,1011.2205768185775,1026.4876987796063,1037.4738303771037,1057.0023534386453,1060.065918626713,1067.3958665830385,1063.6290268779026,1065.26238751744,1072.6084971372666,1081.188395713181,1098.4892340441313,1105.7385972734103,1123.2198535692933,1132.7555649305987,1143.3173909474003,1143.373064132578,1145.1851479469249,1129.1076975612548,1131.4648131091312,1128.8760049520565,1148.198672446791,1155.3645485368872,1163.0629710631536,1170.4559653629003,1169.1384456857666,1176.992236283309,1183.8359436776645,1199.4677821853113,1202.4081234701111,1200.4691956270774,1195.597008072164,1193.8564049316024,1200.6251846481898,1204.1987848450954,1210.9159681624885,1215.7245509220422,1227.1691910882914,1235.9039924908377,1240.5031945027602,1241.4945835157139,1256.5190759579727,1256.1607545674212,1249.5213177565063,1238.949547269492,1243.789161392716,1258.8281559186837,1272.7775753946223,1275.9018387123444,1273.954800882531,1272.2685885569965,1288.272613563743,1301.9301783883327,1315.7588138464114,1317.6382861152154,1325.9359240772994,1320.7704017268438,1326.7632836561058,1345.999026162587,1373.8285487669173,1381.1498242743494,1388.7343791150865,1404.215091483396,1442.8797257977874,1465.6596604827682,1482.0245916815843,1484.461154090437,1492.1486954860998,1491.238109141108,1488.1780837445956,1496.3276681924415,1511.780821414371,1535.4459994515382,1557.468873891976,1582.6418088723224,1617.8786724860938,1632.8114272486753,1657.470890160232,1663.7300971176562,1662.0471220605314,1651.6622084782616,1648.3248195018834,1655.9972886360279,1659.5398961289613,1663.1048478897133,1663.2005519330517,1664.7591308241726,1669.3193124066804,1680.9404975496102,1691.6692688141657,1694.1733763340849,1685.0813233804793,1683.49528891455,1679.8444073490998,1679.1222138103642,1680.891785626812,1685.464894866834,1694.5642264145358,1695.0740260197572,1703.200294145654,1718.011997800399,1724.8758175508156,1723.5495446053958,1722.7820901784396,1713.4356067939423,1727.0731820117035,1719.1021226677306,1726.6024436090229
2552,209,Somerset County,county,NJ,NJ,"New York-Newark-Jersey City, NY-NJ-PA",34,035,1688.3605119574372,1714.3985062603633,1731.470256658834,1750.7517377943018,1744.4495290935613,1739.2477963051078,1726.4523265354496,1729.8557924598429,1736.2116367445415,1746.791885606355,1742.5892178047611,1739.6347162759007,1740.0986489052718,1741.928008710826,1754.3000021033604,1752.540149252667,1763.451842841178,1764.1234570649067,1778.9201214322507,1772.6348445325623,1772.4940578965552,1763.3069404289995,1773.1145938986754,1766.7778506330444,1776.4840890609946,1788.8902370506928,1799.7098523732316,1816.824057036508,1812.905611387406,1825.4046644848318,1823.508687591375,1828.0083101546145,1826.1942787583885,1829.8685156669112,1838.5510401053282,1836.0032529132409,1832.5800453247982,1834.675809603528,1852.3896408396229,1860.6111905975038,1867.2729033880014,1864.867748823672,1854.587236088579,1860.7467046039699,1869.2186206790432,1879.7574212985028,1879.3721926451274,1882.821956624205,1889.0308192532957,1893.6315682459904,1893.609991050245,1906.9634620007948,1912.56866831572,1915.2448798279302,1921.562889740674,1922.5111017763384,1919.459612742374,1925.065846875708,1919.6050644590455,1934.3365466555294,1930.6568663659884,1941.2583804387205,1949.3394365674749,1947.8505502311227,1948.3130599181502,1933.8771392576045,1947.1244372230615,1966.063694500809,1983.2283393742491,1985.509069903097,1984.8175033609818,1993.3108421749416,2005.519821659544,2008.657539442961,2012.21780014265,2016.4993612577662,2026.5094209068977,2060.8853827654407,2075.9580382389618,2103.7346487613218,2114.695146643312,2128.3853386320743,2153.0860255907796,2159.9428350678886,2184.954265669396,2194.2765459557254,2215.0893121279137,2239.226999847012,2263.0124837314193,2295.494476675952,2322.5888475809584,2343.8480240510457,2356.7553341143325,2355.6164021101113,2347.3502556551425,2339.185452739869,2346.6545623911156,2365.734317696662,2388.4438002562533,2395.9297321792096,2407.6898326700684,2429.9716425787897,2457.868916475279,2481.0596643424833,2485.586011738482,2482.1841330266175,2460.4102230261196,2464.144642953365,2472.9576089047673,2491.6726244473425,2501.9389109865792,2523.234335226032,2553.146922594243,2562.352719888136,2571.1123046584703,2577.365828434228,2559.773821493767,2566.944181201569,2557.966993879631,2584.289443939857,2582.1179065617025,2592.5366544138456,2596.073498498499
2318,210,Hamilton County,county,IN,IN,"Indianapolis-Carmel-Anderson, IN",18,057,1208.0585397614022,1204.7849747388018,1209.7784079108117,1215.617382813744,1225.0864758491966,1230.2602835218947,1235.6814474446605,1233.5436355078682,1232.8597703448281,1225.0998995863222,1235.567713856556,1233.6137801012103,1237.6627038182341,1232.433717921707,1237.0717928423035,1245.4195875391988,1254.0620899540618,1260.781420957283,1261.6605379669447,1258.972803663336,1250.4174423075854,1242.0017120013144,1229.941994880622,1223.3825961288358,1226.7308017855444,1236.6630775213682,1251.728984373837,1262.0260967958884,1270.488837710552,1281.7493179917046,1282.256028853856,1285.8068048365471,1285.340646045743,1281.6005863368532,1269.6445534151533,1262.7679164724946,1273.8898627006074,1291.0592350278564,1302.6922441307734,1304.7323405707516,1308.7910534719376,1318.147602307636,1320.8076514464562,1325.1933944974226,1315.85602575484,1313.5236680310138,1302.2659791784379,1304.667166181275,1307.6091588106783,1318.170863635171,1327.9096756229421,1347.2514381906515,1355.6629021669212,1366.130286366632,1364.4739447129873,1367.460666697363,1368.4821922185317,1363.9643862679388,1362.3293715364564,1350.591675220965,1348.9473804732634,1356.9134380934277,1376.1029411846398,1385.6681791784474,1395.465925039481,1400.573704386195,1407.0550571763542,1416.6403226709451,1424.3436917615668,1432.100547492173,1430.221028774418,1433.0846117213139,1440.0910639059975,1445.8493084719992,1449.4881255410085,1473.6279363805927,1504.38731139715,1543.3005563731454,1572.5393295540098,1604.5544525950854,1614.8626260983915,1625.1593212929629,1625.7659379935174,1627.120993528612,1624.5547320820529,1631.135310777616,1659.9232447525196,1691.7476789228888,1718.615747645183,1748.1156930882373,1773.3160365679166,1783.8716637882603,1770.8947040894357,1747.4517475877246,1725.2152298011338,1721.2175451164544,1734.804605769997,1748.9987539712663,1766.7140114012955,1777.0268727831312,1795.8930995178844,1803.0705312582052,1807.3738563748602,1805.1234802776385,1803.8829810039997,1796.7016127421423,1786.7544013656916,1782.0216080246946,1799.3691254554658,1814.9883438310574,1838.0334040007763,1838.8008995453322,1852.3098498439415,1857.1464596815226,1862.5455011723016,1863.23272427256,1855.1382177329938,1834.267980562636,1833.0286831448407,1841.6358504530988,1859.135713179387,1870.9670691990964,1878.4652953939133
2515,211,Rockland County,county,NY,NY,"New York-Newark-Jersey City, NY-NJ-PA",36,087,1764.1878742753986,1757.311419945339,1766.759429946387,1792.1165069448407,1799.9493062565462,1806.8306695646918,1804.2937838515927,1819.1217258328502,1824.2416785488313,1843.032497500398,1865.110296803809,1873.647570475977,1837.694208552417,1818.846556817253,1825.0760489867969,1858.0518582935067,1870.2141934371714,1876.1947093957647,1879.57292928027,1909.6574894570347,1908.4335336522179,1899.3388355710686,1871.9559747444248,1888.7671873523998,1914.3681123011172,1949.9005835250903,1948.6281518889796,1936.023681905677,1937.0991904524512,1941.1181470218203,1953.8908244146426,1944.2326319161696,1955.1387046095808,1932.629027258599,1936.1173451450527,1945.3959471849632,1977.7756157086458,1992.7485757497948,1983.4947085433628,1991.9390182875547,1990.369132328389,2013.6359734271125,2002.1639064957797,1988.719321436889,1982.1073610324845,1993.6356714638857,2009.9749366261303,2009.1340747232962,2024.482117875424,2053.7052232710935,2070.80077405037,2079.720380879124,2092.461647255257,2109.3158468266147,2100.8337989498937,2085.719774833284,2068.9084266921273,2076.8198750487745,2081.5663573238944,2088.4886464393944,2110.714699422171,2115.799555080077,2143.801815374828,2164.100435784971,2171.8285637055646,2171.12181977283,2138.6856489366623,2151.958604353703,2140.15248592953,2224.140611633522,2226.9096643853204,2251.831763322625,2195.795662445132,2230.5404138431063,2271.8866680146484,2314.5219857164916,2380.6240582448354,2377.991189691706,2399.2594371976293,2404.2830685503372,2468.730487638916,2493.8356758273785,2487.4224606665484,2476.975771488757,2481.267748341638,2506.0181287853975,2523.269665003134,2537.511884756909,2571.879941352649,2609.17564996426,2700.4579596074805,2701.353138152578,2697.8850511998944,2674.407840774036,2695.907028375072,2731.147933529886,2746.9591547927175,2796.0576884403254,2873.3222053638247,2882.524481995833,2862.3082587161357,2803.5121858371103,2826.6090157616245,2824.3217211481433,2828.6071511492996,2832.1723265324763,2852.3220602592387,2889.49255746109,2887.7798198985292,2906.8730815910294,2888.4454879930504,2899.4579238523424,2933.1625755044106,2966.6352665070904,2981.5815580935955,2967.659155593349,2958.237622910893,2951.7786701026403,2926.8561135635114,2908.054655755404,2893.5052426287675,2908.2605753254043,2909.546296296296
3016,212,Rutherford County,county,TN,TN,"Nashville-Davidson--Murfreesboro--Franklin, TN",47,149,1063.087603357942,1064.4699968940804,1076.130142218229,1077.859941446063,1092.7200712180488,1100.992233782022,1111.1837741256131,1115.925260397218,1115.8205166075143,1115.9720454058881,1112.6703107251385,1113.1697281908457,1119.2823845204844,1125.6430473723306,1133.1171114176343,1132.8460019669099,1142.4939745811891,1152.8384016959794,1159.3676668075427,1163.9536341060664,1164.3713741272823,1161.33455671901,1159.346009810394,1160.4075489654135,1174.1226918257705,1177.852581384482,1183.8073574483994,1194.4218539643298,1205.2105247553834,1214.7664780996552,1214.5212436662782,1216.5331731375156,1211.9709609003155,1210.8812638221707,1203.2511267862917,1203.0331554459901,1199.645484278297,1210.8790208697415,1225.0496502342096,1245.3779369176941,1262.035471397486,1273.4350627015665,1274.149452682468,1274.3591983113404,1267.3804111934417,1271.0648954012565,1264.5500498684466,1267.5308873290808,1264.2443475261325,1271.5295604835662,1283.48963059372,1296.1279207305263,1305.801287491959,1315.1459054491197,1319.7536314902943,1326.1047939761777,1321.243504521431,1313.2463157825803,1309.3939503366032,1303.4455173447511,1314.572460435514,1329.2160843735187,1348.1466627440336,1349.9038719154776,1348.6189425345378,1352.9223003885738,1369.059078497158,1379.3765476902156,1382.9673460305353,1387.6824906061493,1379.368128898435,1381.382689431487,1384.5594060495216,1401.7857961282043,1415.0472850970614,1428.0211721184041,1448.8611937206904,1471.780960611412,1505.9620316393007,1541.0816685164245,1560.491860081289,1561.844013620344,1567.7924910160357,1585.348729365936,1607.1201663730644,1614.530361536446,1642.525456404752,1666.2664030248513,1697.3951586667026,1710.143605646806,1737.982313312355,1752.030464995748,1762.0088506881675,1746.4037927616328,1750.209826058487,1729.1556156511301,1723.7289484869589,1707.1857155735747,1727.9929976231087,1736.1263347803401,1754.1725963416243,1764.742697586374,1780.9588210697825,1787.3765449668826,1780.8331332946736,1770.6032830246552,1759.5595963738226,1755.2911514174334,1754.9817912832198,1755.3507343195083,1770.0413318193594,1778.9544852938147,1792.1053178212205,1791.8907012801933,1805.454991415755,1817.780994885222,1820.5327015177127,1825.3665790224063,1827.0606089097334,1812.3633388223195,1798.0911193495508,1785.2736736349857,1803.0650710409807
2912,213,Cumberland County,county,NC,NC,"Fayetteville, NC",37,051,768.6408097338216,770.4225441752252,770.7545350203836,772.4229107746389,773.0622495637787,776.9556665550044,779.1071988445252,782.3587002783801,780.916609661205,779.074991979686,776.636295692235,777.9500695820184,779.4997907986872,779.9663812951504,781.0154779015477,780.228326868524,781.4102144848439,782.6099352462724,786.5394224596748,790.3978011830608,792.081367146544,789.5242648652178,789.4372612806839,787.6226933327208,791.0451762898817,793.0946910914453,795.7804635585309,799.4223467116913,801.5217336894616,805.0964634415963,807.1405395014476,807.3995321557483,810.6389622694325,810.5809285515614,812.8006404886221,812.105174045432,812.7346281312706,814.3612369400441,819.671610819461,825.5432072650974,829.5857346571647,829.9379921313252,831.8034881977453,833.1081067866778,833.893162501033,832.6797995845241,839.9270984979735,842.6917141285303,851.3192318371241,852.5050829519653,856.2037608825219,861.9062252946557,867.5003634352075,872.8133508054904,873.5003892990995,875.1232286116585,879.4855697056718,880.4549666168899,881.3413691611736,882.0080398274763,887.095629295901,897.8151343388212,906.957206223687,910.5686494626696,916.5863496340271,926.1889233183741,937.7123174833254,943.4323183507972,957.4822624895805,971.2761038747309,985.0025594523457,992.0863823657935,1000.4652385866161,1009.3222250325916,1023.3693746355916,1046.8795899263137,1078.0769364079479,1097.5945407904167,1119.6311035964604,1132.4806786326858,1153.3022498054308,1152.420564241662,1157.8676261805217,1165.858663841102,1189.1277228914262,1203.1267715558108,1218.9417084695635,1238.2678608880046,1255.8261337415454,1269.3369708597502,1270.5142261809053,1281.2777125476457,1283.4491822992557,1286.3107234133581,1279.1020481502974,1278.5155125902431,1286.79734867985,1294.7509716982145,1312.583725299728,1317.6974548205094,1335.140455430264,1336.356235263856,1341.01131799726,1335.8446802713472,1334.2569807978837,1331.4216636671797,1333.7045452116467,1332.0525017109153,1333.1123353642347,1330.9013046391194,1343.3398211481378,1358.5265232147087,1373.6038508660488,1382.3869685461866,1390.2219066816906,1394.0083630009656,1396.2734821270408,1394.1681056216357,1395.8997226205631,1396.5502084914472,1400.2645800829184,1403.9719831992927,1411.9089799536002
1771,214,Henrico County,county,VA,VA,"Richmond, VA",51,087,1076.1978984433986,1078.690776017861,1087.228012622302,1090.3002971489248,1087.624485089394,1090.4400000454648,1088.0733651110404,1093.279234637788,1089.8174796950993,1094.8237514069872,1083.6945439618999,1079.80551017808,1074.9318205623558,1079.9793784278609,1092.1609494679267,1107.0322742714234,1119.8297549456831,1125.6961279586262,1125.6001632067564,1121.346223024388,1123.0674563375142,1124.8920128296097,1128.6325561980034,1121.6842811678212,1118.5532534360823,1120.3448173325996,1136.1543276056107,1149.354288219415,1163.9429528562594,1169.5535822687584,1174.8644602359498,1173.6722154764468,1167.2583806105984,1167.5935137016565,1168.6298921766395,1171.9867903002523,1181.1943695732737,1189.8458765254668,1196.879829365603,1197.3757892989925,1207.0330864653417,1220.9566107527912,1227.9937903331236,1226.8431409756247,1226.701202095134,1219.314372104969,1220.1992107120377,1216.6120633770124,1224.622649162059,1230.0387922622158,1239.7220132208352,1253.2535832077124,1268.509516570047,1278.1301954194666,1276.5785891640487,1271.0426822936888,1273.9713090454404,1271.5093840156933,1266.0969094244374,1257.0686984836334,1260.0883405844017,1266.228122812196,1276.5062571416763,1275.7560104366278,1282.2764351236747,1281.6386893056515,1296.75145057857,1305.0337130412606,1316.8680451555765,1321.3509658022394,1328.5858183097143,1328.538394808953,1331.0151110108093,1336.8074134390256,1361.8207397992671,1389.3019316423743,1425.2833538875097,1447.7901646555588,1473.3920891236583,1491.3055827841133,1508.4104316188443,1518.288690013896,1521.133746129697,1522.902753143759,1538.0627424536826,1559.5552245006777,1587.4738909786845,1600.5939835261597,1625.586709446381,1653.8174568156076,1685.1511321016787,1692.0420917078604,1677.735444562734,1656.743011127525,1644.6398964387888,1635.9824604245787,1639.0490899408196,1639.9137280134735,1655.5252936422455,1662.8070898036663,1675.5861166220784,1683.5879341155985,1682.763527878765,1679.3519222946948,1674.024176987861,1664.8712098433743,1659.552734719578,1646.7481798849485,1655.21138430779,1666.8803389043837,1693.5943192319016,1721.4297227614159,1736.7718439634652,1752.6667294081929,1764.5745545591485,1779.906602291248,1782.3335903945547,1761.8346343681474,1758.070368095867,1754.654384193248,1758.9420866065218,1761.4373617321958,1782.119145514683
1101,215,Howard County,county,MD,MD,"Baltimore-Columbia-Towson, MD",24,027,1623.7087394524133,1623.3067277911887,1629.237013815879,1633.2253420779891,1645.0254581835009,1647.2556985259832,1647.4757951849522,1638.216239590116,1629.3611468981067,1625.65520571212,1625.744060765393,1629.5570919412498,1633.9596922126386,1638.4060381205836,1644.9579879634593,1644.7451886178326,1654.863576242208,1655.5065930241408,1657.688535536509,1652.3095994250323,1649.1626498386308,1646.8361923219331,1633.3066502768663,1623.8930093305999,1622.2356670036354,1634.3068350799172,1647.0722084738852,1661.701458826264,1674.0867214117025,1686.3805516530113,1687.339606161563,1690.0622185056804,1671.7910526964033,1666.9504139582102,1648.0520784986127,1661.459328758792,1656.27757887209,1665.1870027020188,1665.9473737745095,1673.5546551626298,1682.6217568659354,1691.00470100006,1701.5268494791508,1703.7627293211037,1704.2943876210325,1702.8472491961534,1704.4114952422947,1699.4340637074947,1702.262901580542,1707.203577749852,1720.6527832650215,1725.781543161705,1727.503410228183,1728.063849525947,1730.8747508668318,1739.4806720213544,1744.7360500462564,1747.5331840715073,1741.4945592010163,1735.7240562355194,1738.9219634033338,1748.4456768481941,1753.9643150229144,1751.2225693548035,1744.328426707265,1740.2846299846326,1744.735282563747,1752.6002280709492,1758.570116066321,1760.240260351081,1765.0914427192558,1778.139698062162,1785.2263173445374,1794.4914599696026,1804.5102224762009,1820.4232111238816,1841.4811373435932,1860.869346258298,1886.1877597150917,1910.2437104557307,1929.6520029729163,1948.9121366339552,1957.3680508494235,1973.1533453868,1971.3394350512785,1979.5151447621429,1987.2444948938326,2009.5276438887277,2037.6355458242244,2071.1908604626897,2090.0745797703917,2089.2966390160855,2073.1022002916743,2056.700900638743,2031.9162488003064,2021.1868271405324,2024.7257359366088,2052.339418528106,2081.099866600346,2111.1479428481953,2134.8139016581367,2150.628768974935,2158.7703216440564,2158.487892657958,2154.817813338387,2143.937026721726,2131.4489982595355,2118.1379406559236,2120.250326896346,2126.982817286047,2139.8248375415806,2151.4123175461755,2179.016476605121,2204.8336361717916,2229.525631606856,2225.0870133594926,2224.3457156804343,2206.964651200765,2196.2338354884623,2176.1721207424516,2181.5755930109185,2201.5610452897563,2230.454885247561
1549,216,Boulder County,county,CO,CO,"Boulder, CO",08,013,1445.664813576377,1462.611090207271,1468.4802834588431,1480.9861604111265,1489.7595639497017,1513.2479577807344,1533.5154275382324,1556.9268007902003,1557.6278897763375,1554.4578889567942,1543.766680093595,1541.593461634426,1552.0082657076568,1558.7438984771836,1583.95795619254,1592.350886372745,1600.53825336209,1595.2108203432583,1592.6517701694884,1586.105919446482,1586.0401856559201,1570.239620093404,1571.7631665674476,1564.3245340407457,1590.0058143231174,1609.1762626265324,1632.283342172506,1638.3955280086805,1644.24461407761,1654.7546350478563,1659.6397447803145,1662.0493901340042,1654.6426206037008,1650.5975785588782,1649.3575139320897,1665.7724065057196,1672.0092201825548,1684.371287850742,1685.677029101831,1701.2180593538837,1711.8598676873376,1724.7674267514578,1735.0147334053554,1740.3386437284992,1736.3002268293922,1732.6133244838436,1726.966260841855,1730.082477174301,1740.1277911467193,1754.6253742463007,1764.622539922892,1773.1726528164897,1783.1919555023555,1785.6901288578306,1790.4919143062295,1786.9479815351692,1787.1604390733944,1782.7378426278092,1788.7708846311564,1800.7331965431094,1804.6491063266808,1811.992383816484,1818.3673176866187,1815.902128475614,1807.0121739564127,1804.3627782393255,1816.7591996365588,1822.5953586591352,1825.7261848573232,1824.5124493660896,1827.3801413335075,1822.9506774618178,1836.1368048212448,1850.6020177589487,1872.2011846631697,1891.0681160461334,1917.3702448881245,1944.3132541032994,1973.3958680782596,2000.6572453371455,2017.7791889250113,2020.0257304721456,2012.5407894005455,2021.337539462748,2037.7591243479865,2071.0728227021345,2099.4055049971944,2123.7923670823643,2134.2888083062708,2146.0204082089704,2153.581257728515,2161.410963827632,2164.551021609549,2167.057483463829,2154.596249092064,2142.0146223316183,2141.3636135127017,2158.222158011992,2183.5131736861267,2200.4261297223193,2223.561346035039,2235.6378503804926,2251.843553298886,2252.2648338150484,2252.781502459971,2251.165199557251,2260.403773378012,2260.653544034682,2255.002511565272,2246.4619197603224,2253.285796201182,2272.408496802884,2290.8818146468975,2313.2201462990365,2328.023662706698,2337.530174612545,2315.8085827294835,2327.7331808385043,2333.712428368428,2341.767435824506,2321.5562694809537,2305.960241587407,2325.9420174236125
3131,217,Saint Lucie County,county,FL,FL,"Port St. Lucie, FL",12,111,1131.3929628841788,1132.7638123194079,1135.4480866303275,1143.6883345881429,1155.8279120005632,1164.0025118824115,1173.6613481617755,1173.8999438848928,1184.3860165995573,1197.3229469329979,1205.69373245483,1204.495538084852,1199.8656301384515,1215.9067948383126,1223.167452525303,1236.081832092154,1247.2189424013309,1264.6946114688837,1269.9941892430822,1262.6474590788325,1258.9331649014202,1258.3246893316168,1263.1019830484622,1261.5363509772262,1276.0234887953036,1284.5518700240996,1299.7748744983016,1311.7547327819702,1323.2062324355024,1339.1812996956305,1344.9438550940904,1351.4612963322738,1346.8891749137852,1352.6268089847188,1363.0165718707915,1383.1122254778732,1378.384621052831,1384.489854017561,1386.5203929963322,1395.5155171238468,1402.1511949750218,1412.1845300812583,1425.2611685896964,1427.6066257694551,1423.3201853490525,1421.6260391609665,1436.134090305523,1448.691965180997,1456.234118432151,1452.065895180639,1462.6497998922573,1473.432777046061,1471.6339995586472,1466.9174214781474,1470.4486923214931,1492.8577607257012,1504.6978167472312,1507.951672342579,1500.070992792855,1503.596694033348,1502.8433676769423,1505.6460528748898,1507.154978762759,1512.9176035773085,1523.8879731175552,1523.6564056923337,1544.4671916893471,1556.5559387435244,1580.172405852059,1604.2202603533094,1630.0876312282076,1659.6460141098707,1680.4198944722116,1720.5472060760912,1743.9682120933574,1757.1502685000603,1779.915883283837,1810.854363572972,1851.1918214881555,1893.9269252026852,1941.917768768167,2011.020030006217,2070.6210978555796,2133.285462305986,2155.7186950840814,2138.2990569197696,2121.785763057492,2123.8446350328527,2151.094377965663,2176.9362753914033,2203.4229832257624,2212.379064163654,2231.5027548744188,2233.7426580109764,2239.2199277222444,2233.5885637768265,2240.515415307021,2242.370154876574,2249.9321478823026,2253.8426049529294,2273.0328072052953,2276.37343859722,2286.475607763572,2293.503309596887,2310.6347609512886,2318.1193706536146,2308.0281972166254,2297.9338017598297,2284.7303482129637,2290.8235482264695,2289.143834243321,2293.4712357615767,2303.118250157977,2324.4656171633305,2331.822650341305,2329.0781243490874,2335.737427504463,2341.8665087606296,2366.944645434524,2378.487758354166,2389.9363559188687,2377.9334954203655,2374.445197319434
1893,218,Luzerne County,county,PA,PA,"Scranton--Wilkes-Barre, PA",42,079,,,,,,,,,,,,,,,,,722.0741753033827,715.0187331866075,705.6288752200304,728.8538390799462,727.9083899256538,746.2904530354699,733.7158820732901,731.440317530801,716.6940052736161,727.4668459615124,742.118117147585,756.2769621624328,759.2952630453246,768.6056400489762,763.0285709127094,768.1118944971162,761.3936810749487,780.7020923278142,775.22326379414,792.948850422854,778.0227446661835,790.7090675815167,788.2311132567361,794.3667209500645,798.9255619436408,796.8495554992126,810.9952467535769,804.9215519597481,809.1696596499385,805.8809905387626,812.2847664596134,818.1724119070994,819.5237147310254,827.1170552665947,827.8713620082091,846.9231881973739,851.7357770743689,860.7488864651267,856.3768617678746,856.8528291909514,854.3244347602283,846.6585983928495,853.3735424657731,860.2618239134823,865.6818103423756,870.6707726583394,872.5073128560668,886.5022608959665,897.8977008297321,910.9574414573489,912.6068320103932,917.1471825734579,920.5685781237021,929.5244795359457,921.5342990331817,945.6780057786086,962.6741101758837,978.0543885124727,979.2623382377119,988.8061451456247,1006.4776128295013,1034.7984397545433,1050.093042327029,1069.446351848992,1062.737750306232,1071.6671518388994,1069.4555599042258,1076.452617824756,1088.9307423617563,1109.3542670160487,1118.1378385402722,1123.4879274556495,1128.924462721041,1137.8051013920763,1148.3774008349162,1169.5268768359276,1190.3539330919987,1190.3525917171362,1165.5228012433015,1166.1800992696635,1180.3801270916144,1195.105853380066,1179.1748696125712,1171.3949097692407,1187.3820468359902,1206.7738495401381,1210.8850756002928,1209.1305065003007,1205.9141216087899,1221.9023545265725,1212.2144373615274,1225.050030083526,1223.5902792234572,1254.6232336253463,1262.504823872225,1273.1890092586436,1267.8541432243028,1270.8307212135198,1280.009134055041,1280.285928226801,1276.0031594065663,1266.365360451891,1267.4144062911935,1280.6688918441657,1292.1658521604927,1311.1629359882745,1331.0296296296297
3141,219,Spartanburg County,county,SC,SC,"Spartanburg, SC",45,083,,,,,,,,,,,,901.6443416847536,903.0508789416326,893.8854785553162,898.3174194746808,903.7405965400088,922.4510856878981,926.6059905950899,935.0977389033085,932.0496861026136,938.6029273819399,940.0450532749095,943.6465925912784,947.7724848809049,946.9420514645202,955.7546125767108,955.3451918760738,957.0840556896546,956.5221158329624,965.9481126507601,979.6770257689319,987.4242023933867,985.0094411561748,981.8129976541085,975.960013884166,977.9905692449884,981.7505492711845,990.8568083367836,1000.4097181851367,1012.5831974011114,1018.5839801843097,1027.057567126515,1029.5837760811417,1036.5469091053708,1033.6201701864477,1037.347241148749,1037.9004311139092,1038.2452593608111,1035.5253491804317,1039.3258423038076,1050.2697248119114,1055.9415875174516,1066.9803368824794,1071.060702991084,1079.2993706789744,1083.1026697665702,1087.1784707926222,1086.3217009261475,1083.339208724377,1089.320323765214,1102.7953881987291,1103.5208578184258,1110.6620980281048,1109.7491642674484,1115.133681447787,1118.6209163110207,1133.5642683490319,1152.2616860360426,1154.7260869673366,1152.4420163387197,1144.4658403726576,1140.3778093733745,1143.6977138194748,1148.6639193346182,1167.091322108326,1173.0723503062352,1190.5376925199184,1199.5178730161554,1218.8355791207703,1228.4074992013097,1242.2039460889368,1253.462501613629,1264.6260267723576,1268.6465902863063,1275.7856703406087,1283.6141900990926,1296.338076345723,1299.7976904553486,1310.3886621513618,1326.008049256231,1347.133909693508,1357.2723107574107,1356.494957675026,1352.6102341818212,1353.049016223324,1357.4581544146142,1362.4794940582387,1367.0359836270736,1378.9732212162096,1391.4785382645823,1403.3130261895267,1403.1869587057736,1395.5678129854862,1405.025054273205,1412.8265812337506,1430.906720651954,1430.0382251944022,1433.0882460732746,1432.5014974961653,1440.1089269470667,1451.6515504373472,1462.6883644784668,1465.3217456660302,1462.6538441783787,1469.488089957542,1476.580086757859,1475.5347562892448,1485.0808393969623,1484.3378335152133,1492.6845037348696,1474.1642935643747,1482.0792866879854,1494.3530817610063
329,220,Weld County,county,CO,CO,"Greeley, CO",08,123,,,1297.0977036424279,1294.079590933987,1280.6402593366925,1275.198489890728,1299.375343437654,1307.6998725453298,1325.311760266132,1316.2315996636692,1325.5474447648237,1327.1177514206524,1330.6452398105446,1330.0121398327708,1321.5948894878024,1338.0020209055467,1348.3560978792957,1372.173698364668,1367.8418402390303,1355.9569506967102,1358.2579319418364,1364.715340598554,1369.8810261095687,1354.5884362202075,1365.0058534490647,1373.8375591380864,1381.6980009676927,1388.828981777306,1400.7433140092123,1413.562427696988,1421.113787053438,1432.3163447329393,1438.249024566556,1433.3281304777322,1421.5845624217825,1416.5290207884534,1416.5164258290888,1441.1639614376822,1465.681058800326,1482.638646453295,1483.1555779032383,1478.7654708723376,1487.3764210098461,1505.6135228577546,1523.8162380576575,1528.1995880710028,1516.7929207617299,1518.3696194607817,1520.7151336170325,1538.6340192766118,1549.866469435743,1565.356625217966,1557.5837830811133,1561.815571922322,1557.6605290164807,1571.0498269388065,1566.0731713987761,1566.4697535198777,1547.0775000662816,1551.471371702422,1558.3600896317012,1582.9760276649486,1601.3492504938652,1602.6398465603106,1600.2821895164395,1590.3327467862823,1594.8818117756614,1604.8756663460622,1600.1546046357291,1602.6005357382853,1603.7459285789275,1617.341266312665,1634.6451376362852,1647.31566622346,1664.043020208774,1670.0712219539882,1677.7861287862434,1696.4739913721928,1710.528182363969,1732.2326605094884,1737.7480716358357,1754.872715638426,1764.008600308654,1779.6520178625362,1794.9328446743875,1808.947420879114,1826.169356339331,1846.5089232770604,1868.9048065886611,1874.1017032938996,1879.130305136824,1870.515626677023,1865.5675790842458,1858.5464157591525,1870.9879277271507,1882.643918344435,1905.32662486233,1913.5561169158075,1935.1787895722177,1937.4727954589114,1951.0449715180737,1953.489430843883,1959.3699160364797,1963.4869153111656,1964.5006589162272,1963.8822435901916,1962.426745309764,1958.0023747363844,1961.4398857020637,1966.5123448117927,1989.5293463762266,2002.1627123525536,2019.469220972959,2021.3163654106315,2030.8958124324845,2034.6847728984571,2036.7073285627228,2031.7313392568692,2020.3938888117054,2039.264845332907,2046.550579545424,2065.785423708517,2060.8593878378524
1701,221,Fayette County,county,KY,KY,"Lexington-Fayette, KY",21,067,845.1715482721087,842.422638367728,844.1189838818511,847.5066608157401,855.6635696451511,858.085023067834,862.4076024756345,859.4019782373057,861.0446249117336,863.7089495632546,871.1457515354341,871.3413637569774,873.4995555302138,867.4043968328114,873.2371938554379,883.4451088027338,892.8199272234327,897.5234785982597,898.0945558940429,903.7420169482151,910.1449467277924,909.8945903608891,909.6843274450937,907.9254010417114,912.4336200374514,916.216673316225,920.1091525992618,917.6604345341186,917.4598980448985,921.6347413077383,928.8668336849535,930.3644276677458,930.1651431075711,934.5673746423777,938.4195492108402,933.4619246556277,931.9576461781555,933.8159593327757,941.5565285873661,943.8513033440682,951.911127702384,956.4605066504853,959.9803034023423,954.3700094703777,952.0723487450341,954.0084010951629,958.2790792022334,962.0106794400622,963.2403711368969,964.7466627630836,968.2182010585004,970.0352544673535,975.9473879248734,983.1669544266679,988.2518669036397,992.5859707158825,994.1280052162657,996.8119297622319,994.7416452890994,988.0763736640253,989.343144418445,988.821080590467,996.2687904943647,995.4550136170259,998.1428241098271,1004.6980824874347,1016.8818894148799,1026.307399887393,1030.2545684175168,1029.3686302250208,1033.1073241979364,1035.6921414781511,1036.7073126923092,1041.449217574095,1046.1341977596855,1061.4978979905513,1078.914187781355,1100.2604572434664,1123.7769947362185,1143.9010265141749,1153.6231103245384,1158.2478506019236,1162.262086300893,1168.875565803593,1167.6129867451552,1169.8767958915955,1179.9050109067796,1196.4977053843222,1215.113160151503,1240.5007517842378,1263.7115386237574,1273.2265845556974,1269.7310545863395,1265.3038496089005,1261.9798425211218,1270.9547470161754,1280.669500629901,1288.9576323330014,1292.1093799268594,1299.1691677409249,1313.5352974878067,1324.5746988194471,1331.0135153313352,1345.21766667644,1350.7800136209064,1350.2825637724402,1350.104828981291,1351.5734139135088,1356.0988107231922,1351.158300160693,1358.0447909004474,1368.2004519236673,1381.0122517823918,1392.7637715576222,1408.8132258345431,1426.6171916049236,1437.9170062486203,1441.8656430132726,1440.4705915089091,1434.3689831819934,1429.6444545026359,1431.7931789671727,1436.3433708560249
2775,222,Lancaster County,county,NE,NE,"Lincoln, NE",31,109,,,,,,,,,,,,,851.5533957473954,859.145813926738,858.5741972679131,863.7704510682029,866.1080187344364,869.6855340553798,870.0838452389611,875.2081696231893,876.7820315138291,881.4912877565633,868.3970148910192,869.7566361085542,863.241506297714,875.9373142391539,882.2379425305479,891.420256788045,893.3353450949965,899.4675185634192,902.9285891539629,902.6234568909586,896.814697872625,897.0756353414358,902.9986449925015,908.1818695824952,906.2628263992691,906.2732566634932,911.7587072495567,923.9153501785739,932.769463650937,934.8084262742021,935.4886011384758,936.5653014407084,932.0632453412338,927.3959655682753,924.9529751873239,928.8597437725415,932.0744354560142,937.2905550002642,942.3694811140206,950.779910443844,955.2642731655578,963.0465360023495,960.5812265275127,959.0889652886094,949.5949814891305,943.8483805041708,943.3101570074293,943.8090680773432,948.0945234855462,955.3264883329123,967.8452913498666,980.5732627590713,983.932002266303,987.243543942337,991.6301399972215,998.7263065896701,998.0763142177244,991.7080035495875,977.9098582294843,980.9410565952664,985.7824114737872,1001.1672319664832,1010.7735141718796,1021.7979298039768,1034.1675534604017,1043.0400712327594,1054.111727034278,1061.7884950695727,1068.628144541105,1071.5764676107758,1072.4950972812323,1075.6285607170444,1079.8251364674445,1084.8085299602378,1091.940318743936,1106.7600424557193,1123.503656781986,1143.757877961388,1151.2282712329793,1155.1098207362302,1150.428237491418,1153.96333913422,1158.5981176909424,1161.470844075696,1163.8223704244378,1170.7096067973205,1181.6131848290347,1194.3272880789461,1202.326690242345,1211.5495675109728,1217.1460214777007,1224.566004501468,1227.3265738638213,1225.1055255476042,1226.9397317843518,1228.77732543364,1233.3157481382939,1239.787832334742,1248.8502912427589,1260.2320653831443,1269.2498479841017,1272.5350742555945,1276.6898406296443,1278.8223858847477,1281.3274061343436,1278.3760205767217,1277.1957434858639,1271.9281698015716,1282.5214050223776,1289.4015343469719,1304.1590141866002
999,223,Durham County,county,NC,NC,"Durham-Chapel Hill, NC",37,063,1031.3311325633908,1035.4033406366555,1045.3299410023817,1054.8871255725535,1064.353975424599,1067.838633669861,1069.0001513909767,1062.6783077125951,1058.5179360332993,1058.5983229673411,1066.5505759194127,1073.8647038912736,1075.398068890115,1082.1290937808235,1087.9692024575663,1102.9948311568182,1102.5583220373805,1107.7059700548348,1104.988105979293,1110.9549761600067,1110.7830162927664,1117.416820418152,1122.8268819360123,1129.2563194812126,1125.3008943355335,1131.7142956302305,1140.6567913482183,1152.9522645240422,1156.2891669135904,1161.882000202732,1165.9521320197632,1171.9351566235373,1173.964113440875,1170.9376712076955,1161.9322461859238,1158.9182418204687,1172.4975652631958,1184.6675954213108,1195.3398518040424,1198.2196268584632,1206.048501945862,1212.4772511029178,1215.549159136585,1217.8542680699632,1217.041839256593,1213.8905032677828,1211.1519589763911,1210.9133928288961,1222.0937387246906,1233.1870046203903,1246.8291901737077,1253.8835299186658,1269.2656538382266,1281.315858964692,1286.7278291201044,1279.3911537999697,1274.6200211109428,1265.257498490634,1265.1275725693467,1263.8981531588365,1274.0889497109067,1281.1954364462674,1294.1655801062968,1290.3340975554822,1295.6649836805548,1290.6130362879048,1302.440772466603,1302.934946101791,1307.2698181648432,1300.5480802053848,1296.1751444924341,1296.2169031649032,1300.5023979549012,1308.0989972456948,1315.0765699637798,1336.5184134002889,1368.2786049495405,1412.8750836725555,1451.3467638343961,1476.943362909944,1498.3926124729094,1505.1482981445592,1507.4093800642572,1506.0123805511894,1514.5926774249556,1533.0747810878809,1545.5033805820015,1562.9528199586855,1587.9602364662285,1620.0563914297697,1648.9971878746278,1654.310885851009,1649.439262481065,1634.2246125191705,1628.4991333875485,1622.3161693495251,1627.1864131445082,1635.7057815407693,1643.4886404390456,1652.9188842504293,1662.6349547852005,1675.248514598695,1673.7279123766132,1667.1055200122767,1648.4278295652923,1654.9028243638954,1647.8962363605747,1651.4596763308807,1641.9319007252523,1653.1085627233633,1654.995880612801,1671.567916364237,1672.8838626604966,1689.418126982728,1695.4574510191517,1704.1476781945485,1693.3511351786674,1677.6456399673607,1665.7947898890784,1652.2742955879783,1650.4634818654667,1658.0024254444106,1674.611756692623
2259,224,Escambia County,county,FL,FL,"Pensacola-Ferry Pass-Brent, FL",12,033,863.5393237691711,863.6023578144002,869.5591353475977,875.712183914306,885.7169890902218,886.8482335833022,891.4185306223535,892.1936533695446,894.4340921792843,898.2286285196121,899.1555939009114,901.2262960147059,900.5696552553538,904.7321893780203,908.5818887497404,914.320221200371,920.9518364207967,928.0018669854549,936.2099050525532,936.7982462782672,938.2586520824548,931.3023015587069,934.7168424596856,934.7416498194264,941.537197673728,944.3668719380231,949.7295935247271,955.4635113343252,960.0989867951068,964.3839138170669,970.4234130841779,979.5507836240018,986.9232288303533,989.9130825329004,991.5868196547747,999.0384686872601,1006.3400162826277,1008.7834335305921,1009.1960975330418,1010.5590556347826,1019.5695058744351,1025.5575448981674,1036.970080343654,1044.4044268731202,1047.791332466336,1043.228020124811,1049.4143294679534,1052.3969873662659,1061.9877509530436,1060.62542732969,1072.6923766976429,1079.3044705751151,1085.192805912717,1087.969087304109,1097.0217835060691,1107.199893931398,1117.382026805933,1120.5443763968992,1120.6263356932916,1115.4542232043527,1117.9144470467425,1124.4922322184827,1131.6739869171797,1138.3327071839399,1148.979962173272,1164.0777322389706,1181.4803667001977,1193.2052333153695,1209.089924319713,1216.8799747141738,1220.886078591603,1235.324393191343,1241.7275599043348,1267.0337576224024,1279.3316471773383,1327.6002394073116,1363.0662258485017,1395.3239589732327,1430.863120926428,1472.875940150691,1515.5517860893851,1524.4683485574376,1516.136112037223,1514.696765644649,1516.1276104264402,1528.9432685813053,1538.6226489341975,1547.3173860684149,1563.0546344241898,1578.0690961746977,1588.6398393233767,1599.540596905468,1611.6013807894715,1611.122322640141,1597.1511916739805,1577.3727636144677,1581.7887049876185,1584.7512283858446,1593.3504885685015,1598.7525654851988,1605.074773322935,1608.1786177303632,1611.234019661157,1616.2719722343725,1616.0108770979623,1612.6351946686443,1608.4577611757036,1617.3360727529182,1620.7760633622445,1631.458285670975,1634.9379914219583,1642.3237194399499,1650.070084777348,1656.2918356217876,1669.504405558924,1683.1411506270167,1685.6889109053213,1685.9908490566038,1678.9946127170028,1677.3371856283254,1664.9687128800933,1662.1887924659834,1664.141100676013
823,225,Albany County,county,NY,NY,"Albany-Schenectady-Troy, NY",36,001,1045.666548087605,1059.9457085995405,1065.7445112866667,1060.3675212466753,1058.6917220537898,1058.9022477934952,1071.701591507191,1071.5183664525407,1082.7601368669443,1054.7217364515222,1065.5491897834959,1074.1579276264881,1096.2226744320421,1093.804981302595,1099.5769335028372,1100.0077581537946,1101.2522056374744,1094.971929202061,1100.8765584493042,1110.8348319130507,1114.424229520604,1118.1709826856802,1102.114212572594,1100.366186025603,1107.273121851044,1125.2633931600494,1132.3280368983053,1138.7680198516057,1140.2423235086767,1143.1213351511253,1142.4036837623228,1139.8150691799822,1135.7442684879722,1142.4542322774573,1148.4984168310841,1158.357820658325,1168.7518634694095,1180.7930751049842,1187.1931379113505,1186.4491321010853,1183.9385493970074,1181.8446859157466,1176.7690683885232,1172.6589651308548,1173.8922218805803,1180.1147260717119,1185.8961152323427,1187.0367295499286,1191.518732926847,1192.3845850870443,1205.153603327367,1207.3180014250647,1217.5867564330924,1223.1486857501736,1229.7653719054367,1219.6022615465354,1207.8947407167711,1197.9925584242412,1202.3736653475792,1212.655412338403,1222.9793806605537,1243.6983074864424,1254.957061385606,1259.1903953269045,1251.211387362785,1246.0261655072065,1251.6833714376407,1255.3292150887933,1258.079732548258,1260.4241703704395,1271.053403137956,1288.98720537403,1288.8196793618176,1289.1727394823808,1286.9691636787804,1311.0264875977139,1325.2090463842126,1348.8785540248448,1360.4193441008958,1375.9667116435419,1371.7005354854869,1372.2034652042073,1374.903211002584,1384.4521473862924,1392.1514539477364,1398.9624362927693,1403.6785059844597,1399.922074266983,1412.1808689457698,1423.8409215235283,1448.41363646478,1456.7001770173083,1467.5455112162758,1459.3429260967775,1459.0609627265428,1466.769943609926,1472.952691902786,1476.8769884287758,1476.4886776462913,1477.7401543748972,1494.6667898914925,1509.8876764780223,1530.7998693449565,1532.3284313677077,1538.4552152185372,1534.3933840127663,1538.5799303475249,1525.1194898726596,1545.3845363133553,1547.5332582298242,1565.2069347533536,1558.8848827129789,1566.0920019778666,1576.3077784059897,1588.076446838278,1602.1645893151826,1601.6613858047442,1602.1885095194316,1613.198240323686,1614.5017290053918,1612.509279473595,1615.187382012413,1628.177102102102
3013,226,Rockingham County,county,NH,NH,"Boston-Cambridge-Newton, MA-NH",33,015,1310.3389293278437,1321.6263820361003,1334.260895774512,1352.2522619027486,1364.2582317471915,1364.8434543251465,1364.1079084282676,1387.2025082207872,1366.2013320758572,1371.3188822101333,1386.472913531584,1401.2096831959539,1405.1934345584523,1397.103104911716,1428.5190758189124,1428.1717225773534,1432.553626593151,1444.7592869325254,1485.2327597367234,1489.6236252098902,1487.4024106739141,1478.1160082973092,1487.4734751009157,1481.1040903869787,1488.256133554279,1484.039292078266,1501.158070957135,1521.177939971791,1546.8360300802717,1550.1945270795288,1556.5603306461107,1554.5242400507373,1582.2646586927315,1576.4122559915718,1582.293046034319,1540.5802651419772,1541.9194103857255,1542.9689494993515,1577.420165111831,1597.5978863493972,1604.4332684547178,1615.945773402081,1628.1067965676225,1640.4877170284506,1641.2427787489667,1638.2396115468566,1628.082356628699,1623.7201361527866,1629.3266455691937,1634.9089703534273,1653.716547422149,1651.4075583609238,1680.85027429193,1690.1838822290435,1711.5546071659296,1726.0799663389134,1722.871828389608,1724.5676705132685,1713.1105707184913,1720.446556927698,1720.3426077638785,1748.5407584834638,1768.0086777245037,1758.138953503218,1761.243814380746,1768.1004793665581,1785.65675715062,1775.438925811811,1766.247594686122,1789.7593698356916,1801.44254717547,1829.614749050966,1825.4433156907123,1822.5596866646538,1816.0323301269902,1838.8452901506978,1895.0612723642487,1956.355337788673,2010.3912272531265,2034.03264055618,2042.352631046648,2047.7069198130773,2058.5644356563116,2079.6968519690754,2102.735660393427,2111.3095220604214,2126.299361809439,2152.8219771787158,2196.6972393989195,2228.7649436382403,2254.6483799823036,2260.00625053674,2248.4958940662996,2232.5136956420665,2218.4805235779468,2192.3411808503306,2228.6023065763798,2242.372258235,2297.659782711606,2293.7826777758964,2316.0223673726905,2341.5006521345285,2350.3101912544794,2355.173279580482,2355.67610508668,2349.5190095682815,2356.2292078991636,2336.8703219876847,2332.430855105901,2358.1151115972148,2391.3516033586484,2438.7908273177545,2455.5592492611254,2479.452401615382,2502.1250953188646,2506.123479317827,2516.405631299299,2489.2751104923955,2475.8403444785745,2463.0040767001346,2460.3645621706855,2474.627048303274,2487.5090601757947
1150,227,Lorain County,county,OH,OH,"Cleveland-Elyria, OH",39,093,718.837432107764,723.8681415689817,714.3307509011945,719.2315452600392,715.4641781818332,716.4722940350381,712.916478859878,719.3364035504321,722.3653942450047,724.742950670204,729.5910214744108,736.5214849784782,741.5651101172559,733.8625994787053,729.9608915294846,737.7092864502042,745.4602450833974,742.6295146778067,729.1620225568455,729.1474261195457,735.9906197139047,743.1645324114114,744.4903645510825,737.2662436133046,740.2857263915673,744.3665399507223,758.080114579752,765.1181400462339,770.2331724137304,776.8685981171035,774.6371819897653,772.5818438824975,769.4574677720003,762.8253604789148,757.9087950451687,756.8822197153339,770.5076195933658,785.8574004898471,789.0509817665309,788.8363120375975,779.9180154296256,787.550841659781,792.4604802214915,800.9459253822683,799.4362327939162,799.4135129100322,816.3934800475761,820.8105887759828,819.6073323035046,807.328621745788,814.1464988176319,820.3863666575066,825.3472868123292,829.8725125948371,839.6746422327569,844.621080473669,839.5788728128193,841.3199851722005,834.7647202170461,840.6251531538835,835.79637138297,851.0314779161595,855.1781892920873,865.5837976228573,868.71224873414,872.5896572174262,874.6389335551527,871.166828209363,880.1348220199019,883.2592952446491,897.3384040518182,901.3333519635921,914.9853613446877,909.288298631949,920.5410128481558,922.2892136050649,940.7570019777052,952.9085508331211,974.8048619017931,989.8755664538226,1011.1590372024108,1023.4552117264531,1035.4535370241606,1025.6860224580744,1016.9348028478473,1025.4761337909251,1034.9232531468142,1042.154927136843,1058.0943597056253,1066.4802563042963,1074.850301269966,1074.1953955252882,1088.7100094429998,1105.8877281428533,1108.115449511809,1100.5464316735226,1092.9760711670644,1104.608285885879,1114.6486981683581,1126.0222282640398,1118.1536746538045,1125.6417172720542,1146.9615046372464,1155.8135825384975,1168.2049851036882,1174.9537831973973,1192.620990572741,1206.9897580843385,1208.4378865655049,1213.9586822002584,1214.9046794808485,1232.2764064267133,1233.7872604143297,1227.033314738826,1222.491771636387,1240.4502205786848,1250.4414420991,1246.3578414715823,1231.564467695836,1242.4337733973703,1254.6702008810237,1280.0788294447289,1281.0752567693744
3112,228,Northampton County,county,PA,PA,"Allentown-Bethlehem-Easton, PA-NJ",42,095,1068.1182091193489,1071.2883101595833,1076.5885789011431,1080.379658322133,1075.111200518827,1089.5372186189634,1094.8028397808264,1107.039854057461,1102.323167545683,1103.5084233394898,1097.3077377928096,1091.0487566397073,1095.7115934999022,1109.098775200502,1113.0986921114163,1111.6452654700304,1107.0250125297212,1123.0240354893326,1133.1673451967529,1138.2509520492652,1133.5907818958308,1127.1269401197576,1134.6773439943704,1138.0233798047725,1141.2837428265448,1152.2214487189142,1162.4361927947286,1165.6241683578473,1164.2922817780582,1162.400093244263,1170.7755405122743,1171.9847197202018,1182.2733168036625,1185.5864478536732,1190.3923494162937,1181.9688370196352,1181.8702023324015,1182.4522405010707,1199.4094843725493,1206.857768428116,1216.9757947355995,1207.053054493262,1219.911818947589,1221.7509140461336,1230.1949599372113,1216.530282043739,1212.7356581697036,1208.87758831703,1215.7263494523688,1222.0717657681585,1235.7403846622485,1249.9468232876156,1258.9101209760465,1259.609193334127,1263.7290863723492,1262.8789745867068,1274.3863597400705,1265.09808169083,1272.4468454581047,1275.2092758859187,1292.391925925441,1300.7542603907168,1300.9685399057653,1298.614495961177,1295.3811313667143,1299.7631148323778,1320.102886358779,1337.8715049847183,1349.6887729016714,1363.614985503256,1380.09196513544,1398.2763641633828,1395.442482950247,1393.8907799872918,1421.4648076786552,1439.4588813961464,1470.9605943118454,1482.7435904042316,1515.1126006934444,1532.174045369474,1536.3572166769432,1538.8684365922015,1548.229254314967,1587.2240326257272,1594.690529143895,1617.6731076339975,1611.585600754273,1642.6249820847204,1649.4201732134836,1666.5950124555047,1670.9634554450834,1682.5974061359912,1672.1315291872345,1669.0271212718005,1661.634620297783,1672.399940218713,1681.9869161845218,1714.5433538593322,1727.4384453610596,1741.4669201622546,1735.9707136894601,1747.8490334772596,1755.8877982801332,1761.208787485313,1765.0103545413513,1764.4245666251452,1768.9681997145703,1753.7730311343194,1752.7409876946374,1752.8059323401942,1780.135295862483,1798.7901490794711,1807.720645693127,1818.5557973362068,1833.546419592257,1839.8083585844447,1857.878343311459,1829.9462694210697,1842.0744204224663,1828.097774560615,1848.0799451796809,1840.8589415749748,1845.4216269841272
1922,229,McHenry County,county,IL,IL,"Chicago-Naperville-Elgin, IL-IN-WI",17,111,1198.4682575682673,1199.038712773386,1211.2466313132393,1221.7425113462457,1232.861027687221,1238.2764944795422,1234.7512683679797,1240.7264900850319,1239.4261356937204,1241.937189459889,1241.3102271856808,1244.5506882844002,1243.9845531247583,1245.5663369929377,1250.4308341994788,1253.4849613895267,1257.7046968420966,1260.3037696269887,1266.4284770368888,1267.2627194739875,1265.7112992207537,1265.8972740905963,1264.063011000307,1264.0406511352296,1269.5031420481453,1279.6863923502851,1290.1601249114847,1295.1793041771552,1302.5512148402004,1303.9477825367305,1314.6433401128534,1315.9247910421195,1318.2290311752492,1308.8189126094728,1309.7500595893023,1309.2310287016605,1316.9395425153982,1320.762592236527,1327.7177580257026,1331.8507801676146,1338.0355801508535,1347.87704283038,1352.3839175404762,1347.7778798540016,1347.3909188423509,1347.0572458110653,1358.5154369761042,1357.1286286967907,1360.8484692512334,1360.650952747742,1365.1499173958532,1378.0938849904408,1386.6701647412535,1396.4039215829523,1398.8360830456077,1395.2714005958956,1397.4329441615287,1395.723724804699,1399.3482600174252,1390.553937196706,1392.8029820010497,1396.6480114411645,1408.4798799237858,1416.1202713138027,1422.3617612005362,1437.5749240988566,1443.562518216079,1452.8283126048666,1448.977404531631,1443.7132776765336,1462.929988347983,1471.3910320202567,1480.6647025265952,1483.5352286485834,1487.2476378037686,1511.7672442422152,1521.4163664139037,1553.482545302779,1565.7810047432886,1582.478224229662,1587.1165208488123,1590.3834209232627,1593.2483614720886,1601.2360169502713,1612.5833413043486,1628.4754887970066,1643.518754549945,1676.0659594760493,1688.2214747159117,1703.3122733869966,1705.5290061417993,1711.8679902351914,1716.5790003304173,1706.8208436130988,1701.1890407413923,1697.8014057298135,1710.4847135393618,1726.871914005862,1754.457835346587,1775.4284261167845,1785.7054139684708,1793.5987229194725,1796.0648006561248,1808.7819268754072,1817.7996352817713,1834.7133743695001,1836.9464360136435,1841.2658867051887,1858.397552159636,1867.7002989446025,1889.6749431001415,1896.3164214424237,1934.0431145453165,1931.8784789093263,1951.2113062869605,1962.8416957344475,1976.4497824086288,1998.0433079513384,1979.774266291411,1983.4339255328402,1987.3473315121898,2018.930733241555,2042.6668192918194
1891,230,Lubbock County,county,TX,TX,"Lubbock, TX",48,303,983.2001092743315,999.4306867604311,1013.3342783750466,1027.228872022182,1031.1945080198925,1034.7185397579676,1036.7171442278284,1027.8044786954092,1028.5490399315913,1020.2902923886959,1023.5719618039922,1020.4933406905033,1023.9530000046608,1033.2222907322032,1043.7230078164814,1053.5549767358368,1054.9112670269378,1054.7539268808987,1053.8355266446154,1055.7410481450904,1049.4759555277267,1044.1181338739134,1035.7776391883397,1035.0340058466484,1038.547086729489,1048.2451365948955,1058.1805563636763,1067.83361185321,1069.4067028373101,1074.233363730203,1074.4941093883024,1070.908114612966,1059.4333863099682,1052.5524089443218,1052.743042070838,1059.2464509087313,1062.3451661498561,1071.1258994506827,1079.1746079288673,1086.5952921777784,1088.6833106562576,1089.5548505786257,1085.5512450835788,1083.694334093881,1076.922566780075,1077.4192671895448,1075.0734531442101,1079.6170107467317,1080.129825724357,1093.5850839934283,1101.6953554781498,1113.2449304913641,1108.1836825520995,1109.9888046273745,1108.5035649799106,1109.9581547946195,1103.9070278802058,1103.4110566597585,1098.3108315026607,1107.806982916576,1115.4785272945055,1128.520302644021,1131.3179111606808,1136.3891345025127,1138.2972424404863,1140.384154671936,1143.458799367134,1141.9887281051158,1142.0566770497942,1137.7232034872493,1143.9986461457029,1150.4042720009081,1163.027658866497,1172.6905321928764,1186.2086726072926,1194.600210664024,1214.3474502157835,1219.7900976140368,1229.9588202310063,1226.5550313786966,1239.4368679197294,1238.7247373706662,1236.097937545114,1239.3734492094895,1253.774238373735,1273.2161409469043,1286.1068828850666,1294.292029453526,1298.2334913541238,1300.8829333049061,1305.295741986928,1304.7193116154822,1302.188819183727,1297.63526358824,1307.9518794768464,1310.806455667835,1313.8633596733152,1317.2029518332085,1320.1558626429562,1324.3543344719658,1323.434791227787,1324.489027067509,1328.4217928543458,1332.8631306430848,1331.574493901788,1329.4751156959544,1321.4272216738948,1323.5201895059517,1323.3561932037624,1333.5777815107047,1345.507286320398,1349.737882066637,1355.0502321916945,1355.8678404574032,1365.0111342700216,1361.0927869345676,1360.0740032629817,1355.7236801306653,1357.2455087417961,1360.5068197575738,1367.4911311431565,1374.39448045567,1377.40251731877
3269,231,Saint Louis City,county,MO,MO,"St. Louis, MO-IL",29,510,842.6347700163499,847.4735774904278,851.5871738862184,862.3311149156276,865.8195273735588,866.7562661366663,866.6435616404078,862.0169592089354,862.4860620084921,864.1579491877171,865.4864583303237,868.0351914847813,870.5220050408178,875.0637779747816,874.6985492203477,878.9781392703994,890.2700300100948,897.87561383089,897.1009090601146,891.6393457821372,888.9066302343175,891.7670803135466,889.970565231673,890.9717057622412,891.8508759631007,895.1959651746849,904.832918730913,913.1597119097512,923.893257227668,926.0359073066766,927.6263685360609,930.4394277352598,928.2834237403574,925.5675057609864,919.9232949537956,921.1471412299801,923.8691856058456,930.9310518934025,939.3062839771011,950.5314367187675,958.3126173933846,961.9028546631457,959.3222362827462,957.3221913446195,957.1730709123935,956.1193021148722,954.9482814648755,952.4995617725524,957.1117780597559,963.9341007881891,973.0273946222098,980.9012657859056,987.697294525419,996.7235553540669,998.6306318055495,995.6040464019788,990.8375471926983,987.107331757448,990.5571582961336,991.2772371455003,997.7840247798747,1006.788210372972,1020.7632194176211,1026.2746464264224,1028.8840861187684,1028.7328735376086,1034.1006402498026,1039.3137180766296,1045.807826797704,1052.5314733547848,1051.3873279737045,1049.835865023864,1050.0419747020903,1058.4194788514517,1064.3305047698948,1075.5912021636843,1085.0668564094199,1091.2591380872313,1097.0953469166263,1100.9539031964828,1113.4754331655297,1114.9917616579191,1121.2565730437711,1124.168747609179,1138.3422010978336,1146.7685306169753,1160.7774375921294,1173.8409758269286,1192.0530442921986,1206.557094835037,1216.6506844861706,1225.6576144548228,1225.5390467169789,1227.9745506975682,1226.9945377545014,1229.0671114385505,1227.100011194253,1224.961814925736,1235.3204752251288,1246.154889808248,1262.0524287008755,1264.9553179444226,1268.734417983688,1267.484622234768,1274.8983722325836,1272.6343682704976,1273.2304472813953,1268.3848205195632,1272.8821884322947,1279.6686457883711,1286.9170529497696,1302.5029072179277,1313.3120620451646,1327.9180247606291,1330.1380972616453,1330.518679419088,1328.506750685493,1325.7012534690932,1329.563311694665,1332.143041293204,1337.7754307558544,1341.1549035282978,1342.9436468936467
2911,232,Cumberland County,county,ME,ME,"Portland-South Portland, ME",23,005,1287.2867301650983,1286.3043336799399,1292.5266139795558,1320.31618074559,1334.8575295996432,1356.711543437604,1362.8971834998633,1380.8176747688315,1365.1300594455442,1356.8285276511106,1347.4216203200383,1348.2809395141194,1346.3159424045118,1353.3606024075307,1382.929902763964,1420.028783972016,1431.4627268809106,1439.572824241975,1432.7132838266912,1460.455957686254,1462.3343050778965,1453.3633670413292,1400.8420423392256,1395.237114281907,1399.6646240267564,1419.2325274036134,1436.4176686723258,1444.8577843147282,1468.4427266922921,1472.308312081289,1491.8227671135926,1489.16834454614,1490.8729296224635,1485.2284152664706,1474.6191568624029,1453.051509026341,1438.5418466805547,1460.7783966229817,1489.6668863352372,1519.6534642457943,1522.8252121890348,1532.1991273567685,1523.3973883245478,1539.0540916661926,1542.49390058014,1550.7179623887828,1537.0340530892254,1519.5384962527332,1517.2513254293808,1536.3189840663092,1561.0236107400517,1595.8675281819442,1604.23057291106,1617.2894304565812,1622.473082585134,1611.4923589366927,1602.3522273547544,1593.2244654460708,1590.963528321509,1582.8880256209911,1583.668942141621,1619.2457712995372,1656.6482872608244,1669.537160774706,1662.9682956268862,1676.3547048177873,1698.2265248262615,1714.268535988661,1715.7706893540235,1723.969371423113,1733.802731327462,1729.7871821265328,1734.371556633194,1756.068517944065,1787.3916189733775,1808.4260486825442,1829.6672215599885,1869.8029544724034,1912.789970175421,1941.907536672789,1946.1661491907553,1936.9938992792186,1934.2356102851152,1943.7239448672894,1958.257798093301,1966.6469249961708,2000.357705724474,2028.5019999189378,2077.352913764963,2092.3460495221184,2120.0919844396485,2133.282199378035,2135.8993823215205,2140.2861065903912,2122.4204137257616,2102.613431238231,2081.1695632971355,2088.315889461218,2122.3088893794225,2157.99747997316,2181.065591270833,2199.817390811863,2221.728233294474,2229.498017757881,2228.435740032257,2199.6582015843614,2195.864677950477,2148.1226414121197,2146.389588432205,2143.9220917045322,2202.478928538533,2239.262718843856,2264.496330955978,2271.6146193428094,2292.657965342067,2319.321995971459,2331.287299938571,2298.8418498973524,2284.7820407048757,2267.8493755282634,2275.6216289526847,2270.1210890643547,2287.3048560135517
2929,233,Gloucester County,county,NJ,NJ,"Philadelphia-Camden-Wilmington, PA-NJ-DE-MD",34,015,1426.6034555596557,1434.1244543040389,1433.012263146643,1441.4073506946613,1445.9752872912618,1442.730484141954,1439.7242235367205,1437.0456040133902,1453.0039388493396,1460.8395470149603,1466.7068382281677,1446.7109289474697,1428.5085299773266,1421.719241900239,1449.0300365035382,1475.2451141526549,1492.2867173111463,1491.6966706544536,1480.2705425552385,1475.9269862539356,1472.3127672855921,1487.8267767379725,1488.2359715590121,1482.632431381848,1488.6648115845758,1498.7358684966998,1507.5397593661653,1505.5650336438796,1513.1980444874036,1529.722897766294,1534.4112271107322,1539.4264505446893,1546.4335653477394,1552.8006102472862,1566.807622818205,1562.8716839433116,1564.2373009010723,1567.6831276868802,1569.2938058760765,1576.3358728730618,1573.0556974135927,1580.120774603325,1583.6499475448813,1581.340284466984,1578.3651619157008,1589.957606667423,1587.4315424191625,1602.4088268987148,1603.2506236323313,1616.0539960723431,1611.786953149516,1615.9845116908616,1628.0729486588116,1632.5019600355547,1639.460198107983,1638.3003198067238,1648.8798010663559,1676.3537448361637,1695.4186413565997,1713.5633534126198,1702.0670416010712,1696.4517807762918,1694.710777913826,1690.4438209351445,1673.1450788564389,1658.7774548966956,1661.6347711152464,1698.917564277011,1755.807314184931,1788.5846220687079,1813.6914510750319,1823.0619738657506,1847.7184437229625,1849.0769360704521,1851.7899786099167,1864.0029147073042,1884.873393336084,1936.8173801993535,1973.2943116667868,2012.9701631488792,2031.9424149557285,2016.7911818128964,2019.6316056139362,2016.1995291714888,2066.463068225559,2093.835268536062,2104.6625170769844,2097.8534317544318,2108.801385027372,2153.429233183421,2211.4296041281646,2267.6446300123916,2283.7778795750655,2246.3434103954683,2213.5359928748117,2190.3114994765624,2211.522160523728,2220.273696883259,2232.551588306086,2232.680181632455,2237.9423569563646,2345.4470459051267,2392.2158709819664,2450.3645452638248,2389.517009117039,2361.1111558867087,2345.530059343523,2332.072867331195,2351.254740377061,2369.7504451262466,2392.4126378859646,2424.125804266229,2462.3983675962922,2513.114577803696,2534.5687303707978,2546.430000093775,2528.796339175933,2531.0107265376714,2518.033552389743,2528.069846322305,2529.1673330234585,2527.500476113159,2510.368870895187
1057,234,Greene County,county,MO,MO,"Springfield, MO",29,077,734.5245916429284,735.7504679234039,741.6184230518828,743.1862497942064,750.4745278714638,747.301337967699,751.6099196837617,751.1378396344603,756.1268506942638,755.0916400608851,749.1713584134753,745.2966140406212,744.7168241789788,753.8987145812142,757.7014279776582,764.2241338163185,764.295706499436,769.4383133579895,774.2423981305252,778.1553793827732,776.8906384272055,776.790433328221,772.6425250458078,775.9604901256574,776.1214676371098,785.6812386639588,792.1183282004927,792.5265086997841,792.8595393795541,792.757525572939,800.2469365921071,804.7624139201129,807.8561768431568,802.1620986688729,800.8202946331124,781.741220041014,778.3797623819962,785.9614974520327,809.4238859887405,825.7642278206113,823.8236883116685,831.1206336370078,836.1270613807131,842.895337656242,844.4643041106629,844.9816751256847,842.2978342119612,832.7315669876743,832.0298954046908,840.1309463300801,856.1357213702861,866.0952765880143,875.7377203234879,879.6648449098117,888.7840036146315,889.1364354028506,891.4378196966576,886.9678958789505,887.6013258905613,889.3310948732436,894.3902769681707,899.0256550486529,909.7798419916379,916.9233647744553,923.8452876976173,935.7293019466643,943.5576252291818,951.5912973688813,939.2175218544636,940.1642176442186,941.1256616166879,957.6484065795962,969.1452618903515,987.2514203800932,1002.0820846652334,1014.5416069621666,1036.1657822383488,1062.3798877386062,1091.843363050241,1095.553430795359,1089.3548341604148,1088.3816319111818,1103.6775694755759,1120.530298685658,1125.9874778416454,1123.14333628562,1130.5868016099203,1151.246694368383,1171.4547266297575,1184.9223605486911,1184.6928096656707,1194.0280098243802,1197.1372687527737,1202.3240302042084,1199.460312114898,1201.850456011753,1201.5743928656805,1200.8163543784692,1201.571952829218,1207.8286496819833,1217.6081359534842,1226.0233880967849,1238.3952277805129,1241.9162841210014,1246.0267325789948,1242.5288678007767,1234.8767104072078,1227.5876579442147,1229.686662163506,1242.9481742923274,1255.0061699226692,1262.2788541270722,1265.367477414013,1274.5349697696352,1278.89481449037,1293.610171993057,1295.4989949266817,1295.3936982753771,1282.6203203959194,1276.7014750725561,1281.4926568546332,1297.5715863113126,1313.9887381275441
2255,235,Dutchess County,county,NY,NY,"Poughkeepsie-Newburgh-Middletown, NY",36,027,1021.0270972528327,1026.5492973956734,1050.542376585997,1048.8274658448513,1044.1899380009638,1042.4362916228479,1046.4960522605627,1076.4647496742127,1089.2088149081978,1094.0449175680915,1058.4428678283198,1069.7399466909694,1084.0456766633163,1116.2948628444326,1117.8856616950525,1116.8883545196277,1119.6745550116245,1120.5975911380276,1136.9021692477852,1141.7041191866242,1146.0663443179112,1127.022246587341,1095.6966998553698,1088.3606594027297,1105.3477288074148,1144.8793116916816,1167.688627489569,1181.8947816711252,1183.8770729084572,1200.3834698746239,1198.2308912807082,1198.2257506460994,1181.3668839331713,1175.828040982976,1180.8566441557584,1189.8003014070573,1219.3331618717366,1239.878878373168,1254.2786953679138,1249.3402680754361,1244.3259201220917,1242.431796934052,1246.2249082118935,1263.3219294143926,1266.1542741693852,1272.354304917704,1267.014101907982,1278.6783074609095,1291.076750275371,1298.590844919999,1303.3937368896948,1299.4421843890843,1308.8188138969892,1317.9962528096144,1320.1545361775645,1328.737903953509,1337.2047700981634,1342.203068409545,1343.875782223443,1355.9648608677576,1378.9960796435064,1396.8125779099125,1398.8551538854463,1401.2626094337625,1405.8635209455474,1434.650121236503,1458.3857007573545,1482.5225368554998,1480.9654539689293,1525.428273187949,1565.3181108361691,1575.5895505702,1586.4569721936305,1540.7945214933363,1590.1194835887907,1575.038158722082,1660.1877707154838,1654.0820955934148,1699.866291614364,1686.5555294259013,1723.0921733893617,1732.3961688820048,1764.6613936702736,1763.0553721100396,1776.5903888699727,1776.045187139056,1813.9548748181708,1814.7394243947408,1824.5415542580913,1832.1965797002451,1851.929100872892,1862.8466311016143,1863.5491094404438,1870.0178120702046,1853.8912541893912,1850.8250735077668,1858.3804813525487,1893.8544953602268,1919.7344051859973,1947.11490833212,1970.4109559082733,1979.6545251281125,1967.414937526592,1973.5731462379506,1968.321278519473,1982.2269605592755,1976.4483015384812,1994.839106236787,2005.1092823078138,2016.6463807746038,2019.1310656909106,2026.658436967723,2041.8548675116635,2066.3784322915167,2071.5781553527327,2090.7806820557826,2096.4839160601337,2121.807170291461,2094.5547334794037,2069.5957468057386,2090.3646625477513,2104.3021065384196,2147.714472455649
1608,236,Chatham County,county,GA,GA,"Savannah, GA",13,051,960.3522490588666,962.6858933423217,970.123449935671,982.9405108622365,987.749843390016,986.9625184131806,987.110967536273,990.1999912512372,996.3648944576199,996.1186789502395,995.9945214182551,993.7329290701514,996.9979378430609,1004.5995829978034,1009.3711282517456,1016.3307828391366,1019.2320304831863,1029.7562700075027,1034.5552686282645,1030.3927579872213,1025.8418610277365,1018.2715183967307,1018.3138886992884,1023.1057372335807,1027.3955556855292,1035.141647574261,1043.6955420511913,1058.5419363634485,1071.419365884295,1070.6245989183064,1083.2697093741324,1086.142476004678,1094.325245000891,1082.7941537615973,1079.2535612416848,1078.8484767918096,1079.6013322213835,1092.5177044730588,1103.3110774512986,1120.0105836708722,1120.7589979352697,1130.2612385551483,1135.619969973385,1146.8892239351494,1138.1448745860073,1133.468146385816,1126.9981915613746,1131.1713154283564,1134.8858574741928,1138.027980838182,1149.739905681271,1160.4196851376817,1176.0725508138337,1180.457577574327,1185.4718449867103,1187.7576935295026,1187.4169585488391,1180.0675433863792,1175.6610325416061,1178.188966235353,1192.2017455061787,1199.6686849026078,1218.2714184388033,1216.4187510621425,1213.889226822474,1201.1880241439562,1210.485804077927,1221.2254836523277,1225.5485803498484,1223.288055745657,1227.7046567496784,1228.3502721974835,1231.2353494263775,1237.329761187183,1257.5734975144485,1285.2895913091018,1319.3631217410089,1360.491164944762,1399.4726202425952,1445.6826045783725,1469.770619609164,1488.6246922507976,1478.825048484332,1494.2073010441804,1511.584744024394,1541.9480930025793,1555.648564149779,1579.7220720853848,1608.5318921765552,1644.1577611611501,1678.6425711203485,1701.7083856314257,1699.9091215019766,1690.886281601095,1674.4779673255462,1680.4131423391987,1681.4692673717168,1688.8827449191458,1699.47131759859,1716.8540598441132,1733.5712919820216,1744.1968081242737,1749.060096087375,1755.2585082642138,1759.740912211237,1747.3710092595934,1745.7389515428483,1751.6220298781489,1765.6187504777738,1771.179107098238,1771.1522785579014,1781.1434161700365,1797.1582251797038,1808.1438954698463,1816.8221894770381,1822.5148155356928,1823.1388284919628,1821.530256365524,1807.707171335708,1805.524221716856,1801.5454872181597,1821.0089615707157,1827.5219991700385
1622,237,Clayton County,county,GA,GA,"Atlanta-Sandy Springs-Alpharetta, GA",13,063,818.691428907089,822.885905028106,827.857478947189,832.3457114558648,835.4192610786997,840.1015573639928,844.0911102342205,848.2852188803864,848.5976565711503,845.9255734246213,846.631394018779,847.0768069589512,850.7831000152412,853.4521644148195,857.7296307973334,865.8463766109275,872.582217989958,884.0736548519417,887.6091035757113,893.8358997077316,893.6212667793749,895.007920844892,888.5409262122618,891.6537781943202,899.5331294949472,911.8482493695876,917.8513278384008,919.1099062049796,926.6891964121844,933.4814581384153,943.5096316542008,949.1971891835543,952.4208559561246,952.459280419502,949.4034110801103,945.3882326546266,942.6587942297923,950.0633085861124,964.2846091083641,981.1100294906936,991.4454545330153,997.8277154585666,1004.4517309290806,1012.1608204140078,1018.7277887993004,1027.572545749871,1032.0849076758655,1037.0883912972247,1032.0803667898342,1032.6967539955615,1041.3031288143309,1054.3338742027552,1063.774412447297,1069.387177165893,1082.8548032683582,1092.9117286746275,1102.7821836827077,1102.2365291979345,1102.919567940876,1100.2996720965189,1102.3989699077822,1106.8363334527658,1123.8705154606007,1138.0124382593078,1153.871141520314,1162.5899679633544,1179.8493908414785,1201.869017551722,1230.4680498607713,1241.695718860503,1244.2869027413265,1244.190805795096,1267.5827134214308,1290.4472072635526,1312.4845319962858,1328.5850112693242,1354.8155563107603,1379.9880921998222,1408.2717553120094,1439.9750380890148,1457.8845945098572,1480.3610439472875,1491.1553054393378,1499.3405893030683,1498.3249484210482,1510.4328764623253,1531.0100807222932,1544.6087860481305,1556.6770139479484,1572.5344421370862,1600.0304391664315,1612.1305481071215,1621.7747255522333,1625.5863697684038,1620.7599622771204,1631.2287281004644,1633.9028375172709,1643.761432662257,1648.7507397879344,1657.2072459850444,1664.537229688722,1660.8430806809363,1662.5400458876218,1665.3126531736723,1672.019038436283,1650.7382481028487,1632.330712746795,1621.7701406726767,1642.7580013952302,1671.3421804383674,1685.5655089400723,1688.9384666341978,1683.92174904783,1697.1098597990317,1711.617703048002,1720.0418006754542,1715.4741048228905,1711.4640578326441,1712.6362797885304,1710.50009025579,1708.9788920165133,1725.984018474897,1738.2187065757391
1300,238,Ottawa County,county,MI,MI,"Grand Rapids-Kentwood, MI",26,139,,,,,,,,,,,,,,,,,954.0424349521178,976.6603268084965,967.9211559233406,970.9300616429616,969.7889672849374,947.3823164419093,947.9093342469525,959.8367529767013,983.5566431046215,1003.0909137608404,1009.0551813042332,1031.9208149699432,1031.9393999220158,1042.3235248605054,1036.7170104395818,1040.230611897978,1025.640528377487,1034.4514127431803,1033.4673720502701,1029.3398317067076,1036.2667243231601,1037.944842329329,1064.3889409261974,1071.4792044366914,1084.5278080369558,1090.2149161942223,1091.7455815418505,1092.469026496491,1092.214394366401,1082.4499974910477,1091.3732140853092,1093.830765407803,1108.3443961176129,1106.3657615810505,1103.7296301587985,1110.039991521693,1125.9129038869264,1136.024951374697,1138.3261468570602,1131.3068271475358,1139.3232363933978,1127.6469303852425,1114.4180214517246,1094.0925641221654,1112.1675783405014,1135.7787607811943,1162.4152887034775,1156.3882304042068,1166.0018348186234,1173.9000667625226,1196.1895665295726,1184.9052673484102,1178.0750200806347,1179.4706880667175,1204.3810213167326,1206.2076880366894,1214.7265216308472,1224.597745451016,1252.2487670082432,1265.9514425321556,1277.2091372741781,1295.6410860959083,1329.5791197095498,1348.2005278092727,1371.0507118169496,1365.3465659790472,1378.0739667898072,1371.8520624589084,1371.8064973426847,1371.9620275762857,1384.466231380351,1405.5040898122672,1423.8647078563176,1442.1041436540072,1457.8408441656804,1466.6051027874446,1480.6550054929896,1476.7191073188826,1468.5645858557682,1443.6420590525258,1442.4915066339472,1464.8652873984656,1485.4097810593194,1506.8509890559633,1506.0106212305113,1527.1964379503179,1533.7311581226008,1548.3816123435513,1560.0998093975797,1561.2971750430825,1590.3415805247673,1591.2751001214747,1606.2455770044498,1570.6250998843404,1587.524329767905,1570.4294133776032,1597.2569800614565,1595.3613452697673,1625.260936617586,1644.5542212708522,1654.3976962241218,1666.5676631250037,1677.2267314789822,1654.6059556507237,1649.4681691691949,1620.6533816165618,1613.763888888889
2616,239,Anchorage Borough,county,AK,AK,"Anchorage, AK",02,020,1264.8623052565458,1263.1078266408142,1264.0501291644123,1259.3835929740756,1265.8055642524755,1272.7157764200228,1272.1049072418402,1264.6233245389612,1265.6466959822615,1263.749736197837,1263.9803324794664,1263.5150718091832,1261.1976816628576,1264.0557856344315,1255.2920408837385,1261.1953272264032,1260.9001189641158,1258.8445151180383,1245.9017324688182,1240.146047408625,1239.673558138445,1238.492381716429,1234.4087355445695,1222.895270089605,1220.920422532837,1218.3744840769377,1230.7502144096843,1236.6956478578934,1245.5634891303798,1245.2094058999776,1242.603536769953,1234.2230401126449,1228.4091582839928,1223.4840354635323,1213.9303888375282,1211.8656970258094,1209.114314956566,1217.1385273985152,1223.9409260772704,1237.06146211476,1248.4483531565093,1255.8969346065587,1255.4575646952687,1251.9260618276974,1247.048612589661,1241.169587138261,1235.594205414678,1231.0216827010354,1229.539413129579,1232.0472636624675,1238.220277942951,1249.8243726899407,1256.6333271157353,1257.5266376279897,1259.9331023474442,1261.005090697686,1264.5805703997141,1254.7234005685202,1248.166998330291,1241.4088653475972,1248.9288185306964,1253.326791646159,1260.8964839774455,1260.1903886977852,1268.5343796383436,1271.418561249329,1279.99132722326,1281.7171779066864,1289.8706673187396,1296.767552813253,1303.0622381279813,1297.763609363761,1293.0150490410342,1286.7077617771988,1289.8672909191696,1294.19624649812,1310.575151092363,1335.1822780735422,1356.453363312395,1378.7208341156922,1386.8515921754802,1392.6259280298955,1381.2130093272053,1374.147767875571,1378.4521537790924,1391.828789504398,1416.9525806831882,1437.720963592176,1459.8610851138246,1477.8387416784014,1506.4485984568817,1519.4737512816669,1521.8422161152198,1513.4045151265345,1511.5719753500346,1512.270326418039,1506.585031374364,1520.7427653168133,1526.7552014961761,1544.2305876784392,1559.1383335884489,1580.3867484162013,1596.443814487777,1600.7800297845483,1606.570236075877,1605.866048011547,1602.9517386388468,1597.045675143321,1595.8519752359603,1598.5845893230078,1608.827107684897,1617.987850448856,1622.85377771463,1638.8198581136603,1655.554136923726,1667.7275713979586,1668.2091864526715,1659.3374396969402,1650.597975923214,1642.1177650864072,1647.3396265693725,1662.7999391996707,1677.1107124513903
2668,240,Cleveland County,county,OK,OK,"Oklahoma City, OK",40,027,942.9462351204928,940.4225082052257,947.7481517312697,952.8649315965953,964.0733670618863,962.4721819669502,966.965721435649,962.6942254805068,961.6115205928517,954.6679129166183,955.3475902275159,956.7162296363731,964.8891511393648,968.0374075784534,971.1924068598579,977.7009242134092,983.1357903390697,989.8599751079764,978.2993112214326,973.0209607128913,963.4436914697751,954.084571617394,946.0050593414364,945.2225289503122,953.427966800395,963.8006826636872,973.979044618866,982.4574009814731,987.3505092735181,987.9238685184857,990.1137722726377,989.7831228588229,987.1182285315912,978.3828094758933,970.777399475197,970.1546069962334,978.0494485567585,991.1358306688187,999.8541131783386,1005.9456431762195,1002.2584132425774,1005.722691457226,1004.0799949833928,1007.8361126161727,1002.7720658299028,1002.086073598182,1001.2801386332425,1003.0380301477356,1005.9217577469107,1009.9034710222077,1021.2081211096252,1029.429617356106,1035.670924860225,1035.3726830550058,1036.6925744981768,1036.5179960807277,1032.9072799683424,1028.9324980729616,1031.9191472999473,1032.9856857579794,1039.7638559614568,1036.8961884220687,1041.7341355617984,1041.3574229930327,1049.973632589923,1054.1239524899017,1061.5911250799245,1064.6179095810353,1068.1979775413538,1076.4792316454163,1081.223750013982,1086.2697793432974,1085.0857112219155,1089.2441242301595,1099.07763344179,1114.5155268311134,1129.5661612102303,1148.83877089755,1161.0083005898173,1180.534755344067,1188.874047389845,1201.0703606040865,1204.0150640284564,1207.8392619865203,1213.3600210053812,1217.635071329739,1223.9929993567937,1235.4756136196647,1249.1334678359958,1260.1464729020563,1266.9952583055897,1274.7023616333613,1280.1005150751846,1276.77520450466,1277.881440665429,1277.4096549258948,1280.437206536345,1278.4068321744644,1280.402393437805,1282.9612466328365,1282.8601501116764,1291.607774031613,1304.2579687731577,1321.6649233613014,1329.9708091529822,1324.740894459742,1318.7037133803847,1316.5887358345974,1322.6495062341596,1329.4104942206816,1332.9122343912643,1327.6302077505247,1323.278543481092,1325.1882267832075,1345.2772784553615,1362.4184342859414,1379.8111880840643,1382.5546059316046,1376.3734966850793,1375.9226448361787,1378.892514532109,1388.2407632941756,1385.1505923055354
2779,241,Lexington County,county,SC,SC,"Columbia, SC",45,063,962.9208832487325,954.7299623597977,954.2892902915326,962.6797444342469,972.0114510206673,971.7190340161592,974.0181509914306,976.5366682068777,979.1467324152275,980.3541597569318,989.934355423679,987.7009376526436,987.9299839969068,975.9340202148755,986.5379041695163,993.5023505451051,1005.1543284861501,1003.2785648287177,1000.7368913713876,998.9950449025664,997.4202112720009,999.870185239408,1002.950551774097,1001.4473465952757,998.0480515485735,1004.0082849359311,1016.5386103548265,1029.7086232971797,1030.7522972914169,1034.0718309727133,1038.0112076099867,1039.4696561587639,1033.498425521073,1029.714049549976,1032.488602229926,1037.7770568337405,1044.6855813504337,1051.2648803209186,1059.8530399690428,1063.003566584328,1064.5716266824593,1065.3602347575231,1066.5066704750386,1078.1342225384983,1084.0674741652524,1090.0126209343164,1084.8274431165353,1086.5898655362241,1090.1036748288668,1088.775263129678,1089.9550198641468,1093.7582673131405,1109.135706740547,1120.7003477251594,1126.5547444678712,1129.3632352197856,1132.7738080793965,1129.2549727799337,1127.189628384429,1125.9353981734262,1130.6373398303178,1144.644991655673,1148.8016562785187,1155.659604474387,1148.085657242895,1157.6000970959424,1166.675238613605,1175.9358309767822,1177.498848173734,1185.9619685071445,1185.154329661611,1186.8996350260313,1195.0843129209654,1209.9515608929228,1227.3274118758882,1242.9550944262332,1268.6351127590597,1294.5685843592353,1302.6439375790321,1317.1416496812092,1333.579557547284,1353.616808035348,1361.6633822526867,1361.868452272822,1367.2166196400415,1370.7540821856585,1383.074361559363,1401.7569882528032,1418.8235789826126,1430.0209244674077,1440.81724172741,1445.6132786614276,1450.2521726827554,1447.1054925115732,1452.0932822419907,1468.9849723943748,1477.1758647746092,1477.4529535970564,1478.3931015240996,1487.3370552092522,1511.468499486573,1518.4976352760436,1533.128901862667,1536.8213902769182,1539.8708815993239,1537.718886031019,1535.7992565987615,1541.9453800689007,1545.6090192868817,1543.8905764025537,1546.6690768390058,1550.3524269339928,1569.1409102143205,1580.4944961504375,1598.3677541645734,1602.5013016301816,1616.737916204301,1617.5298011139507,1621.6695823856692,1627.6858250086723,1627.4891428659716,1639.5786528145773,1639.4961434229726
232,242,Leon County,county,FL,FL,"Tallahassee, FL",12,073,888.3259108478958,892.930341916028,898.5280316136412,906.4560333494591,906.3074574788895,910.1921135724842,907.2395932135363,904.6727677855232,899.2844418949663,896.0215834194523,896.5450725746941,900.5125889041191,906.5817614007188,914.8512884170441,919.5293388378806,922.1240295473787,922.2033874639453,924.4513589932042,927.5274657324508,923.3080587939419,917.6290171719811,914.7686906279661,910.9988232771691,915.7147295068962,922.1558606215565,936.5684347211321,946.075121955466,951.2931389527107,956.7676673807712,954.2925283180155,954.6772616465123,955.8328236333232,960.7825032039017,965.5005005537407,962.9208796507949,960.120152750614,960.677736324766,971.2305213912924,984.2616090679409,991.039156729192,992.8906976483906,989.992308437572,988.8916355610917,988.69213727823,990.8077219458983,995.11450286046,999.2545130562286,1006.2432659535054,1014.9406311192173,1020.9647439349069,1028.666635494343,1028.3442273226105,1029.570536238454,1033.547223150573,1043.401332510419,1051.608549304803,1053.4213548340629,1053.4520491032208,1053.250207346144,1049.5474299855325,1042.8478236980677,1049.301170517128,1052.9434557764146,1060.8056710543867,1051.9104299935498,1055.247337132788,1052.5852596504058,1061.7156682659966,1065.1985405449911,1073.6930090984674,1077.6446461685696,1081.1063457123828,1081.618057698745,1086.539244611894,1088.2331079646358,1096.092164206582,1107.6695186141392,1123.9571943617443,1148.8996191471208,1173.2108134490825,1198.8241639370983,1213.8878831594914,1219.8677723065007,1239.554908108036,1246.799436521044,1251.7018322054769,1259.121683464711,1273.3947967363026,1302.6667507142424,1320.8411394752811,1343.4818975165442,1364.7507087566983,1379.4669350694012,1395.920887490649,1397.8190082608144,1394.5023577784389,1385.3558498093048,1390.612551426422,1397.6054553782242,1412.8923043906882,1419.693120692714,1423.5290056864133,1428.9441480909827,1428.6099179235202,1444.577095682261,1449.0198289103823,1475.256890589987,1477.8641346216737,1483.3113597563402,1476.8806457074397,1480.8365122992616,1481.4581028012144,1477.1268522428923,1482.1175499160254,1487.0290080952934,1495.78702520153,1494.421102360292,1498.0162943842101,1502.492578735169,1516.9001635541897,1522.9179087868959,1528.5715096582958,1523.7333333333333
2575,243,Thurston County,county,WA,WA,"Olympia-Lacey-Tumwater, WA",53,067,1092.6864255185349,1099.780274037734,1107.852031222442,1113.7715064558101,1117.7747106143684,1122.2521745271333,1128.8687683819037,1132.9944360995862,1137.16966989758,1138.934306523795,1138.7479808447792,1138.6707810620755,1137.978458703193,1137.1666783551589,1148.274571616347,1162.1439001417789,1181.3316257985466,1192.6136574680945,1199.332193495177,1207.60438634902,1208.4351535573794,1209.8538955473448,1203.1786269719375,1211.027591310069,1218.0772030940611,1234.0210627267268,1244.1161524604497,1262.3427554290763,1278.00483229805,1289.8539746677748,1294.533273913056,1297.1984986263965,1305.1551393158613,1312.1634481709368,1316.193184042907,1312.0507780472992,1314.5105733469763,1322.509124321722,1340.9348695918127,1361.5997767863378,1370.7986366128468,1376.1844709934269,1372.1108904604084,1381.0998846259668,1385.640726957976,1394.0852468438732,1387.847054192082,1389.785556629467,1387.826281625929,1403.9041128115346,1417.6675028539214,1435.0601032614898,1447.5048862401302,1456.8710648982653,1466.2498203587722,1472.447144470624,1474.1386954344146,1475.6996376479485,1477.8947138984904,1479.0934363015895,1484.4431852857178,1491.654759980203,1514.8482816972512,1524.0398929598218,1530.188449856589,1527.2355439558933,1551.4938595737178,1579.9864857039108,1607.9981220198729,1613.82591498281,1617.9738420390615,1607.355746465702,1620.195812186092,1638.597958430057,1678.0358941922325,1701.8171650311733,1724.4359558672506,1742.6323097842346,1769.8603098724918,1796.9527173584008,1816.4051736741783,1829.1558153984315,1835.9518629543331,1850.2210114468485,1856.2204304639693,1868.1851982238072,1882.646721678411,1904.404320832007,1926.6009807148973,1943.214361356638,1955.358664059977,1959.0753765449176,1945.6444576978806,1929.779488815868,1916.2706249035227,1908.1322461546276,1902.0907838664411,1910.2180802700427,1934.1281136243367,1953.638544597218,1968.4111880946273,1979.129338378412,1991.701883008855,1997.4573896919806,1994.5889814947823,1998.8831340475995,1991.831176905566,1992.3633199245348,1996.095102272952,2003.4544670468824,2013.8990421729382,2014.9825591282945,2025.2217176632375,2040.9901471011124,2051.6774265365525,2060.6248497924016,2054.312733853375,2057.071606327353,2052.7564816757476,2062.178922411843,2056.6220013716143,2058.449462153932,2053.775676937442
1110,244,Ingham County,county,MI,MI,"Lansing-East Lansing, MI",26,065,666.0542711217555,690.582108074423,692.9656631230569,694.7653772588296,687.8242242227375,693.9528869751076,695.3544771443846,699.4125479447313,701.7535454149119,703.7748945697417,703.4870150354426,698.0521367129993,704.7905617230898,702.6803817654555,720.194047898098,722.8162387868092,725.742655394559,725.2442713526692,727.7199981960299,737.6982563282498,734.6752008973671,734.2968922616342,727.9235344202434,725.9109184356138,727.0259524989527,735.6313571048588,745.8633894488864,746.8658597505074,752.3396645738839,753.6574738655152,756.6704743168916,762.2208603349698,772.2484818551047,780.9857381491705,775.1942662726685,766.5498606610856,768.7651538190063,772.0942577463488,780.4224920830445,783.7735839846371,793.7642764006509,796.6284796450659,799.6250288530654,800.6543924276831,809.0484097112101,816.8457568856213,823.0851921156068,816.4517611288974,806.8634769561897,801.3335883424774,810.3203887786588,821.857449107364,831.1136874189443,830.3600656179162,831.8152893724183,843.1645568265917,854.6197934132094,859.696673312776,850.8033189636276,841.2756002503028,843.0668583330418,844.95313741782,852.5409639242795,863.7305809238413,873.398764230233,876.1730503172047,875.4021824344301,886.002883819099,902.8181528898664,907.9068586876338,898.5984250741576,907.4018786576466,910.9861568719977,935.1792874196207,932.9109564461198,940.6854584021905,937.33208713255,942.3102566741486,950.1107909182745,973.4290349150897,983.4616562932695,994.0946319219847,991.4581984076375,994.6467219393681,1008.1705911532672,1013.1836275903895,1030.1983560647868,1035.7754274518022,1050.3691188791743,1060.892722981558,1059.4242879493418,1070.1021987725455,1066.9627805354828,1076.2612423561673,1071.0966392351413,1088.8515760206622,1090.8324061517978,1098.9748785764289,1090.7044829578451,1099.256719056804,1095.377804233753,1098.6054517268756,1100.2252918331546,1107.0716097984196,1115.5397039539514,1126.4396592505304,1150.5471428327028,1143.356251846169,1139.7862819396535,1136.88705156662,1151.5132350824463,1163.5878748653836,1170.5051572246248,1185.6826889579138,1183.763290239275,1180.6472318824528,1194.5981072529505,1209.2601448596622,1215.9407492492267,1208.8458783467393,1222.4738943293783,1224.193365235161,1235.907209754911
2877,245,Winnebago County,county,IL,IL,"Rockford, IL",17,201,676.8689527926902,689.1587526996357,682.7052730494855,690.8458032367683,696.1646568882021,714.3218117752089,711.518183159303,710.9386005332095,712.0234457005078,710.0214696402787,702.6987730056642,695.9829458482573,700.9848310593854,705.740469867237,704.3324381056542,707.8442948068176,718.0727241016225,724.2181256030212,731.7124816872672,728.8000036303654,735.6112366835221,733.6440746251122,735.0099520369735,732.5206191458434,728.9779310070581,728.8101171412964,730.3553857319722,736.9001591015274,741.0072147586194,746.6754431021691,747.9007578891601,751.5256782898451,751.5570689332427,752.6230210806865,752.9558837359705,755.0541621317549,754.0844947456255,755.6328335703838,760.4848771133773,762.2278003405372,767.8420029681394,770.440408310784,778.0965347750847,778.8559636913149,779.1267722653948,777.7026938563281,784.9868615522942,786.3167079771036,791.6226787036977,787.8506348186016,794.8393323541923,799.9646138783955,808.81881835156,809.815080182819,811.5952162629856,812.3584087323638,813.1963746727506,817.6758710305817,820.7922021893978,823.861840137,827.7133259898578,830.2683267295432,837.114138780441,838.2482230107421,840.7267366487544,843.0882020739053,853.602432309145,865.4634382664316,879.377247119664,879.4058783017437,877.9725305171537,877.5148123492203,891.9698015580228,912.1510570377773,921.6800007402909,923.2521868232245,923.6711608955745,930.4263617067908,933.2175455678735,933.5576568799132,938.7814084820268,948.4310793673295,959.7863211873014,966.1523938422104,968.9235421518574,968.4658619914612,984.8794607780528,1007.0794414807599,1026.4696751570314,1027.6219048656878,1023.9675335750212,1023.3247375517087,1030.5403121007398,1037.8842099887204,1037.4200318630812,1037.8309001978764,1035.8025339159815,1046.8860559723717,1065.0699996053106,1080.6640906230082,1091.9041280733659,1093.5961264020464,1101.0490079771023,1112.1114441697703,1122.2375065366016,1125.5930894140026,1133.7081533715386,1141.4298638879272,1149.7505346650387,1154.3431891562918,1151.0088871268752,1151.6884449272295,1160.3002893430773,1175.8587845659122,1197.097492137323,1206.054838051249,1212.9574038355445,1219.4670856935943,1217.076066485695,1208.2489053444722,1210.4060960534673,1233.8846045170324,1255.873015873016
1650,246,Dauphin County,county,PA,PA,"Harrisburg-Carlisle, PA",42,043,803.9835546930303,811.0310175729378,818.8274048405781,828.9364526095621,829.5627653499832,827.142945829312,825.7183633369852,824.6373712832952,828.5821743909415,822.4806544944021,823.7039633544525,819.9014734651016,825.447049666993,825.6249491027262,831.8217730643036,841.1234831951124,847.9785918387305,850.3686653517242,845.4608071770677,844.1235354622975,847.4528817085456,851.4775287325301,850.3380201580441,840.314604663173,842.0880000243377,846.4145366487419,857.2425761731052,860.567755988304,862.9137589515359,867.5656705755541,868.1397034726938,871.2960589299222,867.1377569083421,869.538087257178,870.6612559509455,870.2999037541152,875.4647049292689,877.2908581004991,885.6451398084989,890.6986598986696,896.662581171454,902.2265357223566,904.690712902256,905.0570511038864,905.8031496683088,911.8633124836756,924.2701292284019,925.1160202717768,924.0241653375858,916.121237750288,924.7680414864833,925.4230123871392,934.7517897565892,938.5110142842756,946.6513704908043,949.1022523408443,952.2868867239863,952.430044878902,953.3374631333254,952.7664388251686,964.0137467071006,969.3034102984731,982.5754507894623,981.7783991724367,986.8016369517966,990.0079527108079,999.2755670776476,1005.9070889212917,999.6439628163466,1010.0738960521544,1019.5058411753046,1043.081963940814,1041.4511055256905,1043.5536081392977,1039.726242405624,1051.1619643062893,1069.7414378589135,1099.359355414293,1119.862258283915,1140.7495701031444,1148.389535790687,1157.4319434395534,1164.221644595664,1177.2437396388204,1184.0806307009336,1183.1909288903003,1185.942154776871,1204.0007936648515,1221.3685926062572,1229.7674230815203,1226.3873611974036,1226.1681156639293,1226.7448078151676,1231.2102492851916,1230.0932194622847,1221.9665431307753,1215.550276094756,1224.0338417243443,1246.6057258302562,1259.0473575566068,1267.5310191120725,1266.9075061314954,1274.617880061908,1279.8124088079364,1284.4987526113057,1279.5120960546242,1272.9815959790592,1272.9287468216744,1276.2842283179787,1281.7728159687792,1284.0883524712958,1292.2534704042002,1304.748931386575,1311.6081380809767,1317.5162350303253,1322.5479806871542,1336.5483388601037,1343.8686992801656,1339.1254044853358,1345.4600105185273,1343.8012967612376,1351.0388154219484,1353.1450954430102
3261,247,San Luis Obispo County,county,CA,CA,"San Luis Obispo-Paso Robles, CA",06,079,1699.8855489532918,1716.5560175510302,1766.5640421806056,1807.700884695483,1851.5993954814319,1859.7492794856669,1879.6511728888722,1889.7336880170947,1918.7071628348665,1902.4533482614072,1871.6014807454774,1854.8695617887938,1878.3487342935175,1920.3234432110416,1928.0492738771156,1938.1503375025122,1936.8294315625844,1962.9075129389932,1978.8204312960709,2003.225893618561,2006.477300962423,2006.6013261818266,2001.1343204222076,2008.1373378797161,2031.6499150638513,2035.3228683702123,2075.3626659557012,2077.701965832068,2090.2712396831093,2079.458061922527,2060.920573890987,2063.422436826926,2089.543683607153,2113.6561483217533,2125.6334285998437,2117.8418003724382,2135.2563978514418,2140.2536357450504,2133.531241020606,2145.0065887092956,2144.688606115812,2164.8636886189443,2153.5740022768396,2171.1307875339576,2188.483413557513,2218.858237500665,2230.7038555952836,2229.039733136951,2223.3652318631534,2228.724708442061,2233.911381600975,2239.1397127314167,2246.4723042577343,2254.0130501325957,2268.1618222174156,2258.074480306168,2249.4219132925655,2247.5068074821647,2263.8086424214525,2273.4754850573363,2296.677824702156,2316.8322391131055,2320.273909258294,2298.8413395350804,2283.754879867017,2295.3914489906065,2310.2868102983675,2328.473735962506,2327.0475643470772,2326.9528303917937,2357.7870173811943,2402.6457994178013,2432.4439410414843,2431.6047606358616,2434.659389822072,2437.4698673850557,2449.657439249812,2455.4146185356585,2501.048579904618,2518.9029590299783,2561.5452521596158,2587.4037973798836,2630.4746467117857,2626.238126315337,2642.2778381875546,2657.245553358206,2708.261225010581,2745.5436281365373,2774.7115514409643,2788.655144543939,2803.187404633833,2804.8179317747995,2831.6820541037073,2814.6601448058204,2805.6702229745165,2809.3062569656477,2837.560306050945,2873.7309787408512,2897.3482219937177,2920.780761220352,2958.8364752773346,2978.932459595732,2976.6587895110956,2974.356829802932,2975.326896002685,2999.3999557513916,2996.3140886038723,3028.161545771051,3083.6250480767435,3130.2826505063736,3115.9954859059194,3083.0106647637213,3084.7293034705885,3102.5804599441863,3127.3562129820616,3145.338699021074,3146.19062062571,3175.735961249712,3172.588115169773,3196.0414784053223,3210.6789975770503,3243.269517095777,3259.5167082339335
864,248,Benton County,county,AR,AR,"Fayetteville-Springdale-Rogers, AR",05,007,870.427795530436,878.4660032048732,884.522959933169,891.2108529829125,899.222661613487,913.5918942656094,914.9966688970602,914.1975861588119,907.6499415739909,907.7708048355942,911.1248297416913,912.9285840416808,919.0023338401568,919.3957539067904,926.4670784755361,934.4145817382841,940.1064505224437,945.7867800708995,952.2119624732393,960.1623790561421,959.320275210972,958.242046155603,957.107419343736,960.6657533318303,960.3870388282814,968.8072465978981,976.4959608891833,984.1779823322355,982.8996930012859,989.297062587838,991.1619382248998,1001.2026218623698,1002.1568421787783,1006.2418981865239,998.1637488949717,993.8833117458255,995.64331879329,1004.9319020418232,1016.0187923967679,1017.6289284180822,1019.3121926272842,1021.2208168748143,1030.059971282563,1033.4966699335223,1036.7618973681265,1032.8171861849141,1029.9617891772473,1033.8669132845662,1037.960039709021,1041.3881015020372,1040.6928768486102,1044.8539698357772,1055.7393626683959,1060.2372703030085,1065.3434372212114,1069.6888803268005,1076.4002840050641,1079.8937080242074,1078.5917852907537,1073.9342637157217,1077.9061124657708,1085.929556008357,1098.8925850789728,1101.3141463908087,1099.7229397997257,1102.1506144495306,1111.1133263554184,1119.3950990698263,1128.004048391734,1132.064575864809,1139.646174172817,1144.8500898622835,1152.5674496580648,1162.2142082989585,1174.9869939006805,1192.120705981662,1201.2866691155648,1211.544379558025,1229.7339416241289,1260.9387080708257,1287.5890474158448,1291.7742761657041,1295.6665608241829,1300.4787739302997,1312.6795940752045,1326.9802262892374,1339.3864215242163,1361.6708975789181,1387.730361332085,1423.4884884920798,1458.8110721232495,1483.6171830194237,1478.135431488577,1465.8674035236518,1463.7488767285902,1487.712351808539,1501.7547243753977,1507.347659794026,1499.747881277127,1504.4330918928615,1505.2037659092114,1514.4359356803056,1521.9318308028542,1534.3670729042565,1536.7354043171385,1531.8199887012734,1516.0229176204848,1507.4989081407339,1512.1748947666244,1525.2083816302325,1531.4171438507053,1538.3119767652502,1549.8512118388358,1564.4288284705815,1580.874056221443,1591.7002608782498,1600.2526113232843,1593.2255692502088,1609.9136156806915,1611.5320683735818,1622.0621414250393,1613.6487648156663,1624.3901515151513
1196,249,Merced County,county,CA,CA,"Merced, CA",06,047,944.7535103460928,960.4957692083929,970.8240205486736,973.9739973349647,974.8162713732404,982.9511819603398,992.6260334926859,1000.8190204499876,996.2194876375829,1005.1361953250045,1001.1296221181848,1012.2091418040984,1011.3299092923369,1027.895495214005,1030.3583283119644,1050.4302504586956,1060.2887116644577,1078.8057629057253,1086.478376315236,1099.219099600117,1104.8520237435146,1104.301946554743,1100.9108023435037,1108.9341378036154,1120.5421866465576,1127.878180741008,1135.7842493392852,1152.4115750813464,1171.4342904847192,1178.8478776723928,1182.9469274782086,1192.0245678139115,1200.9522361451438,1194.5783968952596,1190.821777314317,1197.5275616060014,1218.1492664464167,1228.3277332154296,1237.4102415208133,1251.847649790288,1260.7420611835391,1271.532243127718,1279.9715438675505,1291.39138144879,1294.734470846479,1280.8591216802483,1271.1011738685202,1260.9967442904635,1272.2674366562037,1284.3094444762698,1315.983717851008,1324.9179092658428,1341.0517439553214,1356.656413374177,1372.5254015417809,1390.5810302989412,1380.5680745579562,1375.7407541439663,1365.055913838971,1358.8628109007734,1361.6708028573446,1367.9720821946921,1386.4452128118921,1400.3699892661887,1402.716290760396,1402.3490274381113,1407.1576325145895,1421.0181417828003,1432.4191736825298,1466.5726208738442,1493.9066184087435,1516.9196257031326,1514.0054090292163,1493.5461395898265,1514.1728654212286,1543.8453795629878,1602.5295183066544,1652.3400887118296,1683.2508836914114,1724.363480017175,1751.0135073462889,1754.792415970958,1780.8892311500947,1775.4992942729436,1806.530061307975,1815.901801467065,1824.7549706022298,1841.3865511388526,1831.0133675226602,1841.0741450377093,1824.4146643769718,1825.8580921852147,1835.9284183638545,1844.3638876319824,1838.4275943204136,1830.7433274450832,1828.8913700397823,1840.2510195962968,1850.5197088831878,1877.340014575026,1883.008582274407,1880.6045565630372,1874.766891268595,1895.5818641451972,1912.4328946126525,1921.7318947694268,1909.680568895804,1911.4604967585042,1902.7694113249183,1910.5550576920052,1918.0267213176335,1934.1474985027812,1950.4878723388817,1950.9221178158493,1975.0818963819233,1987.1678973040175,2008.0183772886517,2002.8576088701072,2008.6083625891877,2027.6803161313996,2033.6546867690035,2040.0232796120144,2034.1879807692305
344,250,York County,county,SC,SC,"Charlotte-Concord-Gastonia, NC-SC",45,091,882.5820260336011,883.9645226149356,880.2790230502955,887.5748092374857,898.3765029824777,902.8896851876507,913.5242098990233,922.8003841280654,924.7371810626684,917.5008513095072,902.3325537954137,901.8912935149866,920.8941124423061,939.6073402318499,953.6505542843965,948.3353979914403,950.1437185330939,948.8998212428535,953.6939354170864,957.327020911174,975.0263232305675,982.0287722274977,981.448455429979,975.5285458967451,976.3288918057904,991.0559882011487,997.2369365324361,1003.9975989633816,1002.9947921363479,1008.0956125934302,1004.9835353857306,1002.6793711225159,1000.146482145494,995.1436992478339,1000.9884653020737,1013.7519075244544,1031.3945898921006,1035.8444769131145,1028.7556945970005,1027.9883977443137,1034.7298766699216,1047.343189813228,1057.6765069916578,1058.4717062046448,1063.7567713672413,1066.9575780053356,1055.816624143958,1053.4918179215583,1051.093656883324,1063.7290540333995,1071.8572344004049,1079.4629314599545,1095.8040335312758,1098.5279223269536,1105.1846972630003,1105.7210623718743,1116.0983930752834,1114.097042079163,1117.3894085063823,1104.6849931719792,1111.514689921768,1139.33738703412,1156.5972702284027,1162.357511823802,1140.9187694362654,1147.1118752626307,1151.4968147834275,1165.9769992709566,1174.2923109287617,1185.743925262287,1182.0627261789766,1186.2509112190323,1182.861861324646,1191.679763147618,1202.5963585045513,1227.7778130916615,1261.762368774968,1287.7538728450384,1317.2843224222622,1329.9901425423923,1351.627415036239,1367.411557575215,1392.6998381530905,1412.7749415397948,1425.011002075129,1431.29027343548,1443.5173957096756,1451.764410846511,1476.6602068447337,1493.778484816817,1507.1999298583926,1515.7120683236078,1501.4046291524817,1510.7189377775508,1510.524406747003,1520.0183872567588,1525.8409539561303,1527.2854874055051,1543.2078206206572,1547.4268868509212,1555.711896212529,1561.3086896839013,1573.1904442604828,1564.0848369431517,1567.3409517287284,1556.4548695343105,1553.5014197518337,1535.629454027173,1535.7765562673376,1540.9402116850144,1554.566016274847,1567.2008551199228,1568.8826694316708,1577.1234933860787,1577.0244990871788,1593.446811445188,1594.996738097141,1597.4488737402223,1594.1583657269591,1582.4571230302538,1582.0824793423944,1579.5659688291398,1581.4165334426452
1509,251,Alachua County,county,FL,FL,"Gainesville, FL",12,001,910.4867377900113,923.0415619622959,927.973203433447,931.1338478332806,933.5042676609306,931.8779132371266,935.2593044997769,932.7070919313569,938.5017331637366,946.0811027845996,958.5350050743915,964.7381116099252,966.9093205273205,969.7674241120998,972.9026407621349,978.2558870338676,983.899090579946,980.6593131002007,974.4021750454078,965.4997151509933,967.6198480009301,978.7003838165666,989.3005551074953,1002.4933670966421,1004.9823497846328,1019.6875771844072,1025.4527970835713,1032.98832962203,1029.509458584294,1034.655289179774,1034.9623345718521,1033.4597788354238,1029.1439284591445,1031.9428252881476,1041.3071612896936,1047.8266012477077,1056.0494005617102,1062.8539761609075,1076.3377407560195,1083.71259669728,1086.4629027305139,1085.820122926374,1084.7382467180057,1087.5462037546843,1088.5768818401007,1096.3934018760797,1110.9141112571474,1113.6627824636264,1119.4454806718816,1123.2777122229477,1140.5867028877346,1145.8163925774709,1146.0010015247697,1147.9853126703388,1156.8655800114452,1165.147957619994,1174.5265796402598,1176.127237754247,1179.701592749932,1178.4893616296963,1183.6192633995392,1194.5416877102723,1203.2999507691834,1208.8241636513833,1204.219287884161,1205.7029905110803,1207.825987088992,1205.1473845887715,1195.5446700917894,1190.0319211189126,1194.666296013692,1206.7885065640194,1213.7250331624434,1230.0832591427154,1238.4567855524695,1249.6421592741854,1260.7222562026134,1286.1842955182108,1319.597592625909,1355.4994730978972,1399.0812073074715,1432.8870149580168,1459.7541510854614,1463.7412579641825,1465.0815749732965,1463.6331810787765,1469.5798803803234,1484.8091681767787,1501.1093653011696,1519.962114259246,1539.0574586356843,1554.1686614129694,1560.917144407658,1563.7221343750532,1560.5337347196335,1553.313568394383,1551.499113237171,1559.311138173617,1574.8456982258922,1582.2503251156154,1591.1846551261365,1603.1696389054496,1613.5857649816346,1612.835154374206,1604.6643884756847,1593.0546102063538,1592.9511223345721,1590.1711100010625,1603.6246931126066,1606.983782817529,1621.0704361697253,1622.7192105791041,1627.4941060789818,1621.4246112383241,1622.115248509448,1631.7645408668436,1649.0170568338817,1654.9432154971796,1651.0327467829684,1644.4272205998682,1652.6213869276196,1654.7654769420012,1665.2174377092208
2133,252,Atlantic County,county,NJ,NJ,"Atlantic City-Hammonton, NJ",34,001,1123.945861333058,1147.799590572628,1159.342768270691,1165.5779666798085,1191.0833418374652,1177.655154909666,1173.852358685545,1150.4734587257667,1157.5976667739233,1156.5510936801468,1161.564545100983,1161.9577175923546,1177.7826192233701,1199.8593424473297,1213.863909064852,1216.2793481900576,1200.228740158264,1198.7990449291603,1188.3863530587873,1174.851095363977,1155.6214018117319,1148.3813180363993,1146.2297022700038,1165.3751177099791,1186.4970789033505,1209.305280444448,1216.9143559029753,1213.8124734295793,1212.7794414955758,1214.68804162193,1211.082954427855,1202.6124293520022,1190.1656824334755,1210.732341406625,1221.8196240830885,1237.7769213349047,1237.668700230076,1257.7650553650658,1261.598945356298,1267.497312657856,1256.1457250767887,1262.4390672719608,1263.3603132312935,1262.6644133087234,1261.3082447752686,1255.5494243994904,1265.7374620181768,1273.8470335175548,1289.2968379992528,1298.986586050668,1310.1577930134108,1309.5898610220827,1299.6535690973838,1301.6850136864205,1301.7669203702208,1307.9549888473332,1286.2189083818598,1294.9840578504866,1302.510917023485,1333.3795008580266,1335.4370140393466,1349.4478519862118,1350.3553829809298,1351.60247689734,1335.7383876463239,1335.3772477572932,1361.0197766818685,1390.213924435217,1417.2581210562462,1419.6536899572743,1413.6852398800838,1410.1150784817403,1425.162711588879,1464.944888636066,1497.5646211351773,1545.2189736294615,1579.7926355162624,1601.717447041868,1619.2636339297408,1636.3218145327182,1660.021618176171,1678.7788561995762,1683.5284444185038,1722.3163950372027,1767.306238588338,1822.9422526677708,1829.5686035125088,1865.8866775159674,1864.241847747107,1938.1503429645452,1932.907441143939,1954.018702381837,1921.0277317194516,1922.0657482269846,1930.1048195443639,1933.2554471804106,1927.046620134095,1929.0653712250144,1941.6743772903733,1965.779179393779,1996.4679177089074,2027.4049148206552,2025.089909712505,2035.9131513207485,2011.8239890241528,2043.4624613417477,2087.616272877395,2125.636969236121,2131.012256761726,2090.361961775798,2106.0061223707307,2135.6044034279585,2164.789410091704,2166.36689738572,2148.6929408116875,2124.192141134926,2140.8113642656617,2115.382942316368,2150.306615656063,2187.7621151850244,2237.758558406981,2237.905131329992,2253.677550357375
1138,253,Kitsap County,county,WA,WA,"Bremerton-Silverdale-Port Orchard, WA",53,035,1011.7763408484627,1019.260710577791,1027.1581173845018,1039.2792779698405,1042.4791316957055,1050.3780057196332,1058.6686463975254,1078.835108940421,1078.2705413862027,1084.4185446801478,1075.9941663000748,1076.069900338335,1070.8893108632242,1065.0609948260828,1095.86715339002,1118.1328993617612,1155.3764197183732,1157.43069361553,1181.230566256179,1187.813905652133,1192.0129978789037,1180.449860691184,1174.3738631040123,1180.449831924564,1181.6604720870616,1198.7916920361758,1199.58361097327,1217.9235382746565,1234.4331730413094,1261.1678042223457,1268.3492282350092,1271.5798982396943,1264.8643171119927,1268.426726268601,1264.8207357858744,1262.9264270948042,1273.462980189492,1285.1234986350528,1304.6616627969834,1317.7794525001812,1338.6256973753277,1354.9351576447896,1353.4254993897193,1343.6748200694485,1337.6841664115577,1342.7518112751552,1345.7915138268356,1347.3811463777818,1354.6112197663338,1373.537934847882,1395.2463098015128,1412.3975567307432,1425.7465497996766,1446.2262574440674,1458.9172036830673,1456.7319367102205,1443.7726155095681,1433.8698283742588,1433.4962330633587,1433.5779927635617,1444.151480976542,1456.9387709414636,1472.6270535412318,1472.3519092309662,1464.1647079275106,1462.9743027483032,1474.2671300541542,1494.7892574025852,1503.8912906461067,1502.0006225836673,1504.9266490247824,1510.9392232900213,1521.732132408909,1543.2354111769066,1569.5312300964388,1608.3677374817967,1644.4436850148852,1685.5704396325048,1732.7107133089237,1763.2062112305703,1785.908599566048,1784.251353196189,1790.8264424712534,1790.2313016505016,1791.295833476385,1785.1474055656797,1794.59844897575,1802.978989417324,1825.9500336563885,1845.9528938697142,1872.7491065529866,1877.796075333309,1864.0171004349331,1837.506008766857,1812.6278750933777,1791.1050173981105,1786.4100591390345,1779.1715323192182,1784.2406285104557,1771.3479643331082,1790.405974928653,1808.9547917289328,1838.645819371961,1846.1954359908248,1850.7969472737204,1851.7993933409107,1845.975127986701,1838.8974943950643,1833.477749121676,1839.5793573006565,1860.9165298705987,1892.9273031176187,1916.5992542986528,1927.717523889786,1935.2373287516948,1954.9007721763305,1965.7976895740585,1965.1760757448908,1959.5728873432608,1957.3988259726375,1980.613345147509,1982.4548833666665,1990.8906983541603
3025,254,Santa Cruz County,county,CA,CA,"Santa Cruz-Watsonville, CA",06,087,2013.1627999739103,2016.5942523809779,2039.4704409493368,2092.596824322312,2097.82093271768,2092.313515716777,2113.1374219124596,2169.074283488721,2193.4589938151457,2235.3659921876256,2233.640915999731,2255.5688998222918,2258.3123248156808,2287.5695838437605,2242.1835038675003,2257.418226287053,2274.138679140752,2336.2883915878047,2302.2241858784296,2298.0718951012695,2326.1515431570306,2380.3344246549345,2408.00552719269,2402.9776147351354,2413.2937926509526,2361.8785445560634,2375.3365905969094,2394.9600222762338,2476.344998200491,2481.3882273816544,2479.371788743819,2466.1167271565764,2485.0306346553057,2498.6762634887327,2500.6090190251707,2515.829694640778,2519.003981977027,2528.00937959052,2529.7938040060135,2571.0417689849037,2592.923239410965,2621.4455951615114,2615.7591879883516,2617.456575154502,2624.106168871143,2628.2597580762285,2638.2656952597426,2620.221370469897,2625.9219678155414,2628.654157067507,2646.0680175153025,2628.7653992572205,2657.530364975921,2675.378450011087,2706.4867537606356,2680.3325056537255,2683.326777037975,2681.459656546627,2679.8422453525104,2669.4247748181283,2674.364668816444,2706.4328346159805,2696.75876438429,2706.6099836247354,2705.185287902518,2717.778856040638,2701.8053408925066,2692.8912701107015,2719.1389101301347,2762.247359060771,2774.3658306772572,2783.958905560762,2770.676188058794,2782.706901107908,2791.657822251167,2841.412211580039,2866.1487686379587,2903.8540814137214,2926.2507075264666,3014.1246964382344,3071.240981588552,3110.7130672175485,3070.443061879151,3085.4717569970862,3125.093400656504,3160.0167022446,3200.3415479473006,3194.338052236733,3249.5677530118073,3269.0860444131827,3324.8198641347976,3364.5433734741537,3380.483796883202,3395.0739607795877,3358.7043360410385,3336.27860347286,3278.2767434159787,3289.7208253548292,3307.3179732759168,3358.725733961151,3417.510085306273,3463.114157597448,3510.006406909006,3515.160031389008,3477.0657791766225,3433.4519770788897,3373.5106700605747,3380.5649752378076,3369.4416625608073,3415.8379765612813,3449.821375895915,3501.9235826082877,3527.019982652967,3576.8387367441264,3601.1231276026133,3621.6485938708674,3616.84550742062,3552.813322904675,3553.0814613171847,3558.6498655081195,3607.3897625595655,3601.890889657932,3576.29597211574
2849,255,Saint Joseph County,county,IN,IN,"South Bend-Mishawaka, IN-MI",18,141,691.7822708478438,686.3739683994479,694.0460125866695,705.2997310182508,712.0741256594623,705.6467524439132,688.54951113252,689.0365030000142,692.8351431639327,698.3894667495543,698.4669472755503,701.0636287017064,704.9004815223874,711.1586443945564,718.1873112767378,723.1528996687553,721.7305545221222,717.6957729195373,710.6466028953571,715.4708635524961,721.500496755129,729.1559641859836,726.7635678607904,719.245080994763,723.8688099822734,730.4703335956846,740.0126042809426,751.5141637894449,749.6877097770214,753.668423744305,743.85830269001,756.3591780665001,766.7951834574799,780.0097466901276,777.655673524159,775.6732912414797,779.1332376142278,771.5258368926346,771.9452065452509,774.8255295771452,798.0079776600376,802.6735731029142,803.759808137479,803.3568867270714,807.7554095219314,810.1650430430958,807.619140611595,813.1078105029778,815.9976397093549,813.661088834225,811.9934170502235,817.6722056823141,832.0039080892664,839.9518652830244,847.3370495618117,844.3409712607605,845.6527496496435,838.7878676488951,839.1266549488494,834.8529641643873,845.3023998701416,846.1495414625201,858.1801571669836,859.759314601591,873.1542314164528,880.9052216361558,895.7259023217748,901.0825587868702,903.6998110133078,907.4993874841584,908.9051236520467,917.1920737171113,930.8268925198466,943.3527604733166,958.6008899344678,968.340846910626,988.0556495049675,1007.3746995665064,1024.3420799022333,1046.0364522655493,1050.1441491235503,1054.447492964275,1069.546132053936,1076.3270960804298,1092.0201348023443,1092.1588977051867,1086.44593290314,1085.9335707895216,1091.143134405023,1135.9512861285434,1155.838583228673,1175.7857179506057,1166.5374567614058,1167.0155605793157,1172.6136348255857,1179.022465960332,1183.433194605956,1177.57091390562,1185.274091764897,1196.476576551112,1218.5252988169868,1230.2385966895577,1244.829456558079,1251.9550379848679,1267.5234375160635,1255.083107159643,1252.8629458430373,1247.5091968710872,1268.2182830417842,1268.791937646574,1276.8806650446993,1266.4739307241523,1276.8779325211297,1271.4663336002275,1290.246494903303,1291.0936222591693,1303.7710235585591,1292.3451488654584,1319.202535601351,1320.6030849039926,1338.377327850103,1327.5507235765212,1348.159287163141
159,256,Erie County,county,PA,PA,"Erie, PA",42,049,,,,,,,,,,,,,,,,,703.7592986453119,705.8136058075704,701.3262278182449,718.2266647874225,718.4021454260055,,723.7935542223465,716.949376219054,713.70522183301,716.7048589373882,727.3227291887096,732.1805415723505,741.1017690247403,740.6685794095123,747.4278616784413,743.5084232596937,739.2155319526097,730.8467834741139,729.3279261025579,733.2964772905092,732.3266843834813,731.8149737373623,735.3024557382156,748.6968877515649,753.7317952452946,751.9426981194581,744.0654603928284,747.5417094421796,750.4193889220691,759.3193195424548,757.9266072362395,764.8576802856206,760.8522556089015,767.2385458139855,764.0052981267662,765.8362820151916,770.606556789504,770.9362124122048,771.8275177582664,769.1196456781438,770.9034211655643,775.1141483946951,776.3907866422098,778.0044256351439,776.6994280603257,777.0743272240333,782.0944459120938,778.969439846746,781.4175940444574,774.2414020221004,786.8765125822241,787.2092110329551,802.7096616447978,808.2595786221775,816.5214939708133,798.5581524152433,796.7751994900393,793.7523056211071,808.4488278810614,809.3481599437963,818.7706732533704,830.4201517173352,843.3860931745326,855.9828616925549,862.8608834297562,866.5471603734524,861.6990664215376,864.9490179199034,872.9876189939632,896.9692747262682,906.1459163619712,917.2537446033677,912.0250890263335,922.0783374106519,931.738008543966,943.9912802272886,956.5964514480748,959.2303946282925,951.3812890545447,954.0853101821829,970.0524553980165,1006.5910220643851,1008.4187886306391,1002.6579048063406,989.9892372957847,996.7631241489164,1002.6879205518852,1017.4873313941401,1016.0473055246412,1016.8952782190306,1010.5768844411759,1006.9722010177368,1031.6292818119864,1026.3667273414958,1053.632608037525,1042.90736961586,1055.619918469916,1063.2887569342804,1070.5136377634626,1090.7349325322732,1089.4287888708645,1086.3675716126206,1101.9871297584598,1084.355483760875,1109.1800348287115,1115.4665082604145,1148.8059163059163
2987,257,New London County,county,CT,CT,"Norwich-New London, CT",09,011,966.5361449826837,972.8159916364893,968.7174440455848,976.8962657998126,965.4695797201616,976.9584741591096,982.7080598140936,992.451558022873,985.5662819608102,982.7316292743116,990.7813734615946,996.849318973281,1006.0330322440093,1003.1871241771117,997.613711742542,1006.7045064551257,1018.9212149449726,1028.9182433231085,1017.2834838306077,1006.8510234995949,1003.3186488650989,1005.9680180174179,1010.7081943602446,1006.1309519006168,1008.2761973784453,1004.0871465644453,1017.4091370306861,1026.1404076082229,1044.2230984267983,1049.9850548115191,1052.9035063988192,1046.6747720086057,1043.5256939421965,1032.5328237089757,1027.494411641176,1026.440946168526,1033.0197492137552,1039.296118840158,1042.052303497717,1050.81114443261,1055.6337018714112,1058.5823785142923,1058.3141529912016,1060.560631189566,1054.2689070135432,1055.1557392153238,1048.4838524104337,1055.2129654417042,1055.9621339199452,1065.7924011298578,1073.012939227928,1090.1662097282633,1098.5843698192878,1103.3005090032434,1096.5959541183854,1097.1490690381802,1089.6394339681615,1089.6477616108593,1098.7272730645427,1115.3972168489493,1129.1203088396044,1126.973159289898,1126.180839091891,1120.3187877025168,1131.317705897529,1141.347634862873,1163.136923868985,1175.7758323726694,1187.3300099899336,1201.540272852947,1194.656905144808,1199.535980189766,1198.0330988375038,1207.0526155945552,1220.9351010198473,1237.1851441516983,1265.564201139126,1277.7455222736899,1294.3837985995176,1321.5394582916442,1346.5121273281727,1352.4675191836852,1338.8676974982627,1332.3723280891597,1328.579332178307,1354.389229552884,1373.6849121770701,1405.6121515539164,1403.0873295146619,1422.6932448332368,1431.6325344705483,1467.366724461686,1478.1127415763153,1481.25687868598,1464.4466255424666,1454.5806849174776,1456.0680155555604,1461.9334690486794,1489.8563976598564,1525.0967030862244,1542.006840187637,1547.7481925115494,1543.2420686748599,1576.4900909637233,1600.65884989936,1612.4863105924735,1606.7219735446033,1590.950672741945,1596.2134221073018,1615.1646532302475,1639.1130900414732,1662.5761563788499,1685.7488061346262,1699.5313553371338,1709.7068457977566,1706.9647408993806,1720.3608438800948,1730.2210355545797,1732.8070194378658,1717.1820338988464,1713.5098926077735,1727.2014428099637,1757.8372859025033
2699,258,Frederick County,county,MD,MD,"Washington-Arlington-Alexandria, DC-VA-MD-WV",24,021,1298.3385111071714,1299.2654721668812,1315.3886329838003,1316.834584444791,1325.619930723676,1332.9371714417782,1344.5631016485295,1338.3784381874539,1336.8270408512135,1332.9353172976146,1334.4760216158038,1331.9564015843123,1331.1388134673405,1338.2121441936183,1346.9483155987798,1355.5211822337276,1348.5685675488123,1342.1731691304833,1344.4003535559627,1352.4829168970257,1357.6485797929945,1353.4605730660369,1346.636551194864,1342.8927707131318,1349.8982719525432,1354.6822370889356,1361.7511427252273,1367.7661575971051,1376.1180975436682,1381.1497624775288,1379.7570660022825,1380.577105528782,1382.5372707496158,1378.0643439202913,1372.0175882652784,1372.0282482634907,1373.6697418870594,1385.3516834923566,1393.9984467890522,1406.5598836775139,1414.6531268515619,1420.3599411747887,1423.9848353646341,1417.2285655318344,1412.689846276802,1406.737119578402,1410.0714891460973,1412.1628547926216,1409.3035601210793,1421.0795706119331,1419.6345509038722,1441.5153666172464,1443.1796051967324,1464.1731150672679,1461.638481807488,1465.922872864678,1457.193392139002,1462.9363602894593,1460.295511452326,1467.0010361022569,1468.515558651443,1464.4772206748141,1464.2309241388539,1466.5927100831948,1479.5394451740349,1490.6293163858581,1497.885994184422,1510.2023189827437,1514.3159633633206,1528.9612716637241,1537.4044736208043,1541.1559199726773,1543.6353742173128,1568.1054671823624,1589.7068035433942,1613.3270630113325,1616.1974916363756,1629.051202386393,1647.9708821381369,1676.2410488573971,1714.5249269061103,1726.9079236533894,1726.4381745559506,1711.6356266706205,1717.1536852849242,1743.2576380175383,1777.8845899484675,1806.9740653132446,1838.3932246217482,1861.5749748529186,1895.8295774629885,1895.1686071447314,1888.013235593839,1869.4077434450749,1860.1789500967168,1857.8077435457233,1859.1800531704228,1866.0590888014844,1891.2048799332224,1905.1645654993426,1921.2690891694147,1933.6499122122962,1949.9677128565784,1970.6283794052833,1973.7332902518137,1968.7301704902468,1964.895605402178,1957.295301045659,1953.4344204970953,1947.1852122342673,1959.3932437415244,1977.4618349770815,1990.829549014948,1997.68966779819,2002.5115330385397,2007.5763599912682,2018.6813948975616,2023.7018236340477,2030.4611422388195,2019.466308102971,2020.6964650543962,2029.4321311272104,2037.2934121016826
410,259,Brown County,county,WI,WI,"Green Bay, WI",55,009,,,,,,,,,,,,,,,,,,,,,,,,,,,,,,,,,,,,,,,,,,,,,,,,,,,,,,,,,,,,,,,,,,,,,,,,,838.8647352933134,844.5705801962456,837.9418921273586,843.0967743602896,850.7304350870655,856.4899013813628,860.0411903489405,873.5939575746246,898.7066290475868,912.3998266648098,917.6436246834389,927.7572853137093,,963.193643968741,969.3619200849962,963.012574961747,971.4291730988447,971.6560470668175,980.6925595984407,976.3578249000702,985.6423289582581,989.7819411908167,991.1844020286022,996.2075643585625,1002.6266819907876,1021.1434885403729,1034.0690108071155,1044.2252101769593,1048.601950751273,1046.564213861239,1045.0465221222003,1047.1149043252904,1053.308482862062,1059.8276354456036,1060.3107047593758,1061.8937510620867,1076.1602870823451,1087.6926628920844,1091.9705210779512,1088.7163406917398,1102.4328313738715,1115.3439680642007,1122.2741312741946,1119.135571306918,1120.126115326261,1109.2111551743621,1113.4237230723472,1110.4969134613166,1131.221769115518,1127.6095960475843,1138.5853174603174
2156,260,Buncombe County,county,NC,NC,"Asheville, NC",37,021,988.921168007764,980.3892913569069,1005.988183913538,1023.4537944160317,1031.1853662837827,1025.8525882281922,1032.0921438519053,1048.8728386304501,1060.809722978297,1067.4375159920958,1056.4164920800151,1059.2947869980258,1061.1565344364694,1066.6867126306458,1055.6996633963522,1053.082216195686,1062.9826589084344,1092.4481239148083,1109.5614070767754,1113.6366994011546,1112.570050277085,1111.4609452726295,1110.1570919854648,1104.0854070051878,1110.342659232913,1113.7687464131584,1136.0815402719218,1143.6734880466174,1161.514748916937,1163.3410074495341,1171.2307885499426,1178.9468087493844,1181.8323481335806,1186.3732370681946,1187.5731011761977,1189.8036551056252,1194.0265627361675,1197.7585046784773,1210.6221124755195,1211.671359557724,1212.4679828331807,1210.1696585282439,1216.153245160534,1223.9775714086475,1238.8611192036785,1245.3706443417686,1254.4430798945493,1250.4069203361053,1263.095976659298,1260.441201275669,1260.163435769702,1254.223189071459,1269.2156138746388,1282.369077452484,1291.8389897002555,1293.9731606993853,1293.8466381637477,1287.146819366238,1290.577436583736,1297.858334567779,1301.8387882928325,1308.2083967784758,1306.7355178949813,1311.5307079396698,1308.2806886344208,1315.3488148063266,1327.952119751471,1337.635118837409,1351.9428791900964,1360.4981915859537,1360.472521230326,1363.6507910765977,1373.7307257836,1397.5429734592433,1414.1086586466831,1437.3225881971384,1451.8386704122443,1481.6950190469715,1509.6155252661836,1546.9617484239022,1566.243404977849,1591.8884274891195,1607.9081581626929,1632.0693695170808,1655.316811588958,1667.6080443110563,1680.576092990275,1688.7567530705942,1724.5160144429262,1745.774653851351,1768.1512191302022,1768.934673541614,1785.7999331554524,1792.3633152633383,1803.8104548177905,1798.2600597460023,1804.8206860415764,1798.9036245425004,1822.3898489913859,1817.3350887926163,1830.9027537874488,1823.9393649067908,1833.7792304075388,1839.62735783368,1845.1980808419564,1838.4907609365835,1840.7065954070933,1836.704901839353,1838.622889384781,1840.657401740645,1854.714748501448,1876.3806952134846,1889.8053512329695,1897.419990242679,1910.3472597867367,1920.671461661315,1927.771892539676,1923.494042487427,1909.7747872340237,1890.5571663532005,1873.1201917578285,1870.727337492599,1875.0212157809983
328,261,Webb County,county,TX,TX,"Laredo, TX",48,479,,,,,,,,,,,,,,,,,,,,,,,,,851.8043141160763,853.3638135202658,865.3985354915802,869.1477730692382,857.7554575568597,861.2234084189846,855.7970034033463,863.5337354177468,864.9589352651454,897.009471524184,904.394165048632,894.9361587705506,884.3999994995197,890.673146744658,894.2567089196268,889.0130743990875,893.3054366970712,903.3726130537005,912.3003407197689,910.4157133575035,907.8494424963426,902.3941211009577,899.9332511754416,906.2682646980303,905.7008591625267,916.2739639288206,915.910793943933,924.499543650497,923.6943727522407,928.0163117806161,918.3623726156777,919.4664396319511,917.1857316332479,922.0355036198767,921.3845136713354,922.5625671030817,926.0096911184163,925.1465683204606,926.344568006574,926.1877183225397,926.5436981436549,930.5058487757633,936.60628561703,952.5393687774402,952.8029126161061,955.8749825015489,932.8149978041884,931.5754956513019,930.0226082155503,938.2883795171227,941.71068703081,942.1115667185666,949.012357459967,963.9247165909162,990.6983451167982,1011.2241895551496,1013.298971195222,1016.4338007271414,1019.4562932812527,1031.9154828988399,1031.2859552781376,1056.8215248633792,1068.5145654308292,1079.1244128729345,1067.5428119006128,1072.244129812029,1081.8125912923092,1089.6831035962357,1092.5557918085678,1091.460790595689,1090.4278150551504,1099.2816588294618,1100.5068505550828,1088.3425120135485,1087.8007986042653,1094.1621511881208,1111.0636888194533,1120.076754836137,1139.2282808180382,1156.0452772076555,1164.9315872007692,1164.989841320775,1157.687740155791,1176.2288798664865,1177.6574242656056,1197.2198957993346,1174.0208293896812,1178.4405900089862,1181.7304001863056,1188.6854151201617,1198.7069722631354,1201.352117905776,1220.3025199427977,1217.0659636390783,1212.775032883507,1194.5942528683775,1195.842654612755,1207.7267076370247,1241.8738095238095
1900,262,Madison County,county,IL,IL,"St. Louis, MO-IL",17,119,669.6396974102441,,676.8046139846161,684.7295262533272,685.5070050289979,692.9234007671149,693.105852461274,698.6578534248979,693.6624089497346,698.6919501543919,695.0101073520553,694.1133587883492,693.9016476739554,697.9286779105267,705.9193298528512,713.0605914607761,714.02249406383,714.933789478302,717.4796397791778,720.2498445653479,723.0846514657975,722.9850229412666,720.4445884170865,722.5569185172816,717.239730071416,717.6160757583793,719.6089123980063,725.860117193386,731.7382872992727,732.26355858841,734.1860794328959,737.443658239658,738.2387278871354,741.6424308869414,741.4483732092809,743.0652722382863,744.218020301169,745.2606669462945,747.6435964817248,750.0365406605941,751.0298951221581,752.9279354720386,749.608757378183,750.3329448191956,751.0197663071924,754.9506630980171,758.9931421126314,763.0997321088641,759.3158302685953,757.450662244456,760.4198003189514,771.6049902266049,774.7716764185567,771.6446922028728,766.8301258615163,766.8622428313275,765.7944645001461,773.1073335496703,776.310414401026,781.3136101426142,782.5981406055832,788.2552075175827,792.5313258615199,790.8442030750971,785.653025813496,784.8915054335002,790.3968042371522,794.7230555455485,804.9135091880293,806.5388347537794,814.508334459876,810.8015065338741,814.6977612020451,817.7653566718152,826.188751532561,831.6981915354942,833.5529235475165,838.2827777460124,838.3908501444655,846.1258098363478,837.4413194245695,842.5315721034282,850.5257339738948,865.2070441685855,885.0319283598868,892.9904953936008,900.159511929542,888.6168126405203,894.3173791593676,902.9243142078534,915.3092464476741,932.2980915913735,940.4907204366694,950.5149429596956,939.5889318331898,938.3697680462626,941.5768580261616,942.5061697266697,944.8861083097703,948.0256444524118,957.193522011542,975.4352855028263,985.979229105052,994.9317696615273,998.9764192769811,1001.9212486824388,1009.281984375068,1014.5289623920017,1020.2551128624463,1027.55042675885,1030.915126800178,1037.9971741160775,1032.641315794665,1033.839532065454,1030.1736413063043,1040.166274151055,1030.5018662203447,1029.2751973302325,1020.4588105611697,1032.4571894062174,1050.1325715138887,1070.7624287794772,1082.1779388083735
3128,263,Saint Johns County,county,FL,FL,"Jacksonville, FL",12,109,1335.4195865815984,1330.7455588328328,1347.8456644207488,1366.3291969573295,1384.6796477814007,1388.1401926837884,1397.437112316562,1401.7468485878549,1400.554393452459,1400.4935334886843,1396.1676983798038,1394.0715933473728,1393.7917651861646,1387.9046513417843,1396.7254492869663,1411.3436212898278,1433.9404048620381,1443.1789072819133,1442.735779533041,1441.3493888164041,1442.7689164481135,1443.9261552775042,1440.5020145452036,1431.120691097038,1431.2747849510952,1442.5265289950717,1470.9359086484808,1491.9384275473276,1502.1536852603012,1509.4398703376096,1512.663293552214,1517.391355480801,1505.4776907515964,1499.1411026931053,1497.5293222144517,1509.6825063524536,1520.3418051074668,1534.218428648037,1545.246837219245,1552.0227398404243,1561.5871356875898,1564.2050263059014,1576.0045221780247,1573.5545056091446,1567.8807923528086,1559.5606532040167,1563.54303895481,1571.993443276264,1585.6796758551836,1591.3379435286301,1594.6578585705474,1598.8747322777633,1605.2146939403997,1615.5267763718182,1617.9654835704396,1622.441950875698,1626.259740857465,1629.9502305510684,1633.4751568683798,1642.9517667796413,1650.8059692167155,1669.3540571854905,1667.1854041801491,1647.351714278981,1633.4722920653105,1644.0292655132355,1678.3476800106203,1694.3947789746521,1711.9195132902425,1721.1425521536821,1719.1366641548132,1721.0295557715529,1735.4082813479376,1773.182266328767,1803.1111603008749,1830.256214175359,1861.1910757385294,1901.693400350729,1948.6376482616015,1983.2853456303237,2041.4369108279805,2078.4253024730247,2119.6670289158806,2129.0742644025813,2146.2163228907016,2155.4506695291175,2162.155386037196,2184.1932338471215,2213.632270452714,2250.4737847241545,2270.057039354952,2290.312184299903,2270.5298517848337,2268.236444076164,2250.006161983372,2252.173074559815,2243.2496759950727,2241.8864427561866,2268.1175217525392,2280.506813871228,2310.796921988073,2308.7454273471003,2315.955751613855,2309.085489062127,2307.648302575952,2309.9328303937486,2302.4886643599293,2288.2371745880187,2287.2390876115396,2292.53382549899,2308.022165842018,2305.4107179854877,2308.749162663714,2305.880602901116,2316.334071467073,2325.3031771053684,2345.488935909193,2337.070726895615,2315.612845385475,2282.5620531765903,2284.9218372409305,2292.656644593545,2314.774312714777
3061,264,Washington County,county,MN,MN,"Minneapolis-St. Paul-Bloomington, MN-WI",27,163,1174.8300858763116,1187.604848550699,1189.796576455635,1198.2212149420916,1211.1760622939892,1217.3127811595434,1221.807130615364,1225.126475983373,1230.5679745781092,1226.1427543622717,1214.7999930866683,1210.3690982446062,1218.7669677191932,1234.2145463209572,1234.8979422691145,1241.6440655340027,1242.727677550825,1255.6486141580442,1258.059119874956,1261.8683898110924,1264.2473564658978,1263.9857778494465,1269.1839276837998,1260.4462874411447,1261.6230456252304,1279.8114777312057,1293.8674562742003,1313.5251063743394,1306.1291706020734,1319.0749464663324,1318.2044169743415,1321.0728436185232,1317.3934291189,1316.0557601948615,1318.2040999317467,1325.3734185792828,1328.9032024439186,1338.0199311788745,1356.4450189752845,1372.806672672298,1384.3747325333345,1381.209557805712,1380.4778474679463,1388.1134579287495,1387.2948286702947,1388.327262939519,1385.0775792712168,1391.1118971382468,1399.6520258718,1391.4717855459558,1404.8296284655246,1419.241565233671,1438.5088038941915,1437.619392799858,1438.440988507254,1446.0378569716538,1445.3256649172438,1438.5118619174577,1437.9587084601187,1450.2374448612086,1462.2707409958568,1466.7476912279667,1470.3040973434615,1478.770202639527,1483.8369664841096,1483.5259102904415,1483.6176692913598,1496.8049487479416,1505.0292301521738,1508.6387853447568,1510.3943414456553,1516.625747137799,1540.1426658853488,1549.9684833593346,1568.2154307663943,1570.8777920239868,1589.1503355906736,1606.7015456449033,1624.6596601757412,1625.442279496998,1622.2695912103295,1613.2496201945726,1618.256574707249,1619.7978454490437,1634.7412468694163,1642.907911354192,1658.9978097828327,1675.7966587670282,1708.2942675379459,1731.9837567387892,1742.5353594080832,1732.2577554655772,1716.151167682616,1707.4022846918435,1712.0637230616505,1718.181458623845,1722.0507019151087,1716.7917677006474,1733.1606831357083,1752.391936974756,1772.0906473073157,1789.290009037559,1793.9890066520686,1783.7435721053896,1766.0808911406775,1754.7754579450218,1762.1173380399425,1758.1343961561174,1763.1502938517724,1765.2348720911216,1776.24550287774,1792.8225036448548,1813.2625015303686,1832.232130102424,1839.5417094498732,1855.2339665735128,1852.3042022944264,1846.1763660666616,1827.9998727647098,1821.9440167471976,1838.907433767302,1864.01955395232,1892.5542207792212
3225,265,Saint Tammany Parish,county,LA,LA,"New Orleans-Metairie, LA",22,103,1070.6248562719143,1081.2741512332925,1086.2285294484016,1107.4794091542092,1111.2825252575478,1120.9998283502084,1111.4331829796288,1103.645722193228,1105.0095940578694,1119.514239941442,1126.638787161428,1130.355603835662,1130.3336799269289,1133.2581621871864,1124.0232952473445,1121.3738940672486,1123.5260362309944,1138.120688921341,1136.0338338307968,1127.4742869987354,1120.9658119958485,1138.0778140413447,1149.5901984833436,1177.192662208328,1165.8315912828155,1170.6354524931035,1139.9492825243808,1145.3977495666745,1144.1783023475855,1152.0351104523315,1154.8351352089308,1153.0729341890017,1160.7183920251202,1164.0640205945056,1169.9921639436614,1180.3953966824483,1178.1225394658188,1179.876755857689,1169.4799931742282,1168.7457984035314,1167.5251300873665,1169.37729169821,1174.2355092262385,1177.3055937173972,1177.3198675206634,1176.4607211345735,1183.1627798942889,1172.2210481606076,1168.7219279439948,1164.4396135584354,1174.153342270519,1178.4962770239952,1182.130741428077,1193.9552079438997,1198.6754270772203,1202.9966835606815,1198.631188134409,1194.2284473336053,1197.9851033404825,1198.515616057217,1201.801499807661,1196.4566418499635,1198.3565896596463,1199.0834341098298,1198.9226898875274,1194.1798369263156,1200.9411359101593,1205.5821306481823,1219.6169101086575,1223.786593483423,1233.7266062254077,1240.1012256456816,1248.1249556446087,1247.1773133061631,1246.4058437433453,1256.5895701953207,1283.9069146439267,1318.6128271774492,1349.754069078417,1374.6563891314777,1414.4323915179125,1448.032063528241,1476.8583391334967,1493.6860064372354,1499.9873022166548,1519.2686244926929,1520.9870925254656,1537.3902310283827,1543.6147288081957,1545.0847160824185,1542.5310546308544,1529.562744225431,1513.982575744062,1498.1451878443675,1488.3365926925349,1485.0442517454708,1478.1294297295683,1472.7869071687453,1478.7011095888768,1494.754565264039,1508.9254176466388,1511.8506494993742,1508.568113314993,1508.764819505558,1502.8823875177234,1509.3260262347603,1503.6741066244203,1504.839201403493,1500.3364029620968,1496.0436152463776,1504.4993431735138,1516.5120406279882,1532.2067193439348,1545.8520217841165,1550.9175298616594,1555.8644993076234,1558.8562329820643,1560.288391898998,1554.6714988747092,1546.6069745596672,1534.2683666121047,1546.4077596873778,1556.247324306899
625,266,Marin County,county,CA,CA,"San Francisco-Oakland-Berkeley, CA",06,041,2466.249594506275,2480.5904793889295,2483.887305382233,2470.608964429736,2484.0254190893706,2522.826111919549,2549.2469901493314,2568.439058229533,2561.4064645499757,2565.208499257527,2547.4919405892006,2592.1733842154013,2587.16799872924,2603.8765858292304,2575.4142420709068,2587.990037308418,2600.486007777179,2632.65894086945,2666.226235805505,2677.220812071563,2647.215460290764,2611.460198450481,2568.610314967765,2560.0710398804295,2596.588931262151,2667.9529682021885,2698.053261930918,2698.6178543100164,2722.8566099866584,2729.9855462544256,2757.210820065476,2747.352192199005,2769.8042432242264,2751.043339020926,2741.3404118480457,2735.939642431954,2739.1194114724085,2736.0556390323354,2761.6778015469895,2790.7111757714624,2833.115432459541,2844.7689448130163,2849.6557336088385,2845.8659469122354,2835.105266738555,2831.3466849648657,2798.7648473573267,2787.7987488875024,2784.208403656859,2817.0283902079814,2845.7644622512735,2871.06524570369,2885.659663446725,2886.5028092886805,2908.8027485227854,2912.358316446528,2919.8200443603487,2920.1607361072674,2916.3428294633404,2918.5799348136034,2924.5191081858597,2943.9786527698434,2941.5688526428476,2925.662220720784,2907.312862209085,2917.392101010663,2921.9325627039398,2941.631560512638,2961.932834310861,2958.105794806351,2939.9208803962033,2941.7759399001425,2933.2339588514546,2958.3510671126114,2947.4802193732066,2980.4271814635426,3007.1468942935235,3046.212616844587,3088.307422869413,3118.4864687283753,3139.3268560548777,3147.3540716971866,3164.8586204053045,3177.497780904132,3212.0751431765575,3204.6661306928427,3232.4616224048928,3250.1549034173204,3297.7775165889107,3317.402325850824,3332.6416511012003,3333.6235759114443,3328.626529253576,3304.2004016660453,3290.2423226564524,3272.5621753864557,3257.1263679037374,3263.55383490928,3281.032510635955,3306.0174359647294,3312.894761811355,3331.058039870164,3340.5285316472023,3356.4053489528524,3357.4601741141223,3369.151851446136,3345.5668350709425,3325.2720802128215,3321.9407497591155,3351.1274271939524,3397.905824974227,3442.1055460666785,3475.7568069416056,3481.529866736766,3484.6297396036052,3489.2805609002153,3490.9880769749075,3468.7591152509003,3454.6391347057847,3433.179210100277,3472.121066892803,3486.051133133219,3554.195647399421
2188,267,Cherokee County,county,GA,GA,"Atlanta-Sandy Springs-Alpharetta, GA",13,057,1167.596913834673,1174.0186777582492,1178.5335526694678,1186.9978958368142,1194.9608144315932,1210.1959434851449,1217.206111581203,1228.378649929105,1227.0479418837904,1229.0787248819706,1224.414009552313,1225.2640441041096,1232.0843805149607,1240.5838163556543,1247.1130228575905,1248.2114618117462,1248.7423917213885,1257.5678676690766,1264.0815883254413,1272.35058530405,1273.951496421911,1278.3194125325826,1276.159674693841,1270.9136394178038,1266.6548146924283,1273.6315971041788,1287.3206092356386,1309.211526314227,1322.823375321146,1340.5065483093638,1343.5719078048214,1349.3088983048783,1351.1839879169559,1354.7450553921312,1352.9973259814924,1349.4866955029422,1355.0290072348844,1362.5604547327348,1376.0554493094776,1390.5652769316098,1405.4205670393587,1412.963235915586,1408.8881760270901,1408.675413516878,1402.7912648004963,1413.0458552160815,1414.2266690781614,1429.2848675550074,1429.392968143785,1437.541433420697,1442.2846235468835,1457.663489038386,1477.1765317409806,1489.078665428219,1490.8508145236472,1490.5716555359218,1493.1875162726833,1488.8548020295493,1489.3635768195286,1475.11608321311,1476.9460364467627,1480.588280104803,1493.0251586526945,1499.376092916142,1499.8326362984503,1515.2920183591932,1532.7953907564818,1554.8473976483028,1578.5510821363569,1588.6388337901933,1597.9143990402893,1606.162600015777,1615.516525674287,1629.9776845961237,1642.484876007778,1678.5939500139953,1718.0393326187072,1747.681186662141,1789.2073653772968,1822.9962964547924,1862.0155744704346,1888.7481645822188,1889.1624794308411,1885.9156296319393,1880.4128562840203,1905.8459544287412,1928.8591130026477,1945.5693733196513,1959.1607850896503,1989.56443540976,2026.2769830953741,2050.2057627703703,2046.5452029439841,2018.62662804702,1998.4665912590337,1989.1043398205925,1982.5666673978,1979.2968623753054,1994.884259708976,2008.665895277884,2027.07356673847,2025.1847362648316,2037.5778950362978,2041.5394504255087,2053.610138755525,2054.360224439587,2051.1461599218346,2050.529505165002,2051.5788406268134,2052.710499369084,2053.8450281080786,2066.335510374304,2079.7296288262905,2103.4686810682933,2108.8171270820735,2116.9255841022896,2111.2555803083897,2105.933196189967,2107.3762198356926,2092.1896736715275,2088.354403196319,2079.1957410036835,2100.2688888888893
2761,268,Kalamazoo County,county,MI,MI,"Kalamazoo-Portage, MI",26,077,778.8070389450348,782.0582174097616,778.1938192185664,780.9160325575275,772.0682839535601,766.5670088426032,778.1392753649448,790.5823821424406,806.6573494970818,803.5619349106529,803.2581519718799,792.9106779994621,793.1828379903078,800.0885793708658,803.6158365394041,809.5741786224098,810.3865152521248,821.6151804908753,832.1742202654867,837.9946598302085,845.5715749901666,834.5130983515079,826.0414346728113,822.6993527007805,830.6585488480738,841.2535569436802,846.1681850426826,853.7016741138126,856.560627890365,862.0439480656039,866.4180028308176,862.6659660946227,864.8251723717468,859.0051384474997,871.135020696407,867.7809881640078,878.2098451543058,881.1149838966967,885.4721016775025,896.0306168165787,898.4614998330513,905.6912994321084,907.9947482048551,909.1313076277696,916.7614590404564,922.7288578379492,933.6297114377165,930.9302995408231,932.6747825411128,937.8977290861086,943.6408669417542,942.4637149484566,935.0978299076248,943.5290792951013,948.2874524064762,954.1679683053601,959.611112879949,967.168634203383,973.1294805930772,978.2141738166653,977.1928049684974,981.8573847231995,973.6350295545615,972.7302437166577,972.3630140586729,980.616921732707,983.7782428573706,987.1154268948538,990.7051890808507,999.9240089785264,1004.550760543267,1013.2144963746459,1009.6927156895188,1019.5405155009774,1023.6823507764672,1039.0259057134137,1045.7512823162751,1053.5690828337479,1069.3950981134842,1092.100575425359,1104.5696083535054,1106.8568626164677,1104.9954885597176,1108.9789579220558,1116.3693200419552,1121.5538521144579,1134.4671479935173,1146.2134784076093,1161.5043532942777,1173.9537039298343,1183.2883945102162,1184.6267877369162,1195.2306773218745,1193.3911021023814,1198.8435903324635,1185.9120885363939,1183.9788457531502,1183.6836085030034,1193.8468196218205,1202.887080599077,1208.3923940127677,1213.8895058819667,1217.381451852269,1215.4648334151263,1209.7725279758024,1216.4391102074512,1221.4690573903067,1224.916981997374,1225.3331696242149,1231.2933061221574,1245.9982320279046,1247.8256316297939,1255.233759601377,1258.502637026395,1265.9400979193904,1272.479028329124,1281.3861884619198,1301.305711598293,1305.0050701576777,1304.0023589924199,1299.7322755300772,1309.4819021372246,1312.4583333333333
802,269,Weber County,county,UT,UT,"Ogden-Clearfield, UT",49,057,749.6826043288658,751.4691453824049,761.5322958862048,766.6667477440573,776.1872005708241,775.8814206341436,781.2758302872239,776.8244626625802,773.270250578183,777.1482144434037,781.7244470248593,784.2355567929518,782.2335908985974,782.8181280790369,791.9595834833202,793.3252970352173,808.4278919302865,824.1690817886821,840.3563754619963,843.0877909427398,842.7877756310769,842.9620024528101,843.9455776618964,847.0188775542395,856.5856661668942,869.6332419177347,875.3480735825688,877.7826623428131,871.1901739776656,880.6064373878521,889.9353450274149,897.0534099949749,895.2429984820097,885.1853555671111,886.6503034542739,887.5586231142673,902.9078974390048,917.129205969022,931.129033158461,943.3088909131458,950.4061865538895,957.4475234416692,955.9040948085873,957.7551941192424,958.8725956694474,956.32762785893,962.1861475175946,963.4469250028053,978.8090431008737,975.7096102564128,997.4847168974319,1008.0061923987314,1029.3159844198274,1029.6063090856812,1034.0082179009664,1039.521456224084,1038.5282861999199,1040.8295781862798,1046.5328598461929,1055.579442472005,1061.944687387009,1068.2964530913068,1070.6237590906321,1071.986675758332,1077.07339735115,1087.338985266127,1098.8430589974648,1104.349236463902,1108.5042742013218,1119.3330414777606,1131.5181226922734,1133.4820865816637,1147.3843551904347,1163.8832227350008,1194.5870997299805,1223.7785537223283,1251.029711052895,1276.4232843122031,1286.58322320319,1299.652318933213,1311.2594911485216,1322.9451974558344,1313.8452657250555,1338.7088424236954,1353.119235363395,1383.3456056515977,1383.8953569304615,1410.2607774812109,1429.6956513028592,1451.6253671992306,1443.1002152713004,1444.156428499778,1439.585636246538,1452.13529007646,1440.3137058528096,1433.8705842650254,1428.587388499103,1453.4386698891594,1478.3702281542708,1496.0615039780162,1492.4241804745434,1501.0700079591666,1498.2919762934964,1504.0288307966696,1485.7061993704108,1485.4429522525309,1484.5401609315654,1488.6665811802109,1483.5774079230216,1488.538546178113,1498.8474836529163,1516.8206637644014,1520.703918036506,1526.5056619892707,1525.9217947634413,1531.6416666227792,1517.6524684323624,1505.9435183412982,1512.4739526428918,1518.3992494032111,1525.4200044631764,1523.6418283773005,1542.977634577482
3122,270,Saint Clair County,county,IL,IL,"St. Louis, MO-IL",17,163,784.1002149212464,781.1977802539797,781.7403090050134,787.0739457419621,792.6297513024074,794.6515206558906,790.9209725331727,792.2941097571804,791.06723276231,792.105425379174,793.1426559183342,791.4629711279086,794.4021921361461,793.2661047301759,799.842182676649,803.2572311803322,807.8066826252843,805.8999367575398,808.2051158499526,806.1769648575539,807.761805930814,802.2996553986313,805.7202702498315,804.2899683490116,809.1064608560596,809.6769883824197,818.3004415830686,822.5411021555445,824.8799660057064,825.7438379846039,827.7439694812264,830.0662748974597,828.600495789751,827.6610836179761,828.37480551865,833.6518050117317,835.1185789430502,837.3741917137369,836.3998020063623,839.3367983630856,843.4860637015568,845.1960182689097,847.1256583780748,849.6687198400839,851.1661641260293,857.7787091831193,860.2668970598643,859.9041947882027,860.136845546304,862.218566202306,875.5058732443623,882.026361179598,886.2168822101717,881.9773581190947,875.7125176474168,872.9056030911316,873.4951421838737,876.5976331700178,881.2333612208624,886.0498469567491,888.3041390753376,886.4947083223291,887.1669465346009,893.5682924551304,903.0453537350866,906.1029826754104,911.1387610152793,918.7395664805177,929.5132976182601,928.1111571047003,931.5328343439127,931.2166565438033,934.1896984295764,927.5458700493242,934.496288077609,954.2259425307127,974.1892116635856,983.5072213705623,985.8827327104291,992.0925674015584,1003.1821587073431,1009.3965671186692,1019.4899767769218,1020.6637157354554,1037.3668330668886,1045.29328986368,1054.7530432507078,1051.8904277578906,1057.873710289995,1073.5594659428195,1084.8543895823934,1091.1953739874687,1086.9449453372324,1091.0752610969828,1091.8269896620272,1094.5763440692115,1101.0040986662884,1106.7983827050339,1120.5645572789779,1126.5266329666324,1135.161401738251,1140.3277214796267,1145.6358137053448,1147.4572068500167,1150.8692612280568,1163.5425288473266,1175.2381645091368,1180.6191905444841,1169.859637342916,1176.300222197021,1192.1705900322308,1212.8863555388255,1215.915646127204,1205.1861811604992,1209.5079595294721,1222.5025228958225,1230.0631069211004,1246.0545814248485,1247.15739856448,1275.8294604170928,1271.0439945255628,1273.0978942044212,1283.812878506983
1761,271,Harford County,county,MD,MD,"Baltimore-Columbia-Towson, MD",24,025,1193.735833272536,1195.619239542921,1197.2029046354687,1206.7543520060162,1211.7891444707423,1214.3998357213802,1221.3573705079257,1216.6371737285865,1216.7520577637974,1212.506479020335,1211.5544244801113,1209.5388714743704,1208.6510572026796,1209.8848203623052,1216.5099035408186,1218.8845607356538,1221.6857392849452,1219.4019576019386,1221.252245894384,1218.6590126245878,1218.5541902511102,1221.263705285293,1220.247649155022,1205.7995596939118,1206.6281456479546,1214.276491476367,1236.6415021684334,1236.113853142702,1238.042637727763,1242.3212795039224,1246.4773670538061,1242.8445209738659,1234.2090426334005,1242.1695040190707,1245.6400207187544,1246.2691317967592,1249.594372225334,1259.6243316522741,1267.7943847929778,1261.3631685259006,1259.9194885224513,1261.1724228928092,1267.837676065075,1269.1430256303036,1277.7974815322711,1270.363605531414,1271.521211287931,1268.7205460901391,1278.179768917128,1285.7259193879552,1294.0412812471675,1308.9419761628508,1312.9378211743028,1312.135677168886,1302.5101514781213,1309.3664781371028,1313.5478497843535,1316.4693100243962,1312.5129968284425,1314.0107433353605,1320.0753958518605,1332.2487147177687,1341.901992917059,1342.4267710042789,1336.7666554404236,1332.1010020524102,1342.3488256319235,1351.7281051785033,1364.4300436100787,1363.587813243966,1371.1953766928523,1373.0297513127537,1382.1240527918726,1389.5950665033836,1399.2073524888758,1422.9599234688462,1437.9949412316566,1465.3893642067142,1471.3028696419155,1500.2262563271665,1517.3129540060215,1534.851367202186,1533.7850058493668,1522.9743731440205,1521.8907847488038,1527.0196047427892,1552.9895439452982,1579.1065800320584,1607.1583421436558,1624.1256371963689,1621.241887269348,1611.4901463438819,1603.8270736482616,1599.162829241507,1607.6605483467872,1619.383678094379,1646.2016806933136,1652.8601501760936,1658.1932899096596,1657.1108662664287,1666.9670899980786,1664.325894136308,1667.2043212749543,1671.8321708804647,1697.3601874826886,1705.4869536746482,1714.5399923163072,1693.066087502542,1699.9494076737901,1696.3209194829712,1702.3540412249563,1703.6882789643155,1716.6877098034888,1753.7088665261988,1780.543372528769,1783.5834446062806,1767.3295755722138,1751.6179495042506,1740.4154875068596,1741.3325765246714,1753.0266730227509,1771.2358383619592,1780.0937019969278
2429,272,McLennan County,county,TX,TX,"Waco, TX",48,309,962.7268663547096,944.4290325103686,950.9028503602992,966.4368308688549,961.6368772522541,965.0447988351116,962.0644690150273,971.2281932079406,965.4840274908111,965.9400717448208,974.0146153961834,976.2151726730922,979.3481615216306,969.0304579026666,977.4167234600193,982.8004248019729,1002.1447620429028,1002.37940549652,1009.5755808038496,1008.5157523454712,1009.9367841579271,1007.5069866977271,1006.1100922675073,1011.881965207944,1005.7054786206176,1018.0976146100378,1013.6521576611243,1028.9662409465548,1022.466650762499,1031.8942943910063,1031.1743974233204,1040.8309618519677,1044.7293745086342,1045.7198893893874,1045.9221782888237,1046.216685935065,1054.6982491675096,1057.535638930023,1063.8403475476327,1068.6535696455533,1075.8352779189606,1077.5026869044193,1078.1562354325433,1073.6966569865604,1067.708964110659,1068.987154688622,1073.0151026694616,1085.3498923442025,1078.7358120241074,1087.993461583286,1091.7013753364865,1104.9154994014864,1108.8032498253585,1128.335617967861,1140.2863851770553,1142.8563675855012,1132.2384929509885,1123.8012326250093,1120.379248255888,1124.1513552156907,1124.9053267467978,1131.0791671786978,1131.7679077875691,1153.1950087024861,1170.9533063829385,1181.9594505489424,1173.9597832045768,1177.14577580696,1176.4845485616095,1197.2685712342866,1201.918656911153,1197.7673505868554,1191.012322461139,1189.155365737517,1204.1231770488698,1215.3890773578048,1235.9122662024047,1260.2967847340024,1284.0956860537492,1307.4554484964215,1314.8352216884327,1334.5907770557362,1349.6679109145223,1362.8217042891936,1350.4952288189215,1357.9553922671469,1369.1508644071266,1411.1718430859435,1431.4504614124905,1473.4842733265557,1481.5129182050746,1495.39382561214,1490.840983258416,1485.105123100882,1477.8561405779117,1483.873728271818,1497.7708392199277,1498.047690388553,1497.7577031457897,1499.0102283140343,1509.324985204194,1501.8501136850616,1514.914763886661,1519.9474316837282,1543.08402529059,1531.43810087418,1522.7939670403807,1516.1862900146891,1513.2862402837281,1525.0062634905532,1537.602233944045,1550.9350137774052,1555.0379883098135,1555.0020426042754,1565.3123601401667,1568.8502171481937,1563.6328980153664,1563.6376539811354,1566.7135611937924,1560.939520752904,1556.9023074966688,1547.162471566843,1557.652608401084
2914,273,Cumberland County,county,PA,PA,"Harrisburg-Carlisle, PA",42,041,986.2454496434847,986.6320047612517,992.5781057877653,993.7631379614794,995.1116690335708,977.1874766654794,974.2662364487607,975.0796836694764,994.2511498489616,999.7696121925247,1014.7847772232117,1016.1509308855891,1024.8267816752577,1015.4556861595959,1000.5575257388118,1000.3322462967927,1001.9033139712399,1027.9372721744166,1033.5066166942063,1035.4614383784653,1033.285083279818,1030.1275060825828,1043.9047570544797,1046.7526143095552,1052.7871148666204,1043.9404266697732,1050.7350335624847,1055.3692813986233,1061.712344433629,1066.4847034230443,1061.4124897858758,1060.2429962704957,1048.7935143145053,1054.2623589590205,1061.0033824972127,1070.9349202373544,1069.3506708399284,1060.8738153276681,1064.1704849666778,1077.3605158443959,1093.4005763111466,1095.1502767657157,1095.4057221196633,1103.2177361105735,1100.5145848090915,1109.5410565756858,1104.5244515404609,1124.8281614576022,1124.7364680859303,1131.8803365451713,1131.925187120807,1138.1529320744394,1145.1907921997588,1148.5914594721917,1147.931267272158,1146.8835268874216,1144.4200814137039,1146.7170449018531,1139.4299173139252,1133.4939414524256,1136.5578352911473,1150.9997238193869,1161.2404896795724,1163.9019532391517,1167.1672646043266,1182.7170941662675,1190.2707072969936,1203.7494628828217,1204.9226875612094,1210.4534866259876,1211.52300176897,1210.3993221300545,1217.1193729773966,1224.486394117792,1243.6812112099647,1259.8860390573998,1278.4866352477663,1294.5409244928287,1318.0678011292503,1341.9630299171545,1357.5257074928224,1365.1735415963003,1364.0340411302088,1368.343359716853,1366.3005027559557,1375.9823622207234,1396.7132743479867,1418.4289500108077,1435.4877915043899,1443.627328212249,1461.6951031052329,1476.599937799657,1482.1222787842923,1475.0608637514208,1470.0761120764937,1467.2621254553335,1472.0601419020365,1472.2916092718028,1485.6454798160762,1499.0414847746679,1518.0351310854353,1529.886730098107,1546.574391681196,1556.8549628831088,1560.7117443533166,1561.8507483893122,1552.0951116739886,1552.74878967897,1532.3187152421738,1529.28375738557,1533.2690956650763,1559.7433858540317,1571.4168898699616,1581.5783224494335,1584.7068690586975,1596.6641288572887,1588.7237559568198,1583.153520409002,1582.2487738004986,1591.2169263637268,1598.2419679854781,1608.5454783267605,1615.3723892626858
2754,274,Jefferson County,county,TX,TX,"Beaumont-Port Arthur, TX",48,245,803.7796424696744,808.8093394966307,814.3973530500422,814.5828854291818,821.7428698775898,828.8802500855704,834.6527750176984,823.0464679898652,828.2702550006262,828.4915408081647,843.197745638152,842.0813479161369,843.5675165890187,831.1702341879153,833.735189226483,835.1803436204178,848.765082390003,845.9530467182122,848.8748998205006,854.9532523654677,855.660216311326,855.501350374641,863.7013220968286,870.2495713244081,881.2174764407376,870.8962787389949,871.2793796319423,868.6259923926723,881.5818621222795,893.3516871417662,899.7866440102947,893.6749712829799,907.3523371589334,923.4345692601673,943.9999356726886,946.0123692253547,930.4149386402917,916.7311087740611,919.8492980203266,941.5552825577518,959.6963994164034,961.5993580035874,955.5803068630397,956.068353198495,955.4948327891877,968.5498890162478,980.4896763584752,981.1919321835079,972.1837038622594,963.3025752560835,970.3244653850885,980.1582920412835,980.9874650844978,985.6419483532861,981.4577685806506,986.3134739725735,989.0402564683824,990.8538369646104,994.0752699014719,992.2784613647796,1000.5048318057528,1005.6170047081879,1028.0203196744014,1036.2602135108402,1045.3515296631258,1032.282691533465,1031.6741171400129,1024.8461136783808,1025.797416847665,1022.7008318925499,1026.3193393160977,1028.8737789047666,1039.9563033356233,1048.3611199282168,1062.8481461284832,1070.5920118039655,1070.0389203763407,1067.9858440472726,1067.341002778545,1074.7515561999567,1080.4711019943763,1083.5266809029533,1091.6328425821546,1103.0615553646398,1116.0925108102583,1126.8501619888866,1128.353846627126,1116.5771258043653,1113.5098932929648,1114.6872115226618,1130.9146935440044,1139.822254434626,1140.757667490331,1144.8659433446421,1150.6528501252155,1153.5383736768533,1152.8415755113472,1140.955507247435,1140.1894547417994,1144.4782246775217,1148.8207157425775,1149.1990391212855,1156.8162944853777,1165.3779162735943,1171.4575331809344,1171.34212895026,1171.5187260194475,1179.4263071812065,1191.1852958475442,1206.2140920194045,1214.7162286996584,1214.6693929248365,1217.739827911731,1223.8695674664386,1235.286089888705,1239.9722498567696,1244.6042648888345,1248.1881789208726,1241.6889380835855,1251.658507710512,1247.6941767486933,1257.5014941993325,1256.181216931217
1503,275,Yakima County,county,WA,WA,"Yakima, WA",53,077,,,,,,,,,,,,,,,,,,,,,,,,,,,,,,,,,,,,,,,,,,,,,,,,,,,,,,,,,,,,,,,,,,,,,,,,,,,,,,,,,,,,,1118.3629178378176,1162.6808595348016,1179.1930002576944,1195.9731912416291,1162.491832388934,1163.5145272871498,1182.8901299873048,1217.7496208159764,1230.6093585644212,1218.3431664176223,1200.5504112275753,1206.1882562078142,1224.0905601179493,1223.203088977075,1212.0196839193222,1202.9332883200782,1225.9724922377143,1241.9848869461107,1256.7724146205267,1263.8762142300777,1280.7159043706947,1274.4450938499456,1282.9208572946236,1265.691940700065,1273.5378136845852,1266.5680762929414,1274.5147499933441,1297.7488908638186,1309.0442921815043,1316.766911834918,1317.2040398125596,1325.260186170703,1338.6306759614433,1337.8139818522081,1337.5441945928862,1348.7147597813964,1339.4597703045656,1322.206085495626,1308.551282051282
126,276,Clay County,county,MO,MO,"Kansas City, MO-KS",29,047,893.5879810403529,897.2754919714203,894.3133234064505,903.853091021219,912.6777136037352,917.9545095167567,922.6354679921898,923.1557562065094,926.2109406909273,920.2272858289165,919.5252389923699,919.5501126471266,925.7355455942176,925.6700478827431,921.7737428289136,930.5926975397797,932.4483720974705,938.3279771497971,942.2138278172245,945.7504292254313,959.8125810956896,957.9590797275038,952.9934552211233,948.7613064688156,945.6490764330041,956.4096890651077,959.5871187229477,971.4136872085213,982.0928906928295,989.3081873497147,985.5924021392345,986.9079423644752,987.4063070750541,991.0456850394153,989.4790566617912,994.5768443274634,994.4913202156953,994.7145706073404,994.9507386906503,999.6908303125379,1009.9912801545335,1013.5656501266758,1019.6235838484511,1017.5911257348106,1020.9106813002816,1025.3973753425096,1025.9141480940452,1025.7858228573198,1019.9960808130668,1024.0144598227675,1027.0786690956115,1038.4512479734692,1047.7203076480125,1049.8894666174847,1054.2690006411412,1056.183658968311,1063.1408847004166,1060.9813488948107,1056.2094305830399,1060.4074060240368,1062.9708936408617,1070.5450688055594,1071.1239306604743,1079.682927949614,1088.0616008404734,1099.712893977936,1113.5367917609294,1123.7325583547467,1125.2845146412803,1121.5673667439396,1119.7877315978935,1117.5971289908728,1123.7360916697262,1132.1771861099353,1145.327603587547,1154.8590185683759,1170.2632702899386,1191.3785697588983,1212.9961153576412,1227.4437474218241,1236.209537291316,1234.7257458212143,1232.0834942664037,1235.6152426736157,1240.1012891155838,1249.4619750886477,1257.2140774454094,1272.8565055668107,1293.5678826058513,1309.433727698653,1331.8279242632675,1340.2753656036405,1343.556763504797,1334.573018740765,1331.4212567432344,1335.4082762220928,1340.601758862752,1346.5227660561013,1352.667747360804,1367.4943926421877,1384.5941815917872,1392.1252461812799,1392.419647644125,1391.4254312970088,1395.8571568226655,1392.5448754254046,1388.593699293445,1392.593990204883,1405.7498746401013,1426.2081553190521,1436.5120972328643,1448.2425247528874,1459.7074958044784,1471.6868373040566,1479.9505539572885,1482.3140943967182,1482.883173983139,1482.178573876627,1474.6914465414602,1474.9266423995819,1485.5739654069093,1500.5056193515702,1512.0160675381264
3254,277,Chesapeake City,county,VA,VA,"Virginia Beach-Norfolk-Newport News, VA-NC",51,550,1258.1150071006782,1264.8710938559154,1267.445874545876,1272.9749282597309,1281.0901071874302,1279.9715697957083,1280.524705798843,1280.4574767761544,1281.150195267941,1282.0128956511908,1274.425677540717,1277.906393640138,1277.0978785777395,1280.7020898971377,1287.7297871487538,1292.3467642057522,1297.3656034324572,1294.2503996770786,1291.1914889130162,1286.4188289723172,1285.6140366947614,1282.77084892797,1278.7694263766712,1276.533842352752,1285.8025179893912,1297.5460576692128,1306.2664506219564,1310.5215413695744,1316.4085317059205,1315.9923381749766,1316.6378212043358,1314.073793232639,1316.8000194748588,1317.1839133213382,1316.9651848205428,1319.0755150836753,1319.6274119312,1321.2672622009009,1325.488689738452,1331.8234955673292,1340.8535703377736,1342.6532565159985,1344.4384222892654,1344.5928247966306,1342.8780816219864,1344.4035812161646,1345.34237868597,1342.7892219591154,1343.0104550855633,1348.7238835209678,1360.5438946273096,1367.4050435506226,1373.6995481661684,1377.4698583896152,1379.4937616930192,1378.2597540389677,1385.3162930397764,1388.7370295930095,1392.3132354182358,1385.7844492260467,1393.4224620683124,1396.366746417599,1404.0937168686185,1394.890723800497,1394.4614717754744,1397.708114322594,1413.6542022090648,1430.9606081662123,1442.9900062005136,1451.4346443428185,1459.2931493196938,1468.877122106235,1475.08109825493,1472.8705968020954,1483.0904531695953,1499.2220421954332,1529.1332355229513,1555.1774639377518,1591.86201329666,1618.0951942189358,1640.4395264443972,1642.6319715664833,1650.6929030120605,1659.9527384782534,1677.4798603185898,1681.223363996123,1685.792201104146,1691.8923271901538,1721.8832155455336,1741.280528886251,1747.780444054955,1744.6146300574765,1741.5935561883118,1748.8921097907562,1738.2799348389035,1738.8376521788934,1748.925942234915,1773.4402014854008,1788.6273713970656,1803.5464539323264,1810.6892495223683,1815.6836552126467,1811.0422893032653,1809.009542961113,1816.0552511481676,1818.9335659152282,1818.4052748701695,1825.7533823181086,1835.0960799966513,1841.8095330846745,1841.8438108601476,1852.6625976381558,1882.367227166694,1909.794623345093,1934.9802097091635,1951.0654787954531,1952.7816299664016,1946.7470325909921,1933.0946334185867,1914.880267981169,1918.0751686308504,1916.7119610544746,1951.03170189099
1711,278,Forsyth County,county,GA,GA,"Atlanta-Sandy Springs-Alpharetta, GA",13,117,1310.684311829936,1306.6295510135299,1309.102808524802,1323.8880560068762,1334.6256278420788,1348.8889152510963,1352.5263465945452,1360.0844952392363,1365.837209600209,1366.4792198625714,1365.6800054200444,1363.5454008428371,1363.163714614049,1374.6286418840168,1382.6456839151792,1386.918906563468,1388.2850806115766,1400.621032360681,1414.6474886608596,1420.488732087608,1411.4222017515092,1408.2116455987873,1398.2942431262268,1391.0960211624651,1393.6381753337048,1406.9061302493283,1429.5521040131712,1442.2108531621639,1453.8906604342274,1467.0255444837483,1471.1817749597662,1471.7247378587654,1466.3313818105476,1463.243764583688,1457.2478114442151,1452.788738767544,1464.5138131290594,1480.3570747133165,1493.026872909836,1495.980535299953,1502.7647715883852,1511.4319517300798,1516.5056548945781,1516.9158899120393,1512.8707081478353,1509.964960528945,1508.6576294809981,1503.202991248053,1519.7899918215426,1541.777537099274,1570.299948571548,1584.4333289328827,1582.5445147174303,1583.755875542801,1579.541187179168,1573.6306407110746,1574.511083588256,1564.7364989481136,1568.9971205478505,1550.6659774126533,1564.4337864548531,1580.127635546213,1606.5149611250254,1608.2238243704535,1601.0813935909493,1604.9952904921886,1618.607333668431,1632.6746823554945,1644.8638117344715,1655.704922861369,1660.3749719893513,1658.8934532781643,1668.0614025187233,1706.0308179008077,1743.85194389678,1764.6860706336333,1782.9815707833486,1819.0334575704378,1857.4598443052012,1893.0971516268667,1929.739948263473,1957.1652973415883,1975.4889557441059,1974.6558333580685,1984.224592778832,1994.3850318441507,2025.6880164254324,2053.5372433656794,2086.775270840529,2105.9694383900787,2132.3767823700055,2139.6334783272478,2136.6729510851846,2122.3040692081095,2111.814038940995,2113.6002349299447,2114.0202442945824,2118.3192713822204,2148.9191051480393,2158.7520797368998,2179.2881541536367,2171.0650072803146,2189.293474711287,2194.4433523649277,2194.0648516920187,2180.478733732898,2168.364279020447,2154.447109365064,2159.2829439673164,2164.243870033681,2167.89534048706,2178.2841617646254,2200.184104829511,2229.3686427733137,2237.4170242007,2229.32213799008,2212.660895206827,2196.0704665388407,2187.888111026851,2183.6713888412482,2183.9524348791474,2191.097199185538,2209.8796807239432
3048,279,Washington County,county,AR,AR,"Fayetteville-Springdale-Rogers, AR",05,143,849.1298400457894,852.1581975941268,863.2137890324502,872.1475630172517,871.7862289815632,881.9926527263348,872.8009172125618,875.4690010191869,867.1582358110544,865.8007781698175,870.203663422225,885.3155076133601,894.745765747537,898.2536777185044,901.1261015689812,913.7711568702092,934.2750067337475,935.5291097329196,933.1837328944338,931.9854740029984,917.4179363715158,916.1576934993863,908.2650132705335,920.857444282278,930.3817710487435,952.9879262477309,968.1311751850214,978.2095126404423,978.4102513586486,981.3310508897974,983.7349903547263,987.6737350390182,987.6089473095329,982.8521986067618,986.1186221530947,989.124918798355,1001.8270576541738,1001.2461328004035,1009.4244612562911,1007.4231509348385,1014.9224047037604,1019.2353876003739,1027.9839499797893,1028.6004963993948,1022.2214563881687,1013.0879292106116,1010.5833109711216,1019.0180252029176,1030.7255883396865,1043.899030276156,1053.4886728759566,1058.78596668524,1058.99554026307,1058.2426451149415,1061.2302412458637,1060.8074150910568,1054.8497712099502,1046.794815596927,1041.7333433674696,1044.956136257049,1054.1719495005298,1063.1683109940273,1074.9372358327216,1079.8985513414007,1084.708656765269,1088.5414554453023,1091.7650112783438,1093.9705014259278,1103.82888018679,1105.7376100506267,1110.0903580559695,1101.334165868659,1112.2671859436832,1126.9063107610627,1135.1478321215118,1145.6290474604082,1152.0887463763577,1176.8969391567132,1191.4763822936163,1204.176268964092,1209.532518937287,1215.5978555162358,1230.9687650091835,1240.345763899033,1246.217380285429,1244.5147698320004,1249.8905799779752,1266.6970689542366,1280.0711332854132,1303.416635708521,1325.5808193521166,1358.4197341961692,1369.4176737067746,1366.9972521913132,1368.3555253831505,1368.7803842113055,1383.2746988219862,1386.6075874649612,1402.03665195527,1408.1363689312952,1416.9184013697918,1426.5001304382242,1431.8885039003676,1430.3696419168614,1429.7074095648165,1433.858373726126,1442.0065430908955,1441.0416681958384,1441.6868815064038,1456.616745548061,1471.0125469667787,1481.7208135473127,1483.9265173695703,1497.6902751730593,1505.464035726485,1507.691309538341,1520.5716527687994,1520.3498641277433,1533.2977759958396,1535.7795867942293,1553.1171110997911,1551.0193967648568,1553.0771929824562
3080,280,Williamson County,county,TN,TN,"Nashville-Davidson--Murfreesboro--Franklin, TN",47,187,1364.3918971806759,1367.262276722352,1382.9005884290282,1382.33378621107,1402.2310131983193,1407.4925417480279,1416.7706288334969,1412.3513893057693,1407.3072465144378,1416.1768959574408,1410.990384616341,1424.9723719353672,1426.8417434597254,1443.6610267788342,1446.333697472409,1442.7593665885026,1444.8223533565772,1455.7926364981786,1460.394360215565,1464.4837473268326,1455.8585892665203,1451.5280599782818,1434.889556502623,1441.3514276219219,1446.7872792827702,1471.388038776727,1477.787330699942,1489.8560247060814,1499.3077922666955,1510.3267680960187,1520.4050240996103,1522.8485837864337,1516.541987891949,1502.6880653237333,1485.4246005055625,1480.2753403136953,1490.5111242072662,1507.739354213639,1521.7146415025466,1531.556502814617,1536.7896114101889,1543.3907836049239,1538.614718753691,1534.938433064678,1538.895826616962,1545.3032862146881,1542.4882632684637,1535.7941152366657,1538.9707285540303,1545.8030263651722,1560.231838007183,1570.606658113201,1581.391770256903,1582.385694113971,1579.1058444698374,1576.2127584834277,1581.3190052129003,1582.0465524650406,1591.3631047208762,1585.4098176347795,1588.9916010051893,1591.9450680662935,1604.9764849346839,1604.4919344093923,1600.8790577732811,1590.6989699413928,1584.9970404125575,1598.7132968509472,1608.7390763679266,1626.8503197049947,1627.5739593226012,1630.5938262801224,1632.902174734979,1643.9897502721603,1668.490768129271,1705.3020087736631,1754.1281852837787,1799.9249330655248,,1899.4904339940172,1938.1004928412092,1961.0743685067569,1964.4027308198254,1975.0163225932663,1968.6755928845505,1982.9722811993443,1997.6363311233904,2026.900107604686,2055.8433441002217,2074.151538880022,2090.0648482215497,2086.4563836250677,2086.6693712421948,2073.803675927067,2066.0003331437274,2045.0910936673306,2044.3788488633586,2047.5259667482676,2062.539651852001,2077.9420097062266,2105.58130681877,2132.221101479703,2137.2633751614853,2114.839009537726,2097.3318916650483,2086.448632744311,2084.0881333307243,2068.072080691781,2059.1273408219117,2062.3382725449023,2069.5869446154,2086.5507478425566,2104.0807775368235,2135.3283861172768,2162.72108090617,2161.4532495210515,2132.478384199899,2103.232707683179,2103.480727199606,2125.719423351014,2148.296352613967,2164.3801883058372,2150.4081818181817
2770,281,Lafayette Parish,county,LA,LA,"Lafayette, LA",22,055,,,,,,,,,,,,,,,,,1014.2666707238423,1013.1708058493145,1005.4956540686355,996.2103180243508,995.3828861675125,987.1410048559,993.3444667589528,988.6181805058118,999.1893926710276,1002.4172403680262,1018.3777716905015,1016.7443995698195,1022.164088758955,1023.0043450253579,1022.9643046882259,1026.2128766592143,1022.9529539761514,1023.9219347741929,1016.735135321132,1019.5241356960468,1014.238512642968,1018.215947178435,1014.6136755543722,1019.4654968749287,1017.08141261447,1025.5957039497262,1030.6365163361195,1034.0712945226073,1025.2309478648024,1018.9257974384218,1015.2331763529218,1020.4289844018027,1021.8251510700333,1025.4243184803772,1027.885941299047,1036.7150210032496,1044.869889075752,1046.5937070185628,1048.2720038359168,1039.0932236941162,1031.167165174525,1021.1402573739458,1021.4010275338213,1019.9325137309568,1024.1807574770162,1026.862591977528,1039.0185629824414,1043.931541769117,1055.2412215629386,1055.845867358377,1062.4997699873554,1065.359273852022,1081.5445133201483,1087.708366372162,1096.1635210889701,1096.8285967970587,1100.6634815660036,1095.16302923004,1099.7853527647344,1107.7307175624485,1128.3467491101903,1141.6597850866797,1164.762525883793,1181.419631282358,1199.6569394734079,1203.3181964008215,1207.4282335323696,1207.6307195789645,1218.5575841276154,1223.2841902468276,1230.6689009858403,1234.498847234918,1241.0512892793759,1246.6125330432023,1249.5170251667212,1249.3643615387386,1240.0275162089795,1230.8229038655743,1219.0963441828944,1225.0992389283754,1230.0452980801397,1244.4910926271464,1250.2639810608007,1257.7259692334205,1259.220932481981,1267.0132715640007,1277.229086591589,1291.2471014327998,1297.7897252900805,1297.0704836618738,1291.428832748941,1295.1181160062458,1293.5085414460546,1290.5762676704837,1280.0749514407619,1283.681143670148,1296.2622090047646,1312.511663237435,1315.812088934201,1328.1992927731847,1322.4126955069964,1329.4189803470658,1324.3877286640109,1322.4693129478537,1313.6698075638317,1310.8893880801147,1332.984027071876
423,282,Caddo Parish,county,LA,LA,"Shreveport-Bossier City, LA",22,017,877.9775321711542,871.2381381214835,868.4508542661051,868.5435047003365,876.7706515269188,886.8311730216383,882.9694712067635,885.7066349650145,883.8757922657378,888.1747839867629,881.827171572488,878.9144120575436,872.1023040623782,867.9968782901027,870.8505156772092,874.1440397662133,883.5824874132733,883.3039713311774,887.7027631149293,887.6374448569605,884.963490478764,881.5920734218264,874.8924102776346,877.7783834028013,873.2059044032956,878.0013854640832,881.6254996459093,890.9477303840462,893.697874888313,891.3111220380684,889.3673365136556,886.8608203376971,887.3550009339705,881.7806081101596,883.39717575136,880.8699662830957,884.2521557581928,879.9485204021524,886.5680870594588,890.0253634504012,893.909236035869,894.2665424558162,894.8336994365607,899.4594198208426,896.1446090051148,894.3901756205515,889.8185679231013,885.4469253114928,888.8620649232363,886.1535727070232,892.7512956351828,884.6231938052354,893.1936754182802,892.5211653027953,904.1897183515493,907.7710632660564,911.3019537356765,908.7323757686723,903.9636179704495,905.056731571029,906.0909692140792,907.7374506003634,909.1006034396396,908.6668149905403,907.934139142565,925.8364841361563,946.8676138583514,970.0855963755748,967.0394634870989,959.7165487892703,955.4637340634192,959.3523862873138,969.0223862270698,965.7483639594126,967.9480348703029,966.132288629658,976.4962647565279,982.1479992028558,998.4401256482439,1015.578686145528,1021.1148852859042,1032.482645026054,1035.7055123626444,1039.1259230446688,1031.864651191459,1029.272392025204,1037.5996144735986,1050.2473919655306,1064.2508699809719,1076.8505095904798,1077.4901841790058,1072.7141740988964,1061.1304445326448,1060.5840596944106,1059.7823067963293,1070.1438034532298,1073.5984052509443,1075.6317860475215,1080.4826211225661,1093.4525185355594,1105.0734511275039,1110.17454693038,1107.0155982343633,1107.3614182109316,1104.4745708690432,1099.482971324743,1097.8126269851966,1094.7649306378478,1108.4559382552654,1116.4356033503543,1131.9548796244792,1131.6862455343573,1131.9715675173254,1135.575091039223,1149.161650332045,1156.5990292672097,1158.9448237804604,1161.1630895799476,1164.7146263924444,1182.8584894936012,1188.2688150525928,1202.3035368364401,1195.890909090909
1480,283,Warren County,county,OH,OH,"Cincinnati, OH-KY-IN",39,165,1143.9852308016082,1148.6806266082335,1155.5530908069052,1165.9306691742877,1170.8580363728927,1190.1240465050168,1193.8083467656975,1197.869733954033,1187.0600449332665,1194.6336457441405,1189.699028155837,1189.2425027424351,1186.7505902020316,1183.4061891552647,1193.395634026397,1205.8247441898725,1226.5469487722316,1236.0525953794956,1239.349750320164,1241.3289257575727,1218.9835289808182,1221.6702311586268,1212.0017880206826,1228.1539923023195,1226.1330463715299,1239.1633816823855,1245.9566084347844,1266.2232639408135,1278.1049000188827,1286.1433695284707,1275.3533401736242,1268.3075006252716,1272.2391459387704,1275.6823194661408,1273.6599070390237,1267.1149394088368,1264.7109633380542,1269.4489669614336,1273.7904777810502,1283.0117075679593,1293.115332007083,1297.7519836268139,1293.7102471474914,1281.825845365898,1296.6803718370554,1302.5234413802903,1303.363539175103,1292.0872012052205,1294.835781018154,1308.496009622545,1326.9950565513336,1340.313026223458,1355.224642633375,1355.6752784272926,1355.6302217043342,1351.6167847589184,1351.682354255043,1351.6896935780107,1361.3660664023964,1358.6053246371089,1362.4692629331057,1361.4802391923552,1373.572697325761,1381.997856614752,1389.9691833925356,1392.9064971231085,1398.975922739102,1408.0724771171406,1419.9692167560454,1431.029176550198,1439.6571108247758,1443.6520430987807,1438.7996397453167,1437.1135967285684,1444.9300892879164,1458.3573422300399,1476.2353873816694,1492.0068041899347,1516.4723372275666,1527.525913237578,1548.60473711123,1558.14704350206,1571.0517650979193,1583.832966655227,1589.1793870768827,1600.3437382025686,1602.5548673462642,1632.6751658943747,1652.7824942149155,1675.2955673681238,1693.1662407041192,1707.4400002849163,1717.219893496389,1705.3604057577863,1697.6794291889164,1695.4156378605294,1700.0926553955906,1708.806855529457,1722.8284616113676,1735.9771558370048,1755.1766632662966,1760.8473715580446,1775.2871213195888,1781.7518591843418,1784.7824165096488,1770.7091220433897,1770.0611978965394,1781.1490050381801,1800.1639215469256,1801.9406652806222,1800.670587559513,1824.6142047754145,1836.8889058046932,1864.4780351407999,1862.3950819296597,1892.6769019388619,1920.3130186503365,1919.589424088126,1909.4702473258687,1888.2458467609217,1892.1364628176516,1905.4598719771263,1918.888255872064
3173,284,Norfolk City,county,VA,VA,"Virginia Beach-Norfolk-Newport News, VA-NC",51,710,990.0570333980526,993.9531028225008,991.4375030781544,995.6799630697914,1000.3748427583783,1008.4841524245847,1006.7061773208137,1001.9493173359228,995.9144388211542,996.8911960797301,1001.5392284205025,1006.9022988180958,1005.608004198126,1006.525745352239,1003.6851657068538,1007.1707049438601,1008.7327032575654,1015.3579388871414,1017.7279636458676,1018.3535821431576,1014.0266648870729,1014.5228477045615,1014.6274288345085,1021.8705158261006,1024.2125221843203,1031.1593552512843,1037.184871361994,1038.6978788217516,1039.085144476007,1045.090313309765,1050.3093563088053,1051.1333333390971,1048.7745274424153,1050.2898752805145,1050.82441448358,1049.8500572120738,1052.5570613376974,1061.7377199668754,1070.267728289863,1079.3980470832732,1080.3022483037746,1085.234788425644,1084.1652838496195,1085.5807069713728,1079.1884106526811,1077.5722249683845,1091.5007341157034,1104.9891086622677,1112.372414928699,1107.3127217504316,1109.4371332229168,1113.1692760094875,1116.9443325921409,1122.4576613273948,1127.287004993756,1133.1213481055702,1133.475093245607,1136.7709781322756,1139.5357019940411,1153.7131129101824,1157.3496419519533,1161.028841405329,1161.5568434757047,1165.5604246859125,1172.4816728967924,1177.7514892354166,1190.8662493165791,1202.010047176527,1201.8498168258827,1208.8079966522025,1218.381517926836,1228.2578425721624,1232.0431574387019,1234.324652155017,1248.2762683283406,1264.6199218652114,1276.1640735545664,1291.989254455735,1313.960129738211,1338.3830598349005,1357.0185331295038,1366.1728827541183,1360.5672171671483,1372.4905866442064,1373.4994766372636,1393.843784105313,1397.3379709254245,1409.243626741291,1422.0569526297809,1429.2965399394104,1454.7015320584078,1474.6591581818434,1496.0553128388815,1496.4641305072723,1492.5420775029884,1483.8331821953698,1485.4569430085446,1490.6415910188841,1503.5814165435809,1513.5451801428312,1519.7683063057382,1515.5406131016641,1517.771569123942,1522.6328349981752,1548.8125468030723,1558.6532583073758,1561.926059875249,1559.6267141793635,1554.0599142384035,1562.5844203725815,1580.4984602825712,1592.816787264479,1601.0544106400455,1598.6323208224433,1634.6644230215209,1654.3816733787585,1661.1607129402826,1641.9789509859536,1641.6149446880136,1647.0810351571195,1668.3199634588188,1674.1214225841836,1668.9020408603744
553,285,Henry County,county,GA,GA,"Atlanta-Sandy Springs-Alpharetta, GA",13,151,1040.6070692494338,1045.7152782804442,1050.1028468369275,1055.0463268512865,1060.1910663784172,1066.0596443588165,1074.9116227396592,1081.0479523702556,1083.378090961441,1084.5101431869948,1081.5732909316832,1084.8161768448256,1089.8984707932334,1100.1083345662219,1101.0913839194473,1108.794932601849,1114.3489478448737,1123.852616409137,1130.0386347180236,1128.4062598474984,1130.474803803366,1129.1006349077568,1131.2228040248067,1130.1116953784112,1128.5435445367086,1135.0556359560849,1149.2477214087544,1161.2535312407324,1169.5928279277796,1170.7222013235912,1181.117131856535,1186.5836413114498,1193.872075217315,1189.7393944770147,1192.362314261242,1198.7167499280936,1202.216390341307,1210.7960140785679,1215.0815931020109,1226.9467438210058,1240.0839332717098,1252.3884770225084,1264.9018946769877,1264.374531575611,1265.1622982925203,1261.488972558673,1265.0450136196769,1264.6565324997391,1274.569132669813,1283.1358559639439,1300.968620261164,1316.326931503825,1324.5492846695859,1332.8353018850025,1334.5453185614085,1339.3461820112707,1337.9808762172065,1348.2415129194076,1353.6633022534218,1356.6747705678843,1354.3694689589056,1362.5727110083708,1377.56653961003,1384.4585653103,1395.130504736439,1410.5635366377132,1438.7520164726523,1471.190966876765,1489.388672075957,1506.2835999526972,1509.2738551672746,1539.8679604212539,1560.4651874151798,1584.8196905625132,1591.395982420698,1606.945786770944,1638.0558900945684,1670.9077807991214,1707.0139753677386,1734.6660668295024,1759.5408954738152,1777.3690158069114,1785.1968239838673,1780.2643393302367,1778.8787129598263,1793.4289924585094,1811.4324978701009,1827.9376941579665,1821.429349344116,1842.7006497607322,1875.5045351230283,1905.9045326239045,1910.2016906181727,1900.4583555446563,1900.3735896241533,1915.7574078905939,1916.7216713934754,1931.033862489025,1921.7401548434184,1938.5058933384012,1941.6029347580156,1948.8141362324632,1932.6419800876988,1922.9410846204023,1911.676276747068,1897.01204460105,1884.2043571068987,1884.5486073264437,1903.7290979137765,1925.2118297937823,1935.97773025372,1942.0314198080744,1943.4751686450677,1958.0766097132432,1962.724293543496,1955.2713326631658,1941.135838196909,1935.7122008934734,1941.8958510171828,1942.9008143851117,1956.2113648704537,1967.6832190615014,1986.0534665135303
770,286,Union County,county,NC,NC,"Charlotte-Concord-Gastonia, NC-SC",37,179,1189.6246937515184,1197.5586180058783,1204.7666559987479,1218.5775418329024,1213.708545816101,1219.173113841435,1221.9828925577976,1232.1167141503763,1237.294734564245,1239.9457172699829,1236.7577534325158,1240.0941752276449,1249.4866782862005,1258.0896322238002,1262.912202190558,1260.1130109582639,1265.813127355134,1273.5740046900314,1283.717311427779,1290.0304621510202,1288.275607327511,1281.3755814663823,1277.8088023637474,1271.197863966539,1275.7725504649877,1281.6417356279917,1305.4001085493685,1322.3993590766797,1331.5872019960648,1332.8184731635135,1333.2624439444542,1333.924744438768,1333.9233531338484,1330.364847543777,1324.6440152068521,1320.5144518838508,1324.4077616004508,1340.1239025527111,1364.0499756462937,1377.787427665109,1384.9857174740873,1378.3244776023166,1379.7500999114964,1383.041677520067,1389.2126988844768,1385.8798807689989,1380.58450411228,1380.497595007263,1381.3415270170162,1394.777125930216,1401.6809845552098,1417.6220013782397,1421.71123067765,1433.4845632817007,1441.7994424020874,1446.3637186084059,1447.3808386016162,1446.7064015849837,1442.2496917933802,1437.1180073778864,1438.0102938958707,1445.727830242831,1456.1639507425919,1462.4186707290974,1471.7282170999044,1483.6035350462957,1497.749976792536,1513.0961232688653,1525.242480052215,1540.4392162753252,1556.2837503245382,1553.916114859977,1567.072128973267,1578.7460590189628,1590.557413028906,1610.9585191154638,1637.1525942535106,1674.6332001454539,1702.5151883352155,1708.2876575529792,1722.9865894093582,1722.0154759837028,1728.9465593032553,1745.3469547273864,1754.463197931656,1777.7627486606477,1782.2176436925013,1790.7456028397203,1800.8439072736737,1826.3445643149973,1857.665125084333,1879.6796954956521,1883.0754688856014,1883.6074793385685,1893.371342277751,1905.6502743395188,1908.2217022092445,1907.7354004324789,1907.5411629874961,1920.199159132689,1933.5869427256575,1955.0958872499043,1967.9997431568258,1973.7513030129167,1967.3468994807047,1963.1529920064984,1957.6698492945557,1963.0636741518642,1975.437991302523,1989.5971032788477,1989.1276006048179,1988.9800902748702,1983.3025238404914,1994.4887055148456,1993.451805390463,2005.893600093561,2000.2789901091926,2010.4806518899422,2020.7992942370827,2030.990793193851,2035.65745621571,2032.709503776638,2049.39765792512
2619,287,Arlington County,county,VA,VA,"Washington-Arlington-Alexandria, DC-VA-MD-WV",51,013,1951.0575750162543,1970.1930207798082,1993.8753586352611,1998.6737062290465,2006.3944581177498,2015.0003486945463,2028.3734924716252,2021.5828970960401,2019.4658297090234,2011.8178201215012,2004.4829778753417,1996.7321676960298,1992.5835061005132,2000.5344986665116,1997.7188191615537,2008.3452715932872,2021.6657415861728,2044.2244172770834,2050.8384847379943,2057.198171116107,2054.354854398539,2058.3239864456077,2042.362238651859,2031.193720433984,2027.1530441210084,2044.5935814223753,2066.3263116006856,2079.8741159556766,2086.8903975557164,2090.867696226255,2095.2378450428823,2093.1985128635824,2088.113389968872,2091.0447618649155,2065.977284627804,2046.4392214625868,2024.2429245319229,2047.032749374923,2071.8798200860233,2094.050046123418,2108.8081536828026,2124.197426733475,2138.5330247519,2151.296061727522,2142.372511632028,2140.6069403027345,2126.995040475648,2121.887847701774,2117.262730523648,2123.0178840908843,2141.6455037815654,2157.1884143159773,2170.6607268662897,2179.0012978984428,2184.810140290754,2187.280212604808,2183.6214759562495,2176.6261970887767,2166.695643236921,2164.760613142564,2167.6416335538574,2181.2065337510344,2195.1928457080053,2189.7150090337536,2176.5764596744134,2160.9263495234577,2150.213872113536,2129.6845267797858,2099.94550243232,2058.7378935122083,2010.62100559016,1999.416964198311,1995.425522550582,2011.2230335864685,2005.4156325091467,2029.0906936988995,2072.123751275318,2131.092900090744,2190.168081812045,2236.2667956310224,2260.861511272582,2269.7316666438683,2265.2265159098374,2262.007139580144,2251.9621843058408,2256.0602219679135,2267.9272992184656,2291.9254272402063,2323.0062353336066,2365.768234881795,2411.529780515844,2439.5176370323866,2439.4712683369016,2414.93016439074,2380.5183489157503,2349.2227353025787,2348.0243985573666,2355.3629782819785,2381.659757941496,2393.713200663988,2419.0767807521643,2441.317338271498,2467.7736684328916,2483.174363066412,2492.4889459078327,2492.3104106596415,2481.5419938946757,2466.3939123722507,2461.096348764372,2476.7919870881296,2501.943122422106,2521.72236007545,2537.809803646443,2553.4993361690563,2577.9215234582507,2598.7143262580385,2604.878858380335,2597.5039421843817,2583.3696729909375,2571.297211162934,2583.5090177465363,2610.5864277894416,2643.4519229707516
2529,288,Saratoga County,county,NY,NY,"Albany-Schenectady-Troy, NY",36,091,1078.1075536262802,1080.7107264555493,1098.0524032527794,1097.9280137374792,1107.5334819045274,1118.882544574153,1140.9250811233642,1166.7639381338895,1139.0288187285814,1123.726537381812,1102.3068452461491,1128.0539521949072,1131.2573469465074,1141.2040469779206,1124.847948112965,1140.122362089428,1150.1959123344127,1168.6655577502966,1164.0108034439504,1166.9024022640765,1175.2517621256975,1159.2800338161542,1149.5545808312984,1132.7458987732005,1138.4677430572453,1144.3988453692837,1150.1162911429446,1169.2270423834764,1203.5051658571151,1213.4243428103416,1222.1446947934264,1200.6013852594347,1197.977766769877,1178.362589903142,1167.3691379244403,1173.6546973557772,1183.6738943615346,1218.159852500848,1226.4396510733034,1253.9006740350037,1258.8788699969907,1268.4738833916479,1249.8268655962515,1246.73142500481,1231.678571404085,1242.2598360027355,1229.4904734450738,1229.098535170659,1225.3347579418885,1237.9475778529695,1239.4039810728414,1262.3812784486165,1260.3236713123708,1295.9230314287827,1278.8270943942105,1276.5580394366207,1260.5304394314144,1262.8594713099512,1273.9892764112199,1268.382051817986,1268.0597778718518,1261.7032901452565,1275.055423933949,1291.6100148373475,1309.5126143835544,1305.1451422961748,1310.3183670403791,1320.806818766631,1331.810552471465,1346.711110687115,1349.261774535402,1357.069018193917,1352.5947804910165,1356.0398877735279,1373.1456849902354,1400.3275414683112,1413.792362319991,1434.8622031966313,1445.6440233595501,1460.1999662952005,1460.928892753936,1449.5814463208965,1456.7325377957316,1471.0175152681297,1487.6538021885362,1503.369746567116,1530.3529400049863,1581.5192221495786,1635.2831930533664,1668.0155379079267,1676.217116746344,1678.1628410792136,1662.2214491314353,1676.2316181441875,1654.5875126610902,1637.5375003943618,1603.1270104671087,1609.4688179109473,1629.1092298158546,1649.4816286195557,1670.885277339179,1690.4137220109924,1707.6951628144673,1712.0267124231623,1708.6253437122161,1702.3807725420518,1697.8491747782568,1694.7136912448218,1690.8964244153094,1697.8053587028292,1711.491119710928,1726.5960834690927,1753.697571012387,1768.8928228870864,1799.7534776981743,1792.791297066768,1791.0938574949294,1768.792351161987,1765.6648350650516,1750.526267907553,1738.280080305668,1733.2336294264524,1768.53848003848
178,289,Hays County,county,TX,TX,"Austin-Round Rock-Georgetown, TX",48,209,1145.4882333095388,1183.7460546418565,1186.3592897357516,1192.976124351625,1211.132863434506,1220.9424359247164,1223.807304850621,1231.7063276395922,1229.913524420329,1234.4706533693616,1225.9877507960507,1225.466573776982,1229.8297135760781,1257.886079067834,1273.9483272108744,1280.5100366294362,1289.5439415321912,1293.2465971185309,1304.4868031165338,1302.7339324391291,1304.1179818443507,1302.1500344250503,1283.7414570821056,1276.8126678030992,1283.4533605103688,1288.2946957686843,1300.162665862938,1299.0802114300668,1313.5761451446026,1319.90268832453,1331.9010110641916,1319.0824964650762,1316.5584281088713,1299.5049952512752,1310.5505828283106,1313.902155617795,1310.1776634079486,1312.911387079354,1317.401288359123,1337.372285566799,1346.8847262335955,1361.1799321152034,1369.472527489431,1371.3384264309539,1367.1609222327727,1361.0102209688957,1349.7916405809822,1342.3425224281261,1345.6995180166434,1355.725256359097,1356.5966123043845,1359.6734897358133,1387.8417992493971,1412.6688791663855,1438.4101558482096,1425.4053358692968,1415.3578217805575,1403.533363684235,1399.8025971120067,1404.3542467838395,1401.3012010312552,1417.9910678315405,1430.0081968600314,1435.1998807661976,1433.1031527502844,1440.7671838674846,1467.205596519994,1469.007424646242,1466.5124117172286,1447.3592292750136,1450.8041188313532,1450.2220122195276,1461.20355416796,1469.2226987808756,1475.0185382909126,1494.8479352997967,1520.6749852189453,1570.5488717192966,1611.9218899217954,1648.9143744165542,1671.5055816491524,1691.928025503102,1698.5109330861437,1700.4022402080584,1703.9957647330823,1718.6469948818935,1739.9536714146623,1757.2853937824636,1776.9938080487696,1787.1943598755395,1802.5181290983505,1804.3811460812162,1805.7624067864533,1792.598326895065,1775.6546996778422,1766.3258708188553,1761.2950466908874,1772.4990303099526,1780.1505874906702,1793.2608482758951,1805.9690301948913,1809.7046843576254,1812.7362529523846,1800.8984912595145,1797.9438653973682,1766.9021415466389,1757.6197916835101,1739.9774770502136,1747.910067702033,1743.2507478843079,1753.3789308385399,1763.9724255811907,1777.3629187158658,1785.3528912877841,1782.1466796218513,1769.0088480485574,1742.0157090484324,1721.0605562675544,1710.0762822068289,1710.1433749471955,1697.5810235826689,1691.615244312074,1688.2584051735982
1412,290,Sussex County,county,DE,DE,"Salisbury, MD-DE",10,005,,,,,,,,,,,,,,,,,,,,,,,,,,,,,,,,,,,,,,,,,,,,,,,,,,,,,,,,,,,,,,,,,,,,,,,,,,,,,,,2092.5106607670004,2084.3528606886402,2000.1646216080123,1972.6756019864288,1945.2075456003513,1995.7860101282918,1994.5706699705754,2013.8721916981267,2012.477802825033,2059.791269288876,2132.8428096254793,2193.4329387397725,2197.5900586450243,2220.5923585525697,2177.2876881536795,2168.76373762658,2101.0093747959722,2061.5274669923756,2056.6497021903565,2067.664449028659,2158.284930355963,2213.264783717413,2247.2019168234137,2215.915685152048,2192.8384023780654,2186.0576179256714,2166.256920732541,2134.206647109049,2110.6326054224446,2089.2236111524844,2095.330665708961,2127.6766199782883,2152.3655587661992,2175.911897198372,2160.890772058868,2157.1325096229048,2188.773850192685,2215.218018861174,2233.5518108880888,2198.392091348488,2148.7607588185456,2163.66995206423,2206.5914892542487,2213.868381181166,2196.3888888888887
2112,291,Yavapai County,county,AZ,AZ,"Prescott Valley-Prescott, AZ",04,025,983.8966859618446,990.2601540222029,1000.185197827601,1001.2131051374068,1004.3902575168197,1015.7605437725448,1031.2473832096923,1049.2316034212158,1045.842003563208,1052.8580121266643,1042.7586144824936,1044.0599943617517,1048.3770569035646,1054.9088452986387,1065.765955915952,1070.1384515259947,1078.0964631415884,1087.8721586630406,1088.0275058855925,1101.253698847936,1100.9644182055085,1110.7650539850945,1108.9589786835404,1115.964392887981,1121.2392309023292,1121.8754272139445,1121.5335364636062,1134.256238680782,1147.9361326252629,1162.556979890178,1170.265902505573,1177.603342012935,1183.1258393764979,1183.310452219589,1190.1521577191575,1192.3969982002857,1196.1717212370709,1210.4358706646046,1221.266440500002,1229.6363230469062,1230.6657070377291,1241.348253360751,1256.236551821941,1263.8857144352241,1266.3811789354604,1266.7845557245305,1255.2163578933225,1253.6041292188704,1256.3130585083916,1281.3563864125651,1291.550885469689,1305.6807108760554,1313.077454505764,1328.5022249937758,1329.680878869067,1333.1729652238255,1331.3203466681878,1335.4733965083199,1339.877508413282,1342.6257763806602,1347.2744844576346,1361.2318821166905,1375.6940031493696,1369.6819952963813,1356.4881637844023,1368.121173683358,1388.4128315568837,1408.4229600948186,1409.853375857043,1422.6946174707189,1442.7575862995982,1447.69843154803,1456.214203056642,1487.779333934449,1530.326355218374,1570.755017988887,1584.4148708624912,1607.4494727576337,1635.8104771616897,1659.7149353299658,1690.101857753383,1713.4834344892515,1735.363098970051,1741.12395373712,1743.8884925675063,1743.8363246717508,1762.7992720141317,1808.6569076043552,1852.6276205087036,1876.933131913372,1861.939687441712,1857.7719214192562,1846.8568478415657,1841.318627129039,1826.4952207144788,1829.785911206341,1831.1440979854738,1844.8652336490522,1852.990598516614,1874.5943932160378,1876.161684270307,1869.307409957873,1868.6748974512088,1873.3740268253487,1876.872566576764,1888.4302245788315,1874.8153058725939,1880.7494615065182,1864.5847162651896,1890.7890923119069,1910.2579192937135,1926.4593157105787,1927.6183618537207,1910.4258762031661,1909.9768980982353,1922.4190292844062,1945.6164669186585,1949.8455351997543,1925.7896610178373,1920.7191321361984,1936.4340906193577,1955.335064202494,1959.2692192192192
225,292,Lake County,county,OH,OH,"Cleveland-Elyria, OH",39,085,,,,,,,,,,,,,,982.9691818191039,991.5789536527723,994.7743283910982,985.1158011009007,995.2681447270844,995.9972382223656,996.5049056284579,981.5992626848749,982.773868726622,996.428781880248,1004.5346555182555,1004.760650306481,1006.337775483199,1005.1993592867689,1017.9215054528397,1015.3833834930093,1016.4121833420201,1005.632129325111,1008.2116600305322,1015.2176104446214,1015.6769434374786,1014.628708562208,999.4888097970013,1013.4076536364657,1020.3754341891186,1033.4515714514177,1036.239620846099,1049.7912210551272,1058.3281805023528,1052.4548132713394,1051.8107027654992,1041.4530703158878,1046.4265649491533,1028.454153839193,1028.380116561589,1018.3569089263209,1037.1581703688787,1053.9275455290183,1069.5132018091417,1084.0942533083162,1087.545525491412,1093.1613751783118,1088.8632375656916,1098.655307848916,1095.0359678211598,1088.8740684964507,1073.2060463671041,1076.412684191913,1083.3546942592995,1103.4656637961937,1105.721506815155,1112.5212387228064,1108.4900170464007,1124.760196506534,1132.0221363549447,1144.0749085755767,1151.0370846329886,1146.9654960571747,1147.7788383371274,1138.0399300872216,1141.5908163756008,1148.6662307616207,1165.793868994801,1180.23178741515,1193.231744439265,1206.4005025213967,1220.2724207295935,1227.6051197312017,1230.9167257895115,1239.2483648859186,1254.2281106494036,1263.252680072908,1272.1574343926716,1275.1108941000896,1296.450326399648,1308.2455382575984,1336.3468377074935,1347.3555091427265,1356.671726906636,1340.8724091279253,1327.6475072652138,1323.0014348852776,1321.9042348942194,1324.95289716349,1317.4739083150282,1327.2799453864918,1337.4697518104424,1357.5512678549258,1364.6880999272314,1374.1220832095605,1386.1763667666498,1378.7443782455566,1376.8264120711196,1376.3078526248494,1389.863670817936,1404.9835194072552,1420.3636643783539,1428.8429202103846,1433.3477311765907,1438.473690394762,1459.10191055941,1475.8359157366533,1482.700053573134,1476.1844874524759,1473.5166255756,1474.0724535671748,1473.741245193093,1473.2578356867778,1475.5157414162595,1488.4456975772764
1283,293,Oneida County,county,NY,NY,"Utica-Rome, NY",36,065,,,,,,,,,,,,,,,,,,,,,,,,,,,,,,,,,,,,,,,,,,,,,,,,,,,,,,,,,,,,,,,,,,,,,,,,,,,,,,,,,,,,,,,,1163.6077010782633,1157.8580588161076,1160.5857085134207,1188.6514347530751,1218.0338306888968,1239.0805136161246,1249.6686638858425,1218.8115311854026,1211.7619068817626,1234.138836150293,1271.7305188097416,1306.3383318639687,1302.0759603862111,1311.4771946815677,1277.5813690149716,1284.7630123648569,1286.020285089771,1325.7149265006296,1339.2204571125123,1354.2188103347432,1347.1987392634746,1345.6444404807305,1375.1426635018045,1416.7518950870535,1426.9460979724224,1410.0438084507432,1394.437517402863,1414.543596534926,1417.3456588533331,1413.3415681099282,1421.60217732615,1421.314965875385,1447.046369772969,1433.3395482375324,1438.668898334029,1436.373015873016
725,294,Smith County,county,TX,TX,"Tyler, TX",48,423,,,,,,,,,,,,,,,,,1081.4502788350449,1086.3695069980217,1105.8564914225035,1112.98466876359,1111.5159437733232,1107.2200117465932,1098.2130641321928,1092.4363027942104,1086.8969248376518,1094.3846766300721,1106.7124419064003,1119.3945110197242,1123.730389284773,1129.2476619939275,1132.7840138422364,1135.6323684765016,1134.754043990291,1131.030580042881,1124.7032459669113,1121.8491381517883,1122.6930351338071,1126.0610520747907,1128.8464001415882,1135.252280206336,1140.5714899228788,1143.9365965682657,1147.3046322589803,1149.9106483848773,1152.0479802684388,1151.8798443937499,1150.2832344337216,1155.0688229772034,1152.3602548753283,1156.2036021848685,1160.7362007087224,1167.7740917666968,1173.269034577711,1174.9086811409616,1178.8835827062976,1181.5996251915988,1184.850413596744,1188.6985014521815,1189.508464677291,1184.3091038673813,1181.7382069578525,1188.7054843153303,1196.2599575990018,1195.058602342892,1190.073567176848,1185.8163012290136,1183.3202810295245,1189.2601225084547,1188.0347513904708,1202.0425175174962,1208.7371263108487,1220.0871917415461,1226.1335256000903,1218.106488571401,1234.7614044184832,1252.608952824746,1284.900361038757,1309.798030635777,1340.3172844365763,1352.4397192020845,1354.9403952259672,1379.297531232928,1409.1719983521314,1434.3995701553893,1426.5920145883697,1423.6453455352946,1428.7491247031646,1425.0402333797604,1427.0387505854253,1433.5768182516717,1456.611066160085,1480.4142728057398,1494.7651600622069,1496.142787275655,1510.8473558384703,1509.436688587931,1515.430220986514,1505.4173199379409,1507.1103466574323,1507.3508149480454,1505.0821819513426,1515.1714714142133,1519.7187818695154,1530.65679200146,1514.5621682848332,1506.072459823478,1499.3901366575492,1504.3495337748557,1500.8805082160163,1506.306953782345,1515.3863599150902,1522.5947340319944,1524.1639696062668,1523.9842011800422,1525.4235332392107,1530.5989602716957,1537.9282391564982,1556.7923106613296,1573.0655082480487,1571.6591948235287,1560.8596665652617,1539.8071002353852,1545.9211624026696
890,295,Brazos County,county,TX,TX,"College Station-Bryan, TX",48,041,1081.3235041803043,1087.6520040622738,1095.3120784374232,1111.250402835762,1113.5771655609876,1121.5169948264725,1127.4456777748132,1139.2216087529462,1124.3702817862015,1118.7141748521715,1120.6931815710786,1143.1646574399454,1156.2647912321743,1158.250957229247,1156.049577214512,1154.6339099423226,1155.710786800603,1165.0724490123855,1170.2749156089649,1178.608913845256,1150.5069385516845,1136.640718523837,1127.698759455057,1158.6000336500042,1181.9339462474488,1198.6862585512645,1201.4191723588142,1201.1785262086428,1202.1266089083108,1199.1291188466269,1184.5982389677974,1158.8961757967702,1155.5327774617622,1165.6758421452546,1183.7169840711304,1188.6502950765976,1194.0311229222034,1206.4453545468352,1212.975639961733,1214.6753085013004,1206.865166412452,1191.594583969272,1178.0678996515505,1156.2482703484404,1163.7914079022707,1177.2435157208936,1186.3232275919302,1197.7033069156196,1203.1278103214156,1228.5432020007404,1232.928016186647,1230.2297384090841,1224.6194708568023,1218.7357106808963,1208.7544775656452,1203.1359426935376,1211.627400499724,1221.2046604939937,1238.8264488576594,1241.2505017432093,1253.947284265,1257.5068257200273,1260.6671881693478,1256.3902927268166,1252.0707992515065,1240.6966818397643,1230.8568460941779,1229.3193967158377,1247.566462084641,1270.750965906678,1288.0449312965245,1290.5533222604058,1296.2905311570737,1301.210053010249,1299.2561423376235,1296.464191348561,1289.1698419096915,1301.0374666521611,1315.6929637292283,1335.2321656666659,1348.2210562950988,1370.949547151696,1383.3344974972088,1391.8895335519123,1385.7977187519957,1391.112310323131,1403.461395815877,1416.08796472587,1421.56329416723,1426.7886394079724,1439.1413055554824,1445.1640322466562,1466.1949169808604,1480.6345289288588,1501.6582125081957,1503.172903617809,1502.9557914471475,1508.6466058248554,1515.2876609205794,1522.54860314757,1526.120511961277,1524.5465515387805,1527.9450645283239,1529.5628589279474,1545.8876160283019,1555.5133954193664,1574.4164730273753,1582.068815997462,1587.3238367535241,1590.2868041963884,1587.0392438032761,1585.8120093670373,1585.3841890090623,1576.5823574432325,1596.296709260725,1609.082412955137,1649.4233389188316,1664.2445771806872,1677.6546190115914,1662.6114521969328,1662.174523089837,1660.0630308131445,1659.215750127171
562,296,Hinds County,county,MS,MS,"Jackson, MS",28,049,,,,,,,,,,,,,,,,,801.5870879982231,811.686398233223,819.2233420614388,823.217162532577,820.3726679170387,818.1874363486296,816.3330292812961,812.5992347960246,814.6571585133867,818.0254998662508,821.1101717775116,823.5939928346999,830.2104000385291,838.1290043117049,840.074333772959,835.1029873651036,833.4455505022307,832.2195842216418,838.5480951611405,841.6524750758432,847.7495835017244,852.7673907149704,852.6016880453174,848.8991467942969,844.8731098463638,852.2536590488384,855.0668937303536,851.1635900263385,848.1209634254344,846.4366302901643,852.3749551001722,854.4646752389908,857.5477587048135,856.6939462095773,851.5764531296978,852.290041702057,853.0716665315708,858.5210616813682,866.8376484265873,872.228925912479,880.4509340912699,886.0953565360511,889.8977456575979,884.24226828909,883.6228020080647,884.800913545632,896.3204580353779,891.1709787719417,893.549019033456,891.4599497426024,897.0717351361949,909.4464547991929,915.2269536322691,922.2721393733337,914.7707949979039,917.0624218652216,919.2854176400242,923.5170419898245,931.0452573400034,937.8057696229607,946.1456525907754,953.4671070436249,955.7237698118187,957.7690064848416,952.7542491098326,960.8249776575205,975.4443703324612,982.0486832353747,981.9961408654614,976.7713086124149,983.8737564679486,998.5393902050758,1013.291283184753,1026.0979362399132,1030.9110519457804,1034.9869554734826,1030.4273873023853,1032.9024141737893,1031.245079814546,1041.2127029561407,1040.4291913733773,1047.3627298202384,1044.832540110191,1056.1957829128492,1067.645452064604,1080.5692375222175,1084.3470836868448,1076.2640261509978,1076.9585338510444,1078.9585354323444,1090.8417191238243,1101.449197363482,1111.1093510456083,1123.1244455277654,1133.3345516024185,1134.492543055751,1146.639490408013,1142.3214893848487,1160.194285573398,1163.238973449828,1166.8109099494177,1153.5920194227492,1150.3299685474121,1168.972036887159,1184.6455561451698,1198.9606677185175,1201.3709513435003
2967,297,Montgomery County,county,AL,AL,"Montgomery, AL",01,101,864.2474185213536,874.852214841945,874.6434812877709,877.0287970046458,865.7151389126491,867.7445486258023,869.9364246142039,878.3807099118399,873.230763121228,870.7032140938898,870.7483442055633,867.4496135631662,863.7475770651474,867.9121990377588,872.5081445699863,878.5088398286448,877.6925769673716,882.6083985332125,880.2245360629785,874.8729975469672,873.8425319993482,875.479738493258,882.0403661808967,875.8699607461895,876.8847344783223,875.9930638602914,884.6452851807331,886.2381076534317,889.8106186217638,886.9168206418796,888.585831736337,887.3738950851545,890.3001995307338,893.3865825916318,896.5992563339511,892.6003521775401,894.9004902507713,894.4273440547922,901.3546463703435,899.4958449055061,903.3078907718044,908.1493736142125,911.2420795905106,908.6548598054368,905.4114134544908,905.40241266375,906.4881542368037,905.970186648834,905.3191839492126,906.5409871898838,911.4342100591375,917.5154172123415,924.0153439538551,926.4983469492988,926.1447933275656,929.2359276109676,922.717528903798,924.8551070671183,920.4371543900087,934.305256905935,936.9684198570925,943.9592724418872,941.6830107088886,942.0190658806205,944.8692303002865,950.4145584279568,956.395856054041,961.7111715666322,962.8306452666266,966.7063962728954,971.7289359230247,982.9927429287486,986.9393605374983,990.1795807672628,996.611781849258,1005.8268604447587,1025.9683886769349,1034.5428744434994,1057.2665583914377,1070.6717618245702,1081.9052008696974,1091.1844003274562,1097.8692362731063,1116.0537181123511,1123.5762076596297,1131.068915437673,1141.0245234091062,1151.7002240463246,1163.465026050263,1167.201422067748,1169.2611462800685,1169.5452792696276,1170.0409016318192,1170.1736186265466,1168.4768713186752,1169.4150808863594,1169.729552631052,1173.5981428367936,1185.3694884578233,1201.7702094755386,1208.289545228366,1210.35296699791,1209.392141140695,1218.2386077434671,1217.307684593252,1221.7361178613664,1218.229888976166,1223.610264138099,1234.8980860982247,1246.5777072689752,1258.7196824296338,1259.479368674877,1268.309522206462,1269.670163626666,1277.9319159995475,1279.0670082328945,1293.1884182699755,1295.2255762100126,1302.790909561057,1291.0061749479996,1307.2127115395333,1307.0257063952529,1322.1923790007806
2399,298,Mahoning County,county,OH,OH,"Youngstown-Warren-Boardman, OH-PA",39,099,,,,,,,,,,,,,,,,,,,,,,,602.9616442337634,596.5265700467261,593.1693849833216,595.7028185862545,602.4877557321604,606.6641051819527,612.4004133581981,612.5049590040927,615.3616257319271,614.9957367726473,611.1034965750039,606.9977680920133,614.415449950419,622.0806802748185,623.3984556261088,616.8265323687882,623.2531596615466,621.8407300956019,629.1387844517062,627.1840364627992,635.8165400600325,633.8828445297679,,640.0530151531477,637.7687650097856,642.9584524424113,642.8288890072828,652.0048549400317,652.3971384584213,656.1357748005078,655.2163228793423,654.0206991637191,655.0831749802294,652.1098101085814,647.470817541047,652.0230417673857,660.456135386265,665.1970689158105,659.7918648725758,670.032317140666,668.6532248099572,688.6202543785275,692.5303382708917,704.8263035439584,705.8499341228749,700.6100371181738,708.4012400752612,713.3356574452062,720.9561116424748,723.4658644963081,728.0018207008497,734.9612467457722,742.7511233471618,749.3274244123263,757.8275829442852,771.1045685272435,777.1620231272485,809.3954935744995,816.5415522307637,828.0180880251477,816.3159435211529,816.9085445839693,845.0480395875381,,863.4886714520493,847.3919079693877,846.7470529965542,855.4991973422169,857.5990706196508,864.3976368011832,863.2988715107798,872.4801580181079,882.5181804036573,894.8607732991725,899.2748085289644,911.5980930700468,906.132553444516,916.0099451207766,912.3270658528007,916.6457064048593,924.5574077853569,927.9774355068762,936.4627145063644,926.2917569667663,933.0108245505506,932.9771301107995,942.0569187812254,946.5169472664388,960.4008367158971,973.7537707845504,981.4522600344029,991.1603138624798,994.5628670676547,1003.420049387222,990.4398429142068,1008.3915531276211,1016.4384767062656,1013.807921932351,990.3785142589624,984.3852375799041,1012.6722222222221
235,299,Linn County,county,IA,IA,"Cedar Rapids, IA",19,113,,849.2292168450672,850.7765934887683,844.2472000608946,845.6893153284032,850.2458584188392,849.3386558732786,855.7640951922564,859.5350033566956,865.0005914756742,866.125330933655,855.1304175192938,851.3177912464689,849.8380976259756,855.9429083103664,863.4871180632566,870.0312780253327,869.3498367717762,869.2062861087942,871.4142420711254,878.657502355331,873.8246960819896,869.8577260499184,875.1744213548843,876.1442078922126,878.7813869626561,872.863464770522,884.4805425344733,885.1881953544058,885.5584552522463,876.8308613243519,877.5006767461134,877.1101690308145,881.846881544166,882.4177328029532,880.8965450927765,883.3143593438963,885.6510155886989,894.1165690327499,898.5057746629437,905.5583807988244,909.1818042908834,907.5394970578891,910.1391473038993,908.430119745753,906.9757295991967,905.6045075228725,905.2254279583888,911.0706543019913,914.5142684374149,918.2328297768242,920.2019226393797,919.3596439432455,923.921858526592,931.1617734931751,934.643918825034,931.5373933439832,929.6963210946301,932.9871878365959,939.2831265822958,958.4777857351502,958.6129060732585,957.8516694021133,936.7778241431182,939.088635184571,942.5075156522015,952.1945266156854,961.7425049843123,973.5760643827414,976.88488157713,982.2784849860342,973.1458914853322,974.036416708332,972.7289641703469,986.1204978233479,996.1043549506683,1000.4048827912889,1008.5978994395153,1006.1779540494078,1012.1122611038907,1009.8642319338237,1013.6146650138668,1005.097003675398,1008.8734327737814,1015.0959755823185,1023.4589432357873,1030.4052181331292,1032.3387011913649,1043.403629147707,1049.1139226130492,1065.1137345484995,1071.8980432299904,1061.9396592373178,1061.436629542964,1058.6967162778924,1072.3909446701355,1077.616680161259,1087.1612759206225,1098.0096546413204,1103.5426669954538,1105.1374013364746,1106.4024521183887,1111.7442892534816,1118.0602483143625,1126.743328523557,1125.4599843236986,1133.5482634694629,1127.6487834956747,1126.41303207164,1132.0531264856718,1128.105366546216,1139.551022943495,1136.8966844477195,1150.191496971535,1157.5772423537899,1159.9266715484896,1174.670266226496,1167.564912450341,1174.631314765843,1172.8677426127836,1177.0017254880554,1174.2532711499684,1176.957671957672
2885,300,Barnstable County,county,MA,MA,"Barnstable Town, MA",25,001,,,,,,,,,,,,,,,,,,,,,,,,,,,,,,,,,,,,,,,,,,,,,,,,,,,1691.1722148363065,1701.1641999181352,1684.48448642725,1621.1540525713276,1658.0370772093252,1663.6738739929888,1617.1389286393426,1626.519698866873,1598.3355207652005,1769.3344878537796,1808.7023898667906,1966.9448807624979,1887.55086009555,1932.6445560283835,1873.3967571222852,1837.114152557021,1827.3469980894558,1874.0583710141652,1914.7907086701416,1897.6002700622253,1901.271207425286,1940.139630332858,1953.1860222913988,,1988.7870340480472,2069.1657755223073,2095.4254417509314,2118.583895529684,2136.83516886202,2146.1925909886695,2151.835645992528,2133.689918658092,2160.036593498368,2186.1001551454815,2207.1526376532292,2232.732314095713,2350.6615079159615,2394.91212291084,2395.890351726181,2335.8948442223455,2400.75102211857,2445.7512515539265,2453.2952550956848,2371.350952601172,2349.2013574424595,2393.368467944029,2478.021240979268,2507.4906666694865,2496.1702165588526,2513.660004862066,2565.3594650260166,2580.2650047853044,2593.097975536113,2597.8033796267805,2610.337870647157,2572.443009683976,2567.787241679871,2595.2685785315703,2630.6007498704253,2660.1858037930574,2719.179106839864,2732.809461003099,2715.2132943510205,2723.0179416845167,2767.5817379832724,2820.2880553711625,2778.794949375839,2775.876135708605,2736.7447098238895,2705.0712368504096,2672.6938348951007,2728.01086940004,2780.753968253968
913,301,Canyon County,county,ID,ID,"Boise City, ID",16,027,727.9037010032589,726.948428607966,739.0232095547942,741.3965994715628,750.4854525025831,751.9716775913585,757.3784352881967,764.5372977826681,771.5486197690616,772.7359190472349,771.3731337531317,767.5978428098564,767.6880599767933,780.1252156877964,792.866715793669,806.9318536787782,816.0283047170782,824.977516459204,833.6444662324659,833.6905486085828,833.0945319164255,833.0190275822413,830.312878418378,829.2095744502002,823.1972744942047,826.7668465589439,841.9191460614833,865.4328702265283,884.5779362740095,892.5244812582033,899.39017073892,902.6939584569034,910.1181455973112,909.9980117494252,912.9712397265049,913.3650157207388,912.6107627109063,922.7266358522373,927.7665961301318,950.5250240994992,960.6859253480535,977.8805912529908,981.7930599097206,983.0831530007487,982.247013560685,985.8072802045576,986.4355160148037,993.2764581345775,994.9278382227708,1004.5543991707494,1015.4966415951909,1030.3937232734759,1045.7680000485523,1055.282534301132,1060.6036664549308,1066.0065442813082,1066.92255444985,1073.8051737108906,1070.1957283178508,1071.12393835418,1071.6725170606585,1083.8975083605835,1090.8582811203075,1095.6325489121314,1099.1906967493237,1108.8810025609494,1124.0803865277817,1135.796814464551,1148.9969665712674,1145.8081323624588,1156.5710262242696,1174.62183245058,1197.1033890035774,1213.264252240117,1229.8423845212733,1260.9794903468369,1304.7550453110987,1333.9002559672517,1356.953080370903,1383.8077683009096,1399.2142287388806,1420.0818304685672,1419.8283991223748,1430.760253619141,1434.433496630626,1443.4060417359099,1462.6994609571698,1492.0342812688211,1495.8393468294848,1508.7327598891015,1505.642106919156,1518.3308262214825,1512.4946643499723,1505.9563396181238,1500.4130039435668,1491.009097056021,1488.924626409805,1488.3492048510843,1493.011882006264,1500.3918276071688,1509.8534459475015,1520.3093051882693,1520.073903137396,1523.7928345687221,1520.6386356719227,1518.5246717119835,1505.9342813547362,1503.5882407171193,1517.913081041301,1520.9151652646397,1526.2390184527812,1517.431726229386,1531.2498254324066,1537.99286023432,1553.5609392545277,1557.067721445391,1563.4782564102104,1558.7323711175059,1556.8166431243658,1541.8530786134343,1540.7219512785061,1537.0110953782505,1549.6100340490584
1525,302,Baldwin County,county,AL,AL,"Daphne-Fairhope-Foley, AL",01,003,1022.884817501291,1014.9640959977387,1008.6452263193404,1021.5572974304988,1041.8085350391132,1062.5964717067134,1061.064300244295,1062.007144618579,1058.180466052923,1048.6720106993755,1044.642345040859,1033.3012148731514,1046.2858086281485,1041.581989946194,1049.356576219372,1052.9078850917315,1069.5976639897083,1081.6430232355215,1087.4503198640466,1095.4103261787495,1091.061821272172,1088.2217136281931,1073.52063880133,1071.4935181391777,1074.3327595647777,1086.7705857123117,1093.0523766417714,1102.0883284496483,1108.3208101358891,1122.5101527064476,1130.294212324907,1138.5514157347875,1135.0048413339796,1119.885747585242,1103.4234341859008,1099.211786961557,1103.397559595182,1106.4413195707502,1110.8848841746635,1120.6333096145809,1137.5881747875037,1143.6288249705142,1147.934746677064,1143.2463815459569,1150.7712691840652,1151.9113253906885,1158.4960483502446,1145.7717141162004,1155.1140430616776,1149.506283914353,1163.0486070176514,1168.805235011392,1188.7898374797292,1201.3741244354467,1200.6238569279908,1195.7901951420185,1193.3274249205783,1188.583345536648,1191.1201440237155,1191.0277885754856,1202.5067200030517,1207.0395810717378,1210.1044315748525,1211.3812209984007,1223.9246434484385,1232.8313025839548,1236.771586847716,1237.04008932647,1237.0414694702652,1257.6784511726905,1265.5201962990843,1279.0944504402416,1273.492251209464,1289.4219808768555,1306.107906185635,1347.2086925901299,1366.1897979202695,1400.964298488126,1451.628558029773,1510.0210574184387,1556.9236307206188,1564.7042962780954,1547.7087217694507,1546.0900717471202,1534.7544103373418,1554.52893997687,1546.244234114076,1553.2340317959079,1570.1751452887047,1589.9983697506284,1616.50776156708,1619.2174463759877,1614.1071490712416,1593.9755944058727,1601.34701602832,1607.5091862850172,1614.5386386607129,1610.9401078342862,1617.2086147655411,1625.9255840378787,1639.306773632937,1652.88589964853,1658.3868302839874,1659.1216596580093,1649.0650468215288,1641.1522385176577,1613.2145839579618,1606.8425451951334,1605.6060354897231,1611.4250747133228,1619.6915432319822,1631.5466551925372,1659.4279558188123,1676.1254857191018,1684.1551502076406,1693.6921260349789,1687.979343572559,1680.1093745823744,1665.0484660407644,1646.5276837733963,1641.4628657272426,1636.1025855466178,1656.9853166749135
1032,303,Gaston County,county,NC,NC,"Charlotte-Concord-Gastonia, NC-SC",37,071,846.7993220825375,856.9563535945535,865.8752767098855,878.4680513986884,882.1476186037175,890.4322333007391,903.3486387989647,910.532953882932,903.78431234865,895.0973976242578,889.0660583412623,895.6323711257455,893.8136430309546,905.75513487093,916.6880401898344,933.0768473154484,943.9173646393588,933.666865479169,936.9932256902872,935.1242439032392,941.0593469692143,942.5523272525215,938.4591959812631,942.2881818933668,943.7216155191207,961.5533869515277,983.355184874052,1005.5175671394652,1027.014250841407,1023.0388871480823,1021.496273846284,1006.243549021535,1011.1318317805584,1006.4075385972702,1012.2795659487791,1016.3897209427219,1028.3575531483762,1033.90917277925,1041.1631305289507,1049.1242554509975,1052.061606472817,1059.7795672360226,1063.1188932664588,1064.3486592575553,1059.4253079743148,1056.382585795728,1056.3941226099103,1066.0848493616618,1073.5355662704033,1084.426189377125,1096.953346679144,1106.5952492430772,1120.6148428429265,1126.4708397536378,1136.2333444193057,1135.0724678697397,1135.1080743028265,1125.4134337479643,1129.9119566981963,1125.2504434149853,1137.916833022564,1136.7445051038255,1159.2923323123007,1169.2669710864295,1185.7405341091915,1192.8889536638499,1200.9440551720838,1214.1632213220805,1215.7186849666418,1215.2925621516074,1221.3608329045828,1232.4134432149813,1251.5906197046816,1259.6735942713874,1270.1239365579695,1292.8233107123128,1307.9531067175064,1330.8115388197539,1351.2408201548903,1376.5155560894082,1394.2324482261208,1398.1973567825003,1409.2756029100078,1420.689914468526,1428.1758257245544,1431.581378507686,1425.2751425348508,1445.2617428034985,1469.1635524921521,1504.054561065388,1522.9958862015299,1536.6024263206502,1553.419569378041,1552.7817444247523,1548.0488208322936,1538.8123129964547,1530.3491973267087,1533.0273525424248,1539.8987287615412,1560.2303517157513,1580.7797033202714,1589.7726577800468,1597.606063076276,1594.7142925402093,1597.083944743973,1604.9592675676347,1595.6352914570934,1604.5514394828308,1599.5023713841886,1615.569600266498,1617.061929445265,1631.3230944831362,1643.6021460455688,1646.9368597345542,1638.8769798154499,1637.7415828642131,1643.8867087338895,1658.5888753774548,1666.0378770359362,1677.6898480565362,1677.4469576565234,1680.8772769851162,1681.5031289111391
2744,304,Jefferson County,county,MO,MO,"St. Louis, MO-IL",29,099,,,,,,,,,,,,,,,,973.0066751831765,987.4580020796437,990.4869137546096,997.6146815685634,998.2386026372083,1001.2849445792639,1000.395136539542,993.5977140691506,984.3757845968116,984.3744634568039,983.0074597691292,1002.1408467256264,1011.1973819467122,1040.1562869057598,1031.8168122781094,1028.1192129388699,1010.8911604703311,1012.3780594434011,1009.8819000556167,1004.1452639727834,1002.6301783484853,1004.7577764064519,1010.5385865150375,1027.7284316288317,1037.373082280112,1045.9212843502855,1043.4575603308767,1054.089950319997,1062.7490732726312,1064.2561716502412,1051.5866722743995,1053.2773016149674,1057.664781926618,1065.988292706297,1057.045881965398,1056.4891688933142,1056.4017354953855,1060.470506588827,1071.6948302442322,1085.2570009956635,1112.2040745907784,1117.113352681843,1121.2157722478273,1107.087174993894,1104.7162639795063,1099.0392294937026,1106.4623782972938,1094.191910131078,1095.9760623214806,1099.3282493204417,1122.594684433902,1134.9440988878443,1145.4841901599357,1163.1219429693863,1165.1016206572494,1175.1965706137782,1170.7379549197938,1167.6492928657617,1174.292940066437,1177.1682310100175,1201.6407092953334,1200.6561205121207,1219.7521081786176,1222.0211017448057,1235.5063746878343,1232.4785464268718,1243.2901517007774,1248.7768790115595,1256.1074645031072,1274.090451177671,1280.356164419787,1298.8729147027304,1313.9211054207085,1328.2637377948697,1340.7570123463797,1344.5474151097394,1375.3437810260962,1376.0748093084403,1382.0171285944853,1374.3054645576633,1385.3647070790576,1390.0031941020904,1395.0244375177858,1404.6132159870697,1408.3688425808825,1422.8532353476403,1436.08860949144,1447.761749065976,1443.3034954268655,1452.1598472509759,1452.9796566644236,1455.2495238755057,1457.8259857436067,1479.6029107755269,1508.9944357203285,1502.8317263012807,1503.920541280005,1498.1666657620406,1518.047602411671,1540.8490370941422,1576.7016691955828,1585.786724367632,1587.2035840715562,1556.6506132424124,1554.0525675294587,1565.303636671392,1582.179485842501,1614.0601851851852
3219,305,Richmond City,county,VA,VA,"Richmond, VA",51,760,906.9416224174888,913.0385625853859,922.1982044886194,930.3403350360055,937.3837681165742,939.316599039552,944.007971584428,954.3654132158346,960.1679763224513,959.2042889853359,955.9316026177295,962.452448591264,964.8845213947926,964.0385036870238,964.5092347042092,973.6333742576455,976.37222933596,980.3636832373224,983.8461206180614,989.5510499699163,986.9315751454486,980.9156565883958,974.4981789625456,978.0327165505827,989.109011551434,996.6439378152241,1007.0846311381292,1014.2970800749664,1027.2294574311243,1033.7583657214134,1039.595094078042,1037.6369670832962,1034.7853610345126,1026.7621283472267,1029.8547688888411,1033.3338803962079,1040.5948205556483,1052.6100075030315,1062.1980916752977,1078.5824597827298,1084.3967585010055,1094.4436608134477,1088.8460343476681,1083.0371258816203,1074.817021387525,1072.529949162294,1088.3530251161894,1092.415573107096,1104.6608722194874,1105.10021293343,1120.3491436054048,1132.685901173331,1138.7551318649766,1142.2228033172141,1139.2612254836854,1140.168790931822,1137.1216089522625,1136.8276154190758,1136.9990857047019,1143.4768958562781,1146.9450653372764,1157.014968054597,1166.6576314790827,1175.1604296894268,1183.2089040887936,1184.6980552950968,1190.976824636753,1192.3672004958198,1195.3664531460868,1197.2536912045794,1198.7315893820237,1199.1418864889224,1202.7644617999401,1207.5459942745626,1221.9427656549176,1235.0183506433557,1252.6204676541106,1269.262300610712,1287.827278331001,1301.0264757103807,1304.6836945720886,1309.3912861236863,1320.185047313098,1339.337279842188,1346.9088893717592,1356.3765159680217,1365.5607051820402,1387.1981564393661,1406.7797279224756,1425.357104777426,1445.8374450523243,1453.6463512499106,1467.1794786376597,1473.6456104088882,1479.3702672996799,1465.7137037306998,1452.881818669703,1448.582510356112,1458.0115453239061,1469.755816824196,1478.4029385057152,1487.7656562469365,1491.8670465624018,1498.989849782019,1504.9727461842342,1507.351106541129,1512.985241970338,1502.5080884908584,1512.1591385384727,1515.409230540751,1533.303246011339,1544.2710988764873,1555.5505752130355,1575.558997139331,1590.9914179250984,1602.976433848696,1584.351163771473,1572.4598602734934,1581.2101351802894,1595.3165103508536,1593.704463838119,1590.1495193739065,1604.3340474920926
3109,306,New Hanover County,county,NC,NC,"Wilmington, NC",37,129,894.7161633763624,899.0813642160462,906.0892048761035,911.6549132004164,911.6620276959451,913.1798552579603,912.676043091847,914.4539721434944,915.2595887151059,916.7414360739504,920.6954710570687,922.0303512408356,931.3687409733465,933.8270558734262,941.9309914847905,938.3736564377782,946.234427582499,951.2935470412384,957.1783010890875,953.8445260430295,946.7324634623907,957.3932582846892,962.7053740342942,969.456641434111,966.4293385612149,972.7369278737409,983.4197282143452,992.9507989924549,1005.1264892551281,1007.9593127634553,1005.8666461684206,1004.6779424310033,1005.9450492630785,1012.1228704526347,1013.9374040570536,1020.4920731021949,1020.5857516252986,1018.2966615383888,1029.8759360441102,1044.9186695706649,1061.7695014479593,1060.7664459284315,1056.196134097572,1038.2067465660807,1055.4558092153177,1074.576013245633,1105.2378483414223,1110.3519828444514,1115.6786747667363,1130.6634857644394,1134.0185220067392,1144.2360702602532,1144.3009651230013,1154.827086193746,1153.7658731155898,1166.4153138436661,1166.281299802048,1180.3234626743147,1173.7813593241838,1182.0495792965576,1171.2607131102393,1180.3657214319724,1185.0107495929471,1203.2535246486873,1214.5994123682585,1218.87158375984,1222.7545393790613,1220.6693276553603,1226.9483578280158,1232.51379245723,1235.9889316413378,1239.9901353431087,1254.1964215103087,1274.192365132167,1289.2508760282817,1295.1752313900583,1309.1969363852265,1326.7562454203444,1363.1838518663592,1391.0486328344552,1432.617254170918,1442.0109164192133,1458.9855629948083,1462.460102601915,1484.9299692820198,1503.2695536438598,1535.9015778006476,1572.8341902854143,1610.730314501687,1635.3059803984074,1659.8927856605178,1674.0389628536461,1679.347481127606,1657.869477090796,1636.1823689562573,1628.278158268184,1622.1241508443136,1638.1024345043902,1633.2332274571563,1649.410265766961,1651.9991017974414,1666.94417758382,1668.6915429373933,1687.2126821142608,1697.5207833891536,1686.397060166804,1657.579296897907,1646.742004163988,1647.7122810220008,1648.0759598551133,1643.9906989852086,1661.3742858336616,1677.1580121006016,1690.0583290887744,1702.2430828779393,1705.9836442398564,1710.9768118025208,1702.527536351157,1700.35698387007,1687.009841811583,1671.2146796687496,1674.1443206094295,1681.156741776742
2086,307,Whatcom County,county,WA,WA,"Bellingham, WA",53,073,1056.5001923276882,1057.1677433040147,1057.616885260923,1070.5353517033084,1079.0034664971784,1090.961139200852,1099.107774713954,1104.2609614016121,1107.383785891864,1103.7996056466427,1096.4486482264263,1109.406756737776,1122.8483829054335,1138.0081719593038,1135.9994194199285,1142.250216863769,1145.7117584942096,1157.3478131093484,1170.4777779886854,1183.645222781745,1188.213484818057,1192.4522134927972,1186.7972336271125,1196.725340017073,1198.280542355562,1218.5888062626152,1228.6969283632018,1239.5907324558036,1247.7891120411384,1254.5173434340618,1272.1311495760044,1283.7582723466485,1294.1253863243585,1294.8268173114861,1282.0022529454816,1277.8067217038679,1288.2696096626596,1322.3850566062504,1339.4544771018627,1350.100949338695,1349.0886572023296,1360.9601702903524,1367.5806073198094,1375.6659419928021,1386.2836969055293,1392.8860602093048,1401.2743286424864,1398.456892325566,1407.330869821669,1420.4179286898466,1440.6186486936012,1449.920599692774,1453.6521285034844,1460.5299144239505,1465.8161702568116,1470.566737953792,1464.5304451191876,1460.6912136255096,1456.6250151872205,1460.6470528067528,1492.7488067695926,1520.1557869241085,1560.8350700486305,1557.2968954374635,1560.3028591573297,1544.2461121889087,1554.5030625937695,1556.0035210149636,1544.6791376561373,1533.1025668470054,1522.783360151296,1542.8954024501384,1576.2457059954436,1614.8276814159285,1642.1558545979433,1652.988907024504,1673.0590205400667,1686.6987452129158,1703.0524071838659,1723.335775919547,1745.3800767353362,1768.6783717156559,1804.4044466934615,1802.3814305324115,1804.0121386844726,1800.272734190459,1833.7747867038731,1872.4479058684958,1898.2016940478434,1917.2370212868793,1923.2257162280584,1924.9392069999785,1921.5901717470251,1924.7482144610533,1931.4071155150816,1931.5184008810716,1934.714642903014,1942.2484733837375,1984.3331889698,1998.8144413894977,2018.2960022122809,2012.7363040513278,2020.76104978258,2024.3171867432154,2031.6360284477134,2029.809541344821,2012.2192721799297,1998.3063961448113,2003.656158353355,2020.5174541519468,2047.9085023956036,2066.148942552494,2078.324004390579,2080.6383994562734,2097.118552110162,2112.033437848784,2100.0189736918082,2091.3533901996484,2069.7574352372653,2082.551883988719,2071.744944564375,2097.374592009651,2130.2094306362433
3043,308,Tuscaloosa County,county,AL,AL,"Tuscaloosa, AL",01,125,,,,,,,,,,,,,,,,,954.5770476639832,960.8902089306522,951.8328183072532,942.948883309647,935.0122019338228,939.2152501720898,942.8063718315848,961.7045011358374,979.2004564633535,990.1960389990854,996.6415625211876,990.9674552841735,990.5916965339313,979.3771636005397,1016.5792574198198,1031.2360923005851,1036.9732767931691,1009.2892838205981,1001.8595544054123,1012.3102438606766,1009.0526506267892,1003.458320338256,997.4122770882487,1008.2621804807403,1017.9601345849504,1037.380044504551,1031.1028467434198,1043.5424402364029,1038.5160234126408,1051.3304529553027,1050.8382231231037,1042.0734106267098,1036.222547050746,1031.4698516944497,1038.7671491576782,1044.1533441230758,1065.2690167171854,1077.9854182941124,1079.142762460388,1084.2160778512105,1084.0776085962802,1102.8828745433013,1094.6399197558742,1090.7623401132234,1086.7105382961292,1085.5209737947328,1091.5226178768291,1093.8372001737189,1098.2086281470122,1105.8839171096574,1102.9882868872596,1096.456643011566,1103.0063014772738,1109.8673469965643,1127.3013239631136,1131.85829429465,1136.8233739869395,1133.3458311757395,1130.331305470621,1132.870665520253,1137.4250293903297,1154.288010170369,1163.742689494076,1184.0023818221175,1188.6176586694078,1201.547910264026,1213.5644329901886,1220.210281158231,1226.9177485084574,1231.6113665994355,1261.1232852333296,1275.0237655199517,1280.1254544062094,1265.2008828420906,1270.63705660399,1285.3439066186243,1297.5216456408232,1299.6485695588738,1303.4147214495206,1303.6104112350797,1311.219772571484,1335.2934296586561,1351.6575629827514,1367.7561043782277,1363.2338389250624,1367.8576438831685,1369.6403002633097,1384.0814007137278,1384.2960455530003,1403.215142613074,1393.9252978949314,1404.5834696377406,1397.9915597531399,1403.2218404134373,1419.2954413586958,1433.0291201040463,1445.6157370634894,1447.941786727209,1470.879250788643,1469.708612920621,1481.2812868973558,1491.6572624770351,1494.3235375300624,1517.8410474109774,1496.629233054795,1516.2722301266497,1508.9311850311851
2141,309,Berkeley County,county,SC,SC,"Charleston-North Charleston, SC",45,015,1151.027242928735,1157.4986844312386,1162.0648655943307,1151.6930484594857,1158.717853478785,1163.5071222791457,1181.0525205018996,1182.2397457462598,1190.7554272336904,1184.1826905891533,1190.3958479069886,1190.3112094418964,1189.9270051004762,1194.8422481712837,1198.4553320077066,1208.0612992395093,1210.626262956215,1221.8873928562243,1230.0171579345126,1238.2661354026086,1243.302330960171,1249.0715803096493,1250.7392653752686,1241.7738290882878,1242.6280588823363,1246.3521248233783,1260.5997138318382,1266.2107576989954,1274.3194820206268,1280.8862969736242,1295.061094189417,1301.0156740799196,1307.2756837858608,1300.0833931147642,1298.2539416817083,1296.3996970294722,1295.28501957896,1299.4818888104626,1304.4371913163911,1316.414770404891,1324.1358486729885,1332.1145779360058,1338.0185151525404,1341.2076147273267,1345.1325493747756,1359.9221673182158,1367.3198588538164,1354.6352645107263,1345.6441012493092,1349.7452667108516,1372.854447092892,1379.1580560110294,1387.0472048513445,1380.300335424143,1383.1499575054047,1383.8528941705913,1409.3293968359596,1412.59647913213,1414.204494292728,1403.2035169331214,1426.367569450867,1432.207390700395,1432.083328749298,1412.1802908622496,1408.8371011667946,1422.4722273227608,1432.5529910613734,1447.9615663995546,1454.6131343999082,1458.7987712981562,1461.9375218021955,1435.7617251430863,1456.685980345964,1466.7663946758344,1507.01424131092,1516.7802610970373,1541.7250191555247,1578.2031982469077,1616.5454034732377,1657.807888960623,1685.090754596289,1691.531704110394,1692.280376374747,1686.8670646780827,1699.6912010971862,1710.2651504458995,1731.2400054153134,1752.0421450559788,1785.250212295923,1819.6246108858306,1853.5673209879963,1863.947215320292,1878.4466755435587,1876.5129359288162,1876.7533944700563,1857.2265519632156,1857.7001493770617,1875.9158175685748,1911.1769346639257,1932.0624882168468,1948.323186134773,1956.8988348592989,1973.525628991754,1981.294051848712,1987.8935375816548,1971.9672385214942,1951.6291335876579,1934.048156752748,1971.026576782277,1999.7912164210727,2018.4634622894437,2000.0851918504889,2010.3919502781303,2029.915778356369,2042.4162877333285,2053.1520609125387,2054.023256973753,2054.9458109760567,2037.7155517916337,2029.769916920009,2025.0346333720306,2031.1806026123234,2042.8560168399072
1809,310,Jackson County,county,OR,OR,"Medford, OR",41,029,862.3162737527873,870.3942840649854,882.8173833312331,886.6347755036575,900.3477021550025,901.743177285363,913.5112797612404,925.4734392130845,935.8912460329116,940.1365247933597,943.9529586194969,953.7090625010815,966.457123648615,979.3034173761545,993.229403281373,991.5449089909711,1001.2843460582103,1001.7995508384843,1012.9901531690377,1011.4067886993931,1031.274403440777,1045.2591884612366,1042.7740844214377,1038.808176868084,1047.4838085516265,1064.531271849566,1077.692137251379,1078.0155876174601,1087.4534238442827,1090.4098784116466,1105.4394298623204,1115.494921832319,1120.413255906949,1121.0300023117236,1129.4031531096462,1134.3241463699017,1133.3936952355725,1130.942614338499,1130.995499807814,1144.449851754445,1156.3633730822105,1174.9915767262282,1178.6457196610993,1179.6978853784915,1175.1526433598292,1175.7350942085814,1161.6035560227372,1152.7071295217377,1148.107264708333,1172.5016797904498,1186.0108220481377,1205.0543904534154,1216.4049399834914,1236.5506235632538,1228.8215555363552,1221.2441659255155,1215.6594545296641,1225.8240981083409,1231.5480947452313,1232.8369769008839,1238.4204178145067,1226.4932548834024,1234.3400553732938,1225.4171319024463,1242.7267062485666,1252.2243172044919,1281.9068157340098,1305.9880210239105,1310.7138658806075,1323.9102856104769,1321.0013163562492,1358.0807167089274,1364.923926495241,1377.412933924088,1356.690560911109,1376.387874094602,1374.9318314657494,1396.1530436863231,1414.2734631206743,1445.7345975510939,1461.3369053659687,1442.8552134603342,1452.0660288973208,1448.3910955715726,1467.3870963631905,1463.6281036749806,1472.7896688339742,1483.4623494378538,1491.0410917208785,1520.3148100346418,1520.8176248923617,1524.6462049624513,1513.704658374214,1517.7261680976806,1507.314086521039,1499.289825496307,1500.4141067190678,1523.0765896511184,1541.658970468269,1538.743645035866,1554.1168583698252,1557.8645391453806,1574.316078653092,1569.9835304359167,1578.6837627789798,1578.7750368530283,1583.032152260758,1575.6748500553663,1580.257136347723,1581.482344311129,1598.8042368575288,1616.9706229482247,1612.066081942998,1619.9304724068925,1630.4007854090721,1649.7366628332989,1650.804330489407,1641.7214403485584,1655.7631477905759,1662.5555404941324,1679.5807831083207,1683.6055595298553,1683.1817226890755
2159,311,Cabarrus County,county,NC,NC,"Charlotte-Concord-Gastonia, NC-SC",37,025,1002.9062544759427,1013.1523087004621,1014.4407215985536,1025.762185473803,1033.479488497384,1038.8541182731813,1042.7469431618122,1049.283795870383,1059.5753033754634,1058.9581135402768,1055.8603820708133,1058.5411759962756,1066.216363278815,1075.044078545179,1084.7018517679883,1091.5767358301866,1089.1605081018806,1090.4295508993073,1093.7436616339082,1101.482707839714,1101.5009552367303,1104.314734594535,1100.5466847105981,1095.1180513591805,1094.6572178630606,1101.033386807618,1120.8392259276861,1132.5853836256879,1146.6824406966591,1153.031762883756,1160.6502530072255,1161.9530540685496,1156.2802586760438,1148.4795992993616,1145.957369180523,1146.033412019837,1154.4895134967373,1158.795725485723,1164.2351518867415,1171.0043313241565,1184.1064471122502,1198.4080313813738,1203.0348552504317,1211.1302171231348,1206.2919432930019,1208.7413093952412,1194.2447398523798,1196.9420081132687,1200.467209112442,1214.569942382804,1230.4393663047285,1241.9207832262125,1249.5825093388244,1260.5971852339862,1264.3384678417078,1264.0753685447737,1264.5475782439073,1264.7084265277515,1271.1704200885345,1269.4838755724215,1266.798673561326,1262.8881924411019,1271.8624670238532,1285.2373953264082,1302.8484315906696,1313.2456003074765,1329.6909721774907,1351.163754322292,1363.1523047873866,1374.9245722662383,1377.8634089358688,1378.0252558527238,1369.4310542116812,1374.9112572826275,1381.490021426158,1406.170343085902,1426.3716941893156,1462.5080334587765,1499.0271562318014,1531.248929733515,1555.0429148142503,1562.9877469439068,1575.3750633656998,1571.6009634444797,1579.207757755878,1579.5810699106642,1595.3786357698168,1611.4449120235877,1635.5333052745732,1664.4689523042769,1687.880901877927,1703.1193308042637,1697.5528997350148,1697.288369206371,1696.4592708578928,1700.4758545549143,1703.5036062291908,1698.5569377761187,1709.9310883350672,1714.5006074080961,1729.1099926502538,1733.8013811512153,1742.7900757645918,1747.5808360444742,1741.1652015966858,1733.541473715125,1728.1645219664315,1729.959199458664,1740.3605725253342,1749.5235878448843,1762.4648467028571,1769.4419578664786,1779.0565590956787,1783.9424786495076,1796.9192528304266,1795.044152177467,1798.0111749263128,1773.243994199,1773.6664404655119,1772.0785136472807,1788.6699959471723,1795.9315081492928,1805.2360892732356
1381,312,Shelby County,county,AL,AL,"Birmingham-Hoover, AL",01,117,1064.610729707835,1072.5249253582458,1088.1806582327454,1097.837288798825,1107.9319600848544,1106.966782445722,1104.7699380574334,1096.4807354364743,1097.2568267634815,1099.6832602942018,1106.7150628472555,1112.7569612625002,1115.0146329316408,1116.7599237082156,1109.6101681679936,,1121.1763790850644,1127.5999428548587,1129.2092674044754,1114.847372185586,1112.2347845905508,1114.320663800284,1122.0618902939448,1131.3289203938552,1131.837595395962,1143.4745552289846,1139.664987403439,1151.05617093867,1149.7238697927007,1156.404997996543,1157.3375674168728,1149.7402521787892,1146.6315587328759,1135.6635224651063,1137.0309087015128,1139.479313130818,1149.0630720644858,1166.1745891790988,1170.7635004865695,1176.6711301728624,1172.316305895201,1180.9457121283074,1183.9721481034073,1177.26472571435,1170.7557273799166,1170.8877941345986,1186.9418854901235,1192.365556452353,1199.3870976162066,1205.0100697649953,1210.1560476962954,1210.6131384531777,1214.702768138432,1217.8644952704637,1226.1158414189385,1230.1696244669179,1231.3131593735827,1222.933635597595,1219.226732675958,1225.931104434453,1233.9761926683677,1236.2181532837917,1243.090551501882,1246.0030069289928,1249.8922820989,1252.583015635409,1269.65899051423,1283.7543999785105,1287.254240025319,1285.6953814970036,1290.5746397823839,1294.5140464224519,1298.6824888712297,1297.7737246077595,1312.7582374542246,1319.9190539757274,1344.0402963050979,1363.6421758478677,1393.9346135845617,1407.7781773746572,1413.2908984878886,1409.8153071745571,1410.17575191241,1429.7215764787024,1451.232619269545,1459.2500646030928,1451.4956015135717,1447.9633516186677,1458.8296403882578,1480.8439445594222,1502.7298868415292,1525.1378503982348,1529.3514963862433,1515.7757883176828,1500.058956467273,1490.7323967519217,1495.5207826187407,1508.8146733379524,1516.807480122298,1529.3673702460749,1530.1643211878657,1550.2194198931377,1569.5631133805366,1586.403606779409,1582.5181140453894,1575.4449164615405,1565.1899887880231,1558.7613975560996,1558.009129323465,1563.495176476762,1582.6061738198875,1594.8542917408652,1605.4409269454252,1614.8174977955202,1622.0439515825599,1625.1340787839354,1628.8029337571402,1632.073332590173,1633.4292706845963,1625.348522063501,1629.4342509891799,1637.0946898075176,1646.3736087530654
2252,313,Dona Ana County,county,NM,NM,"Las Cruces, NM",35,013,803.1306791514728,799.9824796568461,805.3366531019049,808.5470354581842,813.1144404452907,812.6059464897027,815.5762768890315,814.9966425761756,815.4617742943889,817.4509641025808,822.7361642135492,823.8915562102227,823.3072748680449,823.5655939921031,824.1424445298876,822.5757370080697,828.2874392916468,831.970106725708,837.4111744847365,832.7951109958194,834.3269358063365,834.3824664609486,838.9834436649943,839.5778345515897,842.9738457843607,841.4360381890427,845.8520239188897,848.3151594341574,852.9480231940414,853.8124314160586,853.6587554569348,857.6074593515756,858.6278090494601,858.3178319550939,856.4523759518688,856.2579858540478,864.0876584325165,868.1031373183404,873.3617470710622,874.3254120346883,875.5099685120388,880.2637226826921,881.0609099999335,884.1741950576917,881.9909619657961,883.172026964017,883.0055086922355,888.0439396988984,892.9011675258739,897.8024381424614,900.0243449277121,901.1086501966471,904.6845968241187,907.0164059528778,917.0082460248834,921.5170349689984,930.1654028792178,931.4684189548553,928.2608065630011,931.7708781918664,932.6414160485141,944.693356636144,954.180125547179,959.8361987538013,953.5254723888348,948.1755179286324,948.8644607324238,971.6618196990886,988.3846650378031,1002.6662511348229,1010.5387473916894,1014.0692566445886,1020.0319810600944,1024.6602505341232,1029.1901421136856,1039.009375696189,1041.8744620413195,1059.234875629692,1066.4440744755657,1099.4497303890787,1113.8549823181809,1123.3929525801955,1118.0733435331654,1123.8029438691033,1150.2597128259938,1174.0518441373517,1202.3171507488198,1210.4174083422924,1213.1588716893095,1214.6827710589032,1225.7210371293534,1234.5606740142957,1224.8497944656588,1216.2293594660457,1215.6767406722822,1231.7472340189113,1263.9470421864307,1277.2891528145217,1285.8302745162778,1268.4403224531038,1273.0940548998487,1279.8562845460722,1305.7187620319462,1321.687337348311,1329.5981706205187,1326.4563565352873,1323.3112928472517,1309.7075465062399,1309.0165952312607,1319.2807502057756,1341.5479455021346,1348.44616287787,1338.7476114766027,1346.6185149978355,1351.226417344739,1369.7442354098202,1364.7447067503333,1363.4976157824246,1344.4964501463787,1336.4963829409248,1344.3778467989482,1356.3329573656913,1370.0025500446257
418,314,Butte County,county,CA,CA,"Chico, CA",06,007,1021.979196780242,1032.4292630794996,1044.8300282419568,1041.148280281509,1054.9770967617621,1062.972035310836,1074.7947832217956,1079.6809738289262,1078.1250182064398,1077.5806202494812,1073.3257679378473,1073.2656503940655,1071.10389766258,1081.9514168497421,1088.7010405125843,1107.66902299284,1107.062510096223,1112.3562991189003,1111.8501067741581,1123.3712535894897,1130.3206304047203,1131.7179168533983,1129.0453573580767,1127.5836355351285,1138.8997083221334,1149.7998288733045,1162.9935828321143,1169.217107974384,1166.272045207643,1165.2034329130124,1160.5082546482402,1170.1538574846688,1181.5367549366235,1184.589144335805,1170.5553029157181,1168.7018120218256,1181.8768778465992,1205.4902701222536,1216.2801232775148,1225.5346112316463,1225.6206577601426,1232.3256059622072,1231.0811063275999,1229.5771518236752,1224.8020931816523,1223.1624956030928,1230.9303271159586,1256.5140649604616,1281.7512269803683,1307.072962734181,1311.8620663459492,1326.0854087065645,1335.5579186165858,1362.3124570781229,1369.6208003305337,1369.1260920421341,1359.7119694539729,1358.787401273898,1375.29272920458,1362.3339517236748,1371.145274373055,1367.0550111787686,1384.0249565647848,1378.8537404150456,1382.3335969599812,1387.368711323913,1391.211988369356,1385.6732341988557,1386.6246975254137,1391.7001501300272,1415.0229132182355,1420.3555795620007,1434.0911082817934,1425.483081780179,1427.1308446335954,1438.0694106652327,1455.9366736425552,1487.7451227113183,1489.6885997246593,1505.076889797733,1527.7599998493429,1532.4487154852768,1522.037912708417,1502.5868129489606,1528.123037449359,1555.2450861621166,1560.2418333071128,1555.8877768496,1553.8184131054227,1569.222212159281,1586.0830964361714,1604.9352430443992,1612.0204519050262,1611.108643018334,1602.4981064981096,1591.0669192478372,1587.006111590354,1593.6588716740584,1610.3059296662084,1618.679795537287,1628.0386340607322,1628.3007991290272,1636.1703187276992,1633.5850137548116,1645.9053934179124,1634.4923928107332,1627.9562682514336,1617.9247915754586,1633.2196170631548,1643.2192897635805,1647.6235902710205,1644.7701066364493,1649.3524338233628,1654.2453919299146,1675.6565967989661,1705.7308953671734,1727.275057747985,1723.5793172971823,1703.4734776464093,1692.1762883927818,1691.2708074480022,1691.9279090032078,1698.32805541811
340,315,Yolo County,county,CA,CA,"Sacramento-Roseville-Folsom, CA",06,113,1321.7829175807353,1319.2449032719146,1318.601424793999,1346.5670036771128,1377.894911565265,1401.3411038749337,1407.43926418058,1419.4560177603196,1430.5599624378463,1422.2345547050065,1416.0375974064941,1427.2580647955842,1423.6151856186593,1428.7759041128224,1420.1019133451111,1467.0250596991025,1501.4428130120348,1526.923574113286,1540.8422631412225,1537.2159561835872,1511.6212276515307,1506.2443631701744,1491.9010117559171,1511.2487501415005,1504.2595275993876,1537.7658142695504,1568.1742900670074,1606.339413419202,1619.5438896309208,1624.9980532723434,1619.7583071070276,1630.6372797335844,1641.321576062743,1648.749703035288,1640.1399860376996,1623.85832570088,1626.589171534213,1634.534356076382,1669.9769306183077,1701.5004615033308,1722.1027028257329,1736.5313024427119,1737.5633379917995,1752.9433091617411,1734.0483716888182,1726.3259904353556,1709.9202253359058,1733.3538849203665,1734.241033201891,1752.6446667361554,1766.856860253387,1797.9851833712053,1804.3638877516862,1818.1643580115365,1836.2660872995873,1847.11174180376,1839.943305917282,1828.470360576634,1815.1322659543264,1806.400318755223,1814.5351971335808,1843.0827759363879,1882.0681453132952,1892.831599572298,1892.5647858055845,1882.3710419712072,1875.7942006139333,1869.8542281913462,1869.8059156347013,1877.7565844465048,1884.1698306655414,1884.7040316519262,1900.1530576637838,1925.3133587863301,1935.3941379738212,1936.5477534929532,1956.600611301258,1994.8287863488872,2031.251494382957,2060.1408695250566,2084.7362470505745,2082.5452787073546,2076.5383373908076,2083.552518315557,2106.2453360974196,2127.7497607912865,2135.009455932045,2148.7003260107513,2169.397042783604,2182.3367874529185,2201.0455607249883,2213.2071393482515,2227.9867982290116,2232.63668657999,2193.7974525291497,2167.4679712008938,2161.194076815771,2192.2421168500564,2232.6558479813643,2250.572641886872,2276.6895084432426,2281.5599229307754,2288.7459400301773,2279.447142692426,2255.030419325219,2257.341399332827,2238.9330148766703,2226.8435227915193,2219.605227361736,2236.954111812202,2292.9192945469076,2319.6594319778505,2339.014853141125,2348.025862891646,2334.0342440239738,2357.0849323417488,2324.8608741254507,2339.147780949401,2319.3514504848727,2234.42358919706,2240.1019831774856,2242.5000909089003,2383.0470246238033
118,316,Clay County,county,FL,FL,"Jacksonville, FL",12,019,1097.747547753258,1095.5536643397877,1098.8783718133782,1101.8303552962766,1110.9570040179506,1118.0333847574404,1121.4930584960186,1125.6457583260872,1126.3124233726135,1128.546679673989,1127.506180443387,1129.6140838482142,1134.5182757467926,1135.9796677815766,1147.3307673941126,1151.7372141138496,1158.6952412600697,1156.1153548551108,1156.4795305404725,1157.7602352338884,1155.53405899047,1159.1046389726762,1159.2024787062003,1161.1598271489474,1158.9113603629673,1162.4949762364436,1171.7631666940629,1180.5109756565914,1191.3854509671414,1199.4446797942132,1207.2628705124507,1213.2360092155031,1212.9963488486455,1211.397807030412,1207.2243708789001,1208.8774456223734,1214.3891268302632,1218.5757910282414,1230.4536979221284,1240.86597439235,1253.0218339953485,1261.0756570406284,1268.0087572280488,1279.9352631145973,1280.372574731012,1285.8685599440348,1276.28633132263,1275.7425213330096,1273.1577573124287,1282.5555009482441,1296.7111789471533,1306.4706945885516,1314.096991088595,1316.085776517223,1321.4563578483135,1328.6567374013282,1331.1831624984154,1324.928410411107,1317.5824387046832,1312.9968618217586,1315.3072866661805,1324.6253189664214,1340.7755909565658,1350.0061845085784,1358.6840043242398,1363.8930216391389,1378.874032939836,1394.7613118411953,1411.7086590494816,1424.1709489179377,1431.1001795955012,1435.6236575998387,1451.6517518481646,1461.2164748994576,1477.5418107987816,1497.2280535773139,1530.5478663864242,1566.6735524087833,1600.6721242659935,1634.2590161775836,1657.222255344942,1670.9117104378113,1678.3207823330988,1687.3530863706467,1691.9456208599747,1698.6317716397145,1700.4095594764005,1724.4147502347382,1732.335226094187,1751.210714703361,1758.2168391825483,1785.425500929664,1806.436599321388,1817.0117664384284,1800.9281389543703,1783.5291127052815,1771.2941852755298,1778.5926985358644,1796.4370532962423,1807.7096823208767,1816.8710823430017,1816.4220482590504,1832.5226424489406,1850.570396051494,1858.5843530149834,1836.962622447539,1816.3916455669053,1813.520893540121,1819.9901912542232,1828.9061316510813,1833.508665130823,1840.4304750761341,1839.5514565385636,1849.746156412708,1873.2878998000508,1891.3357407935368,1890.4933752709483,1878.1050867956092,1875.2144182542038,1862.232005207128,1861.663717672526,1855.3318523467776,1867.0340326340327
2982,317,Montgomery County,county,TN,TN,"Clarksville, TN-KY",47,125,849.0358185959793,847.552176858984,851.3464299499115,855.4854457880855,863.2520809568148,867.6398077281491,871.8552102888193,870.3203023137177,869.0975855109419,868.9592924127052,868.578469657723,867.6337096902473,865.6184960095613,867.473514512146,867.3918964821381,870.7650623590081,869.4448260910995,871.4431435482891,873.4610378475339,878.8926070045112,879.8607315494144,878.3710003945268,876.4250220850791,874.7186924720214,872.4303902248845,873.7381955759513,880.4818438462105,886.7979241583122,894.1274840071909,898.693865271584,901.5247478031476,902.7494600559155,900.0801423307889,902.3759190375375,903.5887314321191,908.61361305608,909.5550546341213,912.136705714748,917.1117857987991,923.7183079004147,931.5244969348247,938.3768919665421,940.7524709285956,941.1889849033679,938.8458911233411,943.4107262100324,942.1052887206672,940.4927554184701,940.7485289679692,950.0271948161111,961.3167732616974,974.0221654291206,983.7534413486103,994.1535534691462,1000.2692234156629,1011.4088083197896,1014.8941190076091,1012.5137677651414,1004.9263032635838,1002.0446816565305,1007.5998416103105,1012.7518811371564,1014.998042441633,1018.4432884232847,1028.2534672839538,1039.9519311441045,1051.6619462519309,1055.3103813026285,1063.6709975847587,1069.783397695613,1076.8294224198976,1079.4732668193226,1080.9663029087792,1080.8461638113542,1100.5970030541203,1120.8979675382334,1149.9458840283905,1167.593466417225,1187.5294226506956,1214.8780960464035,1232.889164246021,1244.4042867468847,1243.219092890689,1248.985801649792,1265.1446822634043,1277.002678698606,1288.559363708249,1293.494612821091,1307.2711704242552,1326.0861379290477,1343.6129831413514,1355.4745091097627,1351.350602758219,1343.1395779613615,1331.1606119391436,1322.8973395542357,1320.3180763843986,1329.2967542887611,1339.555241093585,1347.9789150590054,1350.9306912385473,1353.5400116169626,1355.0017047902168,1352.7764392443685,1350.211525725047,1347.748515504601,1345.4537747557813,1356.763326665483,1366.6370205010253,1373.6595835725902,1374.612932451969,1382.671585191069,1394.007077457651,1397.2485303719875,1402.7051015785669,1412.3818290442316,1423.3567034303226,1432.3339359197744,1434.1225545458663,1433.024619819834,1420.5346793228377,1415.7837288811477,1414.1121925836271
2949,318,Lackawanna County,county,PA,PA,"Scranton--Wilkes-Barre, PA",42,069,,,,,,,,,,788.225762034051,786.3079331891105,799.8835018905944,792.3238410156412,802.3062718473907,790.6164614283523,812.2221538259724,815.9353689212992,831.8526138450014,830.1586220613395,833.396658689515,828.4091584927894,814.0976361082729,802.0480032274246,809.3414319191431,824.4038645156978,826.2806940720253,817.4352905163631,809.2377289145701,809.6002618602012,803.8017946296412,817.0702102196674,825.0756187970954,836.7906774237103,829.6303886019227,828.44149270948,838.3515768616284,826.6487523761125,827.1454775394413,819.0951723277082,848.8748836096232,854.143153140163,867.8438752441675,863.4719556796401,869.801062080388,876.0851622878249,877.9228125921835,876.203537504194,874.0033864681498,878.0029644997895,882.0689376293391,879.4661999932877,887.3576007879485,893.6809833918028,906.8806500466222,892.5339449712708,901.6739122927495,911.7126495590816,933.6849613425259,933.5551864480382,911.2742906268971,905.7163122086424,903.5693389027501,919.7765458913639,924.5343321367229,947.5008537289378,953.5776824796958,971.2961124632812,973.9925658971838,986.7767539111085,1002.1211900836662,1004.2981428896268,1012.8006707157408,1011.0730138488019,1022.2667028608602,1041.0820893975874,1057.7850818640848,1071.7909715229705,1080.9558171548492,1100.1638021062467,1115.203315412452,1134.523441507109,1152.9658893570338,1151.6923444964355,1143.9455962705467,1135.6278293271607,1155.9565749430512,1187.1927084220436,1208.2599604260702,1211.3471220694585,1215.067032307705,1214.1279155647421,1233.6215009004163,1237.6109610424926,1241.6313422614294,1237.136299617926,1222.5380561716872,1221.328848219889,1225.3480166312827,1241.6654758154623,1248.6709748408953,1248.720069782417,1259.6881720114948,1271.453058484717,1291.4836191124705,1298.708452848729,1303.07491577008,1304.4602182109898,1296.141763587447,1300.2565800639643,1302.9359727179074,1307.8837924068025,1305.896653386033,1305.7785368347543,1329.3564700512957,1362.0514019365935,1373.052140727314,1372.0852384429772,1369.77400092239,1374.6338136967472,1368.489571805745,1369.9239646938322,1354.1621515751153,1356.6284461152882
1946,319,Niagara County,county,NY,NY,"Buffalo-Cheektowaga, NY",36,063,,,,,,,,,,,,,,,,,,,,,,,,,,,,,,,,,,655.9641185332789,644.0818208826995,634.147717559825,630.4777043789456,648.1354676526971,665.5642568538591,661.6904823933872,659.7152508800219,660.7547002671274,668.2337866684685,664.9589225651738,660.5174376812123,661.5500365158531,672.2536993819053,670.3534846863379,682.2949455011227,683.8144057332122,700.591234623419,702.1500599005863,711.9570622474912,705.3795081086631,707.1801215038066,702.3128049802822,695.1931303915497,705.3365305877666,712.144832702261,730.9612584392363,727.0264404325334,738.1022601335304,739.8218740238149,751.5934140995159,757.5169421773111,765.7240999547272,754.617647119722,747.3215292796067,752.475197107906,762.2321029942818,762.5667380478142,764.2583576486849,783.3205009543785,796.2114871892585,807.9573212144835,808.401158267189,822.1204194099421,837.07846836,847.9273484415552,851.6348171045573,863.2727657416193,862.0501409775271,874.0949860863859,867.493301286562,886.7106327238926,892.1563635280568,903.5672557170375,913.9273411404833,940.1416435765674,952.4706219814025,955.1112724855926,946.0024401308802,974.1936636801449,992.6717786841297,1001.6998913252553,986.3437085024808,990.7616272407103,993.6558079207712,993.4972947491087,1004.7956534266855,1031.1870062297542,1044.6299330059458,1058.4789854681317,1057.7361363164687,1059.230439580413,1056.2721555403034,1057.6502952540031,1070.52044183933,1069.335157716304,1080.5991663530604,1101.3196960696891,1105.2578003096505,1115.7091390392231,1115.552366687447,1124.0690820171837,1115.5114756465277,1124.5364041370156,1127.6415692699113,1156.5875720227382,1144.245111721114,1141.6818226765058,1130.8604329279258,1145.0320512820513
2644,320,Calcasieu Parish,county,LA,LA,"Lake Charles, LA",22,019,,,,,,,,,,,,,,,,843.8286166756982,848.1786980542606,855.1273745133392,849.3860890657501,869.2688595433298,870.4488211685725,,885.7251284365154,897.1283388541585,906.6621188406192,903.5253037959039,893.5970895160647,885.1611335109469,889.6701004375878,895.2135958666211,901.2918871049119,910.4143160950083,918.2827324214013,930.3412477658602,941.6253032297157,939.4293292928628,924.2130852168544,916.0530860553916,927.7672425880454,941.4041264357245,946.1843144472871,936.6035267865218,927.7851992016265,925.7572349852868,926.0795901705936,935.4886623857121,932.8899107987739,935.8313496846063,930.3586354245251,925.1682928487846,916.7151729437301,906.4765914696959,907.6755092154168,918.585457538728,929.2083151567282,922.7382847315039,903.2499750969807,882.4674972078744,871.9591203876652,871.5671554222344,874.8535774673677,872.1119876809136,866.4764976941915,859.0168302763119,864.7525809933668,878.8234481801604,890.38956271467,891.3522814982223,889.7718715779642,867.980545114221,,982.1625601820989,,1059.1122067987951,1079.621935004497,1101.5028149358607,1113.175086396168,1117.8236009561322,1113.393374504821,1110.5359593390242,1091.1412538120026,1082.8382145940482,1070.019154339236,1064.2117242433283,1060.106824016517,1046.0996292263108,1026.6557965061666,1005.3818266114595,994.638124186221,992.6492628502921,982.198228041881,973.2486439184394,959.6935853383052,952.2364610778874,955.5396103115569,953.8031034031328,954.842822496697,932.354111759587,928.125318677281,928.4679620110301,956.6511843452892,966.45187188395,973.8799361108144,968.0964431618963,975.0513384267803,986.9924119716097,985.8847511136936,985.1846300796142,966.482773406224,962.3655473819131,960.8605844115523,978.2305342445902,999.8439040611182,1010.1209381211424,1014.3928762155602,1009.378647927434,1012.3772814107577,1004.6997953490633,989.0748429363509,989.0844069436246,991.4724092388946,1006.2428502195099,1012.2891387891387
1210,321,Mohave County,county,AZ,AZ,"Lake Havasu City-Kingman, AZ",04,015,805.5132676315317,807.6921142638402,813.7128702866802,819.2239531976898,820.2052003622821,823.3983589505506,825.7182529417732,827.3585871074239,826.5873137539752,828.5948622399244,836.4505936546366,852.121589891453,857.0563531454147,857.0825073047531,848.4735989071422,851.5448614339366,857.8223103405456,864.9229135223178,869.2452313110397,874.7190379322117,882.151512081287,877.2411108623429,883.7940130792656,880.4148851043517,892.9093915913658,890.6800432534743,899.3827047689663,907.3370344689574,920.5555643941824,930.8742160877371,936.2268191295925,929.6636429607727,933.6884484450306,937.0924140252288,955.4029601391904,957.0922977128458,956.5876890410294,951.4562772362158,952.1789621906081,969.7533460344042,984.0680122562272,995.3902196045119,996.292974960612,1000.8292623902994,1009.177876170411,1016.6101830043788,1011.6697545820774,1012.8625176295357,1020.2728893986014,1037.6897099674593,1047.623270369135,1057.1268880457192,1064.8478685811745,1070.8965596593364,1074.2606946897083,1075.0959787956806,1087.8584327944473,1094.6930881079456,1098.097406826595,1089.5802045084336,1094.5364418250658,1097.499391157472,1116.5780635927276,1125.4976010769187,1141.795038093509,1143.020983699334,1147.7106060939857,1164.7299417489085,1186.732965681455,1216.3460432337565,1232.7981425522933,1230.342521432615,1208.5995193829642,1210.79930262156,1247.881180203832,1322.1141683434869,1368.925707019517,1391.0419800440204,1376.1244111863102,1371.200844522707,1385.8882951663659,1407.9304900953439,1453.1670890398275,1459.6782413530827,1460.2515476450774,1455.4202126457624,1478.1610304106528,1496.0867042763,1505.0169551267643,1505.3568248042222,1509.9886073867547,1514.321381011366,1519.3612802622774,1506.455174459284,1513.3115794078185,1516.3212740571296,1525.2562583050028,1515.4024545868795,1513.2760550302821,1527.4595445976354,1527.677133494458,1529.2939390730435,1534.731858161876,1544.35691365151,1558.1206951780673,1570.359101965973,1575.3331932137226,1563.9525477428367,1561.657049479746,1566.858390719444,1585.7527723091314,1589.706721517129,1594.6001622667375,1593.6837993234217,1594.5446241111672,1600.1884980359455,1619.6974748672599,1632.810467071401,1633.0473848050042,1619.322533923926,1625.27799429179,1634.4022927007752,1653.6997494323075
2249,322,Delaware County,county,OH,OH,"Columbus, OH",39,041,,,1119.8068056436966,1135.6883380809568,1127.3495890390705,1137.9962636370467,1139.5270215587063,1137.1225174773094,1137.8400231981952,1137.7390114724965,1123.4812897800518,1119.19941393446,1118.1333023913762,1141.244090263287,1159.7003167871944,1173.1902553630423,1172.0203832602137,1184.9549681352296,1192.3106487475068,1186.1230425088354,1162.260998701801,1137.6077048167485,1134.790407277008,1131.1605766086875,1145.769336493005,1156.002562899316,1172.6515809195905,1192.4994189936629,1194.4870912863735,1192.6650771150605,1192.9895373721115,1204.9667862026238,1212.135609819183,1207.071134262141,1220.5817381483835,1216.019680048814,1233.1473296684799,1226.9540387302595,1242.7309849353542,1245.1697357356584,1248.045142070714,1250.264637551495,1246.6062874501656,1244.1224274799247,1242.4277514876271,1243.0929700520749,1249.0752786293901,1251.7023169059912,1255.8600297659382,1265.587550391052,1279.2687541991563,1298.2880383043519,1296.2034751634303,1300.5494428451857,1289.2655516251152,1279.669749867863,1261.4270501623812,1257.4099425726906,1254.5117595195966,1268.4154462380286,1278.7088136088055,1294.0080545505602,1292.020176077601,1290.7237658061022,1298.0223012698402,1303.2462905733325,1308.569912489126,1316.6456253687315,1332.2114984153304,1315.6666038381195,1311.3820833541192,1296.3118136551557,1327.163226854294,1327.5217969830107,1343.7274238708446,1349.0694100983737,1374.362518285849,1394.2305580607983,1420.985404375321,1438.4479132697998,1450.044009805835,1454.1621880620503,1452.336623345365,1459.890369477006,1454.6707194567562,1463.4454344084731,1478.4127414848706,1504.5986069471871,1540.3782107925704,1573.1189395219992,1610.3145359595062,1612.8360946487207,1616.5099622992984,1596.4629885396835,1584.7621104081722,1560.5106055289061,1550.11313451792,1553.1305320389654,1569.7103869167502,1591.8860896703732,1618.5394364617152,1637.3841386177337,1644.8991515057535,1641.522447415137,1634.3770289932977,1622.423334421092,1594.5122380372843,1583.8710929944787,1585.3075788365793,1613.4741932818438,1644.6122733914501,1662.047106768253,1679.505430758385,1685.4938485739608,1690.268404833654,1684.7495245315317,1692.8301624652072,1684.774724975467,1683.8498856557133,1666.168950752969,1685.5344492145127,1693.478699816852,1703.3627828538347
2360,323,Johnston County,county,NC,NC,"Raleigh-Cary, NC",37,101,1055.0227096818026,1059.5739423887067,1052.8229178588363,1053.6212790055117,1065.4014269599804,1079.1455507528758,1082.661987030824,1087.291598271937,1089.716271862055,1090.3635663146501,1088.512701736101,1082.965348830589,1094.1372482931486,1096.109703485145,1098.8443656311401,1093.6162048867768,1103.0396841053048,1113.316330514571,1119.2265345347412,1125.431620173973,1133.5193739501995,1142.7951762063733,1139.4029776022983,1131.073260874571,1115.238255222952,1119.5277835919312,1133.366996997873,1156.1925820578751,1169.024084657031,1170.283193318964,1176.4766967209703,1175.8339975464332,1184.3337153904686,1178.6285674098244,1177.0372281453972,1170.612774618255,1175.7664877777725,1175.2556857034242,1196.1498134883059,1213.8779614749078,1230.2786175948336,1218.778082169372,1222.1774019582872,1230.886654441208,1240.67702885504,1238.496792050282,1240.1885066926159,1239.1134922688898,1248.1142321700715,1254.281584745921,1274.6472703415816,1275.9698262206377,1280.1119881155716,1293.389939515069,1307.2675796303947,1308.5409131043562,1297.7986381239532,1288.7228295055088,1298.3383873296314,1299.6679833583153,1293.222626157497,1295.4021461536154,1309.5343877203613,1333.8538749521374,1343.524414993564,1344.8215667046522,1351.5413947082861,1364.189231124505,1382.584914929958,1398.8107945088548,1398.71718289457,1400.079607055844,1404.4916981897616,1418.495194273965,1434.3515970048481,1457.3537202142838,1480.8304116949814,1506.706911032045,1526.7493238651066,1545.6006224786381,1559.2162891909757,1564.0899781660528,1575.430113739252,1592.287851772965,1614.6414027534267,1630.062946094063,1640.5644260155184,1642.3098762816146,1647.1390364165359,1656.9813214457968,1680.8916240210312,1700.4429597352826,1717.5924462496264,1717.4009436498986,1717.0990835167745,1707.8265408457094,1697.3897516902,1692.3618824068346,1711.0833993858016,1733.6247463061952,1748.927277759889,1743.7643914402126,1745.306058589751,1751.2781183036118,1751.3946738967145,1748.9876217855176,1736.5665548676927,1735.9550644381636,1743.8774255322348,1769.9477511906596,1785.1802451973192,1788.3982811918845,1781.1560496693785,1791.9886357781959,1796.983909216356,1810.3069331420684,1810.9259237196966,1821.0772146433305,1821.4331497861654,1832.7140362953362,1828.8229983511053,1827.5466614238458,1829.78329393223
341,324,York County,county,ME,ME,"Portland-South Portland, ME",23,031,,,,,,,,,,,,,,,,,,,,,,,,,,,,,,,,,,,,,,,1149.2946154732804,1155.0167350876588,1192.031195945716,1219.0950404832565,1221.5732824627678,1211.7375331231158,1210.962546330645,1206.592185680746,1189.236716647461,1170.7447889159653,1197.0666312724222,1215.1945485542017,1247.5327427178468,1258.1026053588232,1280.9488072596844,1285.0759613739401,1264.646760647259,1262.6775651868109,1264.6606679396705,1268.0313654656954,1257.7445809699057,1268.978637767237,1275.6543850807288,1291.5893192776157,1304.8769845653385,1316.3227129588142,1347.7422600968507,1349.4935814048386,1381.4738551971366,1381.4653344066996,1396.9802084739863,1412.9329679175908,1403.8968799359136,1386.002690915033,1387.7135406816465,1382.833977446921,1405.1629284090661,1394.7055708543621,1448.2676946036268,1482.1043998946718,1527.622148864867,1550.8142983858377,1575.1098787272244,1594.9254279787997,1622.6256445413221,1625.5546155978477,1624.6948620150033,1608.2493420725973,1632.4391441183907,1652.6045789192608,1702.1442996956162,1734.4372204113586,1777.205028832278,1797.712570073986,1790.1740393690768,1776.055985657226,1730.5906734594798,1726.2373857433927,1723.85562844217,1764.160212886223,1796.3973157485857,1848.7243468747672,1883.2324813429602,1908.1897561033288,1926.452068989308,1923.0848344750339,1924.2470183718585,1879.7196995690003,1855.631680932191,1865.4363005641821,1903.0172628613159,1931.3448660762872,1954.5361516138557,1975.552937583465,2014.1129305250522,2028.2309788967148,2064.6438640834617,2056.8898428177176,2062.9741531712116,2002.846659383766,2028.1954723477309,1972.4205401706433,1996.2844315222237,1995.9082030360653,2065.7356601731603
2460,325,Okaloosa County,county,FL,FL,"Crestview-Fort Walton Beach-Destin, FL",12,091,1009.1776917202501,1008.0213174693406,1015.9528528376015,1020.8165062650967,1028.2368454968118,1032.4561871473659,1036.5129388540163,1037.6286072811074,1038.5349218987838,1041.1851994664833,1044.1079148604306,1047.3445210408308,1049.3314249061007,1047.0321482759455,1049.8820251193545,1054.3413223911377,1061.1352630172898,1064.430151149005,1066.4363575776802,1075.284117620688,1077.546089495228,1078.438016777497,1072.2752200821587,1068.0985829954323,1072.8930398695015,1082.153148764335,1093.1503283106204,1097.2358125407607,1109.1613386931149,1120.5813861179709,1130.7544292504192,1131.2657078538537,1132.3477207921399,1134.2995577289507,1134.5613982414457,1133.9554603455028,1138.3205618961174,1144.6807860918398,1155.7515592511493,1167.1863417976435,1178.6093783086208,1186.5226738235438,1194.7564664873887,1197.935232064476,1201.706484245016,1195.968244191494,1200.7501356845992,1209.921490865176,1222.703779698744,1237.9962808410803,1252.5760070631654,1267.9727700011454,1278.2143680083327,1284.9727757421647,1298.5097705381072,1309.667850461479,1318.8131276465956,1314.721621923996,1306.4578006824374,1302.7606819274706,1304.3934582023376,1312.09526130911,1325.065768232205,1329.8324548935677,1341.1165243327928,1343.7320256072237,1357.8007860373398,1370.8843391303049,1379.2420809502635,1390.1573511580148,1393.743591911686,1396.3939192896607,1393.7489371407198,1399.406328296396,1434.1689740265897,1491.7041947093853,1558.8187942807047,1607.2819295463062,1658.3540195479297,1686.9676507966713,1704.0921747713244,1703.0983055722384,1697.7798679770601,1706.5105705656404,1712.5899474985176,1731.0912351784775,1757.8014026545698,1788.0668792844197,1823.6783588550784,1852.3244520662631,1857.7655481460229,1867.1104682840034,1860.9276195146222,1859.5361269778173,1846.6349259777116,1835.9729696758304,1833.2203178215825,1829.8994691034884,1845.3809624201085,1862.111149785139,1881.707907522271,1880.729469735297,1874.9882839893205,1865.8039816698945,1862.6221715303773,1867.0149453219353,1858.6501936529671,1849.2852790156885,1833.5191930305725,1836.1111815190784,1841.8889084127115,1861.7464634794069,1877.956545583964,1891.1300745321835,1908.7252344117876,1929.262047322838,1940.5115229408275,1925.9846514584299,1903.2500410009534,1882.7179852633144,1888.3484093335876,1901.155000066023,1916.5638191467644
3070,326,Washington County,county,PA,PA,"Pittsburgh, PA",42,125,,,,,,,,,,,,,,,,,,979.1720039996379,994.4876019612954,991.8543964494388,998.7742160801395,967.1569210206609,963.0795340775246,946.6224006528112,952.030023169383,965.1067074738812,988.85184402672,997.7584678101165,1003.0785028477138,999.340549891116,998.9994850960104,1002.606640706621,1004.4691314705746,1003.9606026786945,1009.8172130051781,1012.788594376287,1018.2567134333586,1020.6891393239788,1030.084929364839,1029.7182795170272,1033.9674281453727,1033.2241966793504,1040.8262337409465,1035.1303391616425,1036.1753833783932,1037.007321454397,1054.334120176826,1052.2999672221047,1043.3229252941321,1041.6710931181917,1043.9202222826727,1059.0251041552672,1048.9206316941516,1065.6127446389282,1070.6577998837522,1073.49633819294,1068.8464969673316,1065.4269191323997,1068.34029530372,1069.19880034284,1074.295420953271,1076.6228709598752,1086.427773824362,1082.6770361372096,1092.4624710134774,1082.3592609109078,1094.9219382356032,1097.540129737803,1085.6090121223456,1087.826117129539,1074.4584334006986,1093.074351294774,1092.416067431921,1107.0889403139533,1121.0928179361201,1139.9398917476603,1146.8980453439563,1159.7805019993234,1164.8778925580461,1179.1172051793105,1175.437502311116,1170.3276332351159,1162.8749359386711,1165.4589289656749,1161.1639962129736,1181.2068271686821,1190.9995756683884,1222.1069322795825,1254.1969114411588,1275.7457230041834,1279.5337916402264,1259.1415852006085,1255.7309557153756,1261.2781689483782,1260.7189605508777,1266.453779169693,1262.9624035627721,1268.9887125224889,1259.927634802272,1265.1198099114972,1275.0122321326924,1299.9747182796891,1303.2314112023055,1306.4235698535613,1293.7692570082086,1310.5833545365049,1319.9522111759145,1338.0437725411934,1320.7215284693261,1315.9239666984327,1316.1429368404335,1323.6506138160532,1335.6841106211307,1339.8340648677256,1350.773873030998,1359.247767438818,1361.050829062204,1358.646709623253,1349.78004022858,1332.099846326883,1340.3198540788262,1345.437303692825,1360.0749694749695
2206,327,Clermont County,county,OH,OH,"Cincinnati, OH-KY-IN",39,025,,,,,,,,,,,,,,,,,1079.619196378187,1066.9637394173071,1070.7872411680548,1071.252861342469,1071.9759307264337,1077.7100457413205,1084.1612943417326,1076.7298576471035,1087.246976065412,1091.3603624975065,1112.4974650964832,1104.42259046259,1107.1565109270907,1105.9745583246724,1112.493098533567,1110.3637167287018,1120.9185248316558,1116.9814147152824,1126.5023819092987,1122.9919067680205,1121.32967986386,1125.7064198448527,1131.6400038001782,1149.5193540683968,1147.8623820264952,1151.5818478999404,1149.1699722599637,1157.9816800351352,1155.745872463246,1155.9471975773258,1147.8466213118745,1149.7619160773077,1153.6489273565733,1169.6739133933843,1183.5504994461362,1190.288119364681,1207.1146948584717,1201.467439229652,1212.203888011763,1196.4812188510912,1205.1865106233588,1195.4510407846785,1201.1300324604504,1195.5055570805066,1203.1952962676162,1208.0501076969065,1227.0116061256251,1247.3145206071492,1252.0175371060361,1253.0670720076268,1248.2498326511682,1266.6309706688771,1279.4902847196208,1288.4564386750353,1260.3586165816828,1250.25961071792,1245.2067976007925,1280.936813263203,1304.2227636060472,1350.016998671323,1373.6785263112386,1403.0221661952774,1420.6247308856725,1437.8778132119376,1439.1174531226368,1431.9478559802064,1435.5745089801892,1454.4918382051542,1462.254881005431,1476.0007494479044,1488.8024791633954,1501.3216573688653,1518.1409959375878,1539.9193898907163,1558.5093451847001,1565.3309693007702,1542.7340650534466,1537.4158516756725,1531.0711295713636,1544.642540396575,1551.2267680152886,1561.8727058967038,1582.4815305278646,1610.6356908982596,1628.3196765746393,1638.4923355514982,1634.97099041233,1643.606327183653,1644.9930648410875,1659.1298136687174,1670.5431027240893,1657.1014399226801,1661.7703581626051,1657.152582338474,1701.5339453556464,1719.3805124646008,1731.7937817342001,1722.9735517773493,1721.173520096696,1720.004013682282,1723.9500575637087,1712.1321201475207,1699.8169945009904,1677.6277414677318,1677.8688804816109,1697.0986832003584,1722.491346153846
2333,328,Harrison County,county,MS,MS,"Gulfport-Biloxi, MS",28,047,818.1195336150975,828.5364043785345,822.2060649762851,819.5965846124983,810.4564150487424,818.0267067483796,819.9905422768556,830.3524530482492,822.8169428407554,831.4281858137468,818.0223256498232,833.4726001899095,833.9250790022162,852.2548483474006,846.7058481110417,844.2444027509575,842.3859305397524,846.978623786277,852.860747125801,850.7224296078593,861.339799184825,871.3700547081547,875.750514939731,862.9669305354436,850.3062674731198,844.7597896697786,848.1289603108564,852.590090715673,859.6683384922834,869.42752975648,875.9267414637308,871.9324855170385,874.6821531835932,874.8187854818369,883.3900609461632,879.6385522004175,883.6955478840417,887.5877218440818,889.1493007123327,888.7248359230177,888.8886592679182,895.5167391388184,905.7364631906361,910.0165819422926,915.4792930915614,918.6834729257583,922.7414298734496,922.2169389002912,921.5476305401389,925.4843544253498,939.3924287610283,941.7038708236214,949.9241415713828,937.2644400543301,941.0265598016169,939.7932960312337,951.9009374237095,951.3029094180971,953.8536588523893,949.8170949866479,960.640239003286,972.6254190891543,984.8618072030637,990.7269933641854,990.0491005936192,1000.9508923557883,1011.2432037572821,1027.7683808868615,1038.71113222342,1050.908800273143,1024.5124209112519,999.7851884549586,1017.8229163806969,1042.446297569042,1072.4271847155933,1066.6242114806012,1094.6453765841113,1112.6714735718272,1125.9075624560853,1142.9887904420905,1179.5027642967343,1191.3922260294723,1217.4985021717728,1215.1751431218345,1245.608332977824,1233.9272020526641,1220.6707355494123,1206.9810286087763,1219.9325525719826,1256.1025677144557,1265.3503361178778,1311.7699701641,1320.1191324053077,1333.3523248573238,1303.0621128751766,1312.760111682158,1319.6501878145702,1314.3561317931678,1313.08715740407,1333.5563683995802,1358.5000342375931,1373.4361475725038,1369.183345465711,1403.536237520545,1418.2760943876854,1426.518598937953,1397.1945870543425,1364.225703928125,1366.933555998388,1369.3411324822318,1401.2359664532473,1407.4004232510326,1426.8413680792848,1418.9387620781367,1429.9057269683963,1423.6085200260472,1443.1264650213654,1442.3021248470302,1445.351103185493,1474.4416974708975,1469.1025030710246,1480.5830981352938,1450.6158730158731
2648,329,Champaign County,county,IL,IL,"Champaign-Urbana, IL",17,019,792.0537957410587,796.6577717443153,809.7542536692866,816.438394871967,817.9396291484945,822.4547260585839,826.458063322473,824.3797028543487,824.0565873785717,822.8396900408865,829.5558064194131,813.626708280368,806.8718876573357,802.015921355834,813.5625399312664,822.9884186821436,826.3423642869882,831.6061842766823,833.1425530094191,834.2678733149091,827.6328138349172,821.8696951493322,817.619974644114,836.0602247544233,839.7685565716123,846.4208140619722,835.0105085498798,842.0487265649923,849.4753695266478,852.818154544261,842.6371614121641,836.7456969159336,835.5294761279551,850.0343571915234,851.8366444906995,851.0456685046548,848.6387366612066,856.9380727771126,860.0820888511752,865.061065302479,862.8129808007546,864.3475950939364,861.8045826953988,852.6117920292046,858.4618687593057,863.4131006441012,881.2231291126641,888.213219048023,888.6036310964735,889.4984291213352,884.1335268089642,893.7691932367278,894.2811185093632,895.9592442991386,889.3561871213027,888.4367021911978,897.7151328517317,905.5389934905777,914.7450446581731,911.189102556575,912.7154779870964,910.8137150850104,914.7334442671374,911.3594865660097,908.7730912616036,903.989838116771,900.7685950448918,897.705560096885,908.0920979971736,921.799809772865,934.7288991995005,928.726090865986,927.7652431924906,931.9880139744805,939.2992695230639,940.5316702163905,940.4294617725102,943.8997134673024,951.5541325429018,964.6310050768676,966.952387020048,980.4704416053871,984.3334436674494,997.9750489853357,1006.6439383489233,1015.981037477265,1035.9199908262026,1041.9834627908983,1052.3669168152546,1049.829274995485,1045.4974503579724,1053.83626048853,1058.4616027785335,1066.9731100018103,1066.0268763818017,1074.751533016709,1084.8550298187818,1092.300846645016,1099.8973737793365,1110.2763925729648,1105.8644652595422,1102.0669928825973,1098.3582561215878,1112.5986527063938,1119.524989268173,1120.8547307072695,1104.7458361013287,1112.8551908729128,1130.3518615565674,1159.2939066331335,1157.5861198764717,1154.7215932235204,1156.319935732218,1179.6103020502312,1198.0303786852664,1202.3308944786943,1204.4409523478637,1201.5415673296097,1205.6048730780956,1207.662810479613,1224.3037370850363,1229.8194199475106,1237.9834343434343
1691,330,Elkhart County,county,IN,IN,"Elkhart-Goshen, IN",18,039,,,,,,,,,,,,,,,,,,,,,,,,,,,,,,,,,,,,,,,,,,,,,,,,,,,,,,,,,,,,,,,,,,,,,,,,,,,,,,,,,893.3619953666937,923.994363511411,940.650115954848,,985.3946958152371,983.0667500897827,976.1106360057829,974.8363552494455,994.4540223985398,1014.0298265841137,1046.7794292672756,1054.4585791463376,1039.600783926645,1015.2623007472572,1009.2384435939548,1013.3464839314729,1052.7688676729542,1062.6069809437838,1073.9731351361243,1046.7157310113896,1026.249871626887,1004.1473854666834,1018.1107203410304,1039.5055988893337,1054.9986409575642,1048.924545310623,1040.03851945647,1036.8522525825779,1026.4841330348945,1032.75130588484,1058.4006734206007,1076.4930741575329,1080.1176383175502,1076.224489117699,1077.3638430286087,1089.2126627441264,1082.1531943522189,1096.401450798516,1113.6924287360382,1110.777648339102,1119.315979196363,1092.155143958147,1102.5740740740741
2509,331,Richmond County,county,GA,GA,"Augusta-Richmond County, GA-SC",13,245,723.6769866878576,725.792597834433,726.3337342189816,728.8810393404093,737.2552477991192,742.5012143077356,746.4916981721947,747.9852493326466,749.0929617881155,746.4188889476266,743.1366297235459,742.4944014393202,746.1540276190788,753.3296606833877,754.0711158684633,758.2278855537515,757.1938154561415,767.8719951108246,772.125184067922,778.516815217114,778.0308518878763,780.2028225196174,776.9539997962803,771.2968490425952,767.9384142880339,772.8920966654254,783.0016834266544,787.0714340448578,790.9455773185286,788.7257941815279,793.1708865012672,787.3472727633458,790.3302312139804,792.3548716929552,805.4504924512086,811.9797001954645,814.1558699728876,808.3994751813908,811.384352904958,816.4387038193314,829.7692385071168,831.5816726901313,831.907529181001,827.580056981029,827.3684272073664,832.3682798760381,834.8913371791278,837.6136298045296,835.5626360562425,843.6282156684395,851.9026712987888,857.6581092252378,859.6371674902962,863.775254892112,866.2106470172124,872.2098956471274,871.6365821284821,874.5256543328873,873.9067443037056,878.6026394930914,883.4858204423523,881.3612719386449,886.705248345056,894.3836256057847,904.3252155772653,915.5568907824655,927.1075146672072,941.3685858768592,949.4137530349533,953.1256385027766,956.2726406444829,961.7156469206982,963.6358122628636,963.1004479213241,969.3582091166777,987.3331902335213,1015.2807614898685,1038.5561618464487,1063.540657859384,1076.9821769472167,1082.7242815559885,1089.0517359566436,1093.1802009684113,1097.3251921285273,1093.375943274021,1105.0062576980815,1115.1170369081824,1128.939199590404,1141.3049579325761,1154.7087111335816,1166.4188034178774,1165.9061820389122,1161.5353930877225,1153.8238822766978,1157.354676404387,1164.5656251815265,1173.5755028838228,1182.1956508307671,1196.7493727177814,1209.6786922737522,1213.5281407300038,1214.1274085895545,1223.0736247744128,1228.4619973040785,1234.568756182836,1227.4392741885272,1229.6138909717472,1228.7646305345113,1221.4014633890022,1221.7427088837421,1223.5694420541317,1241.6807920466274,1246.762671177044,1260.1959470670097,1266.3637477943648,1262.9088595400026,1260.7309115521673,1266.1536344736878,1274.2539455286847,1288.7478512284868,1297.3848942324444,1317.0751406445006,1315.3119743184434
872,332,Benton County,county,WA,WA,"Kennewick-Richland, WA",53,005,,,,,,,,,,,,,1018.2274275624659,1029.457938134574,1019.3929341045653,1034.1161253934524,1032.588453496147,1050.3400820166312,1054.7703040133256,1062.5895680172766,1059.4754971582606,1047.9752872744218,1059.6562799037504,1064.5713828572727,1085.4485542649372,1084.1334264230165,1106.8176872735353,1106.1635594121112,1106.4526241638632,1106.3014780047572,1107.57495855935,1119.0614379201745,1119.1990772259924,1127.0426425474488,1133.8424792691635,1122.4978239064162,1122.6081756023711,1117.5488736989714,1128.9568877765769,1132.8134985066415,1146.4358210095033,1154.337876650393,1169.8173598812214,1176.5147843665106,1176.9690247263918,1170.33978701642,1162.2602316432778,1162.6639885631753,1158.5080333171761,1172.7118120879084,1186.1549791482573,1196.9192081084298,1199.4284288522783,1206.7467454959803,1219.8661325446244,1227.8294553029482,1234.7004367790744,1236.2504097341896,1228.5566396466731,1225.7660111773407,1219.1964395768132,1226.6502833731306,1223.6288811170905,1222.896776197288,1221.172176418559,1233.2656404314382,1250.0973564938492,1261.447680365557,1273.6665508062567,1286.9959025650426,1291.1687981047403,1289.3111135878046,1288.6597348813743,1301.0640874204971,1324.1247245722693,1355.3868771509265,1397.6689341133367,1414.808409467018,1437.000415536863,1440.3270364764776,1460.6976398577601,1468.210119195787,1464.4728681684815,1462.5519646249218,1462.1194948237514,1481.9188046324339,1513.8346851464348,1533.6370893881824,1551.825634021202,1548.998435477241,1559.175544945926,1565.4248217236252,1555.4388420371988,1544.1041661596132,1540.3497544932613,1550.8701792807863,1564.9094471904677,1595.12965368112,1622.2573592072174,1625.7390233139968,1624.9432756796998,1624.0372129640434,1638.7341070479831,1633.8381958399252,1641.1318589070236,1652.6616355128785,1654.7840228725436,1635.4898269461014,1640.1840647739568,1651.1675173172384,1669.2327910480394,1652.5921785110681,1651.8341595986853,1663.2194815154999,1682.1645760172112,1679.0457316994361,1675.4469278769463,1673.698360506623,1671.9109248123998,1682.648294945793,1685.474043263202,1697.8493627944006,1692.1088853276353
2448,333,Muscogee County,county,GA,GA,"Columbus, GA-AL",13,215,733.2613250407697,728.0203920512532,731.8761896180883,733.405810886179,736.9198448646854,737.2354806169755,739.7789747251604,740.2856867439348,740.9624937958826,739.7336036350367,740.1349999815085,737.7971924663145,735.5803349880248,735.1911734783403,738.7222140539978,739.0335728356952,739.8767150521802,737.2986492758597,739.6965976038904,740.271241186431,741.1662332229821,741.937624813722,738.0260839493659,735.7591838826066,736.8086523702494,743.9767227966225,747.4685644024579,751.0196681573581,751.5330691920025,752.5975303207429,756.4066946742653,753.8198378571014,756.1863319407186,751.7618845440384,756.4638511067066,756.9338526084297,760.2559937679702,761.3963850425298,764.0992745720332,767.1082813150932,765.4778644836479,766.5794425192777,763.680112120608,764.6896523809808,767.3323698829224,769.6531416186746,774.3758014945885,774.1791627424467,773.4610206370853,776.7213803733832,777.8688417972623,789.8925872398318,797.7954494836562,808.6271899891457,810.2717561294348,816.1525379944908,824.5236533695088,828.6525041950234,826.203313114934,822.749669891878,823.9574803064107,828.7103123395711,837.9003460272857,853.2556079881119,867.1446335906155,880.9116645116376,889.2258579112382,899.0101688131524,900.2336356142596,899.3812855925969,898.8295759128868,898.6929693959295,904.2842136048243,913.7185535343598,918.150698186456,931.0432526646524,943.6876870658003,968.7507288176702,985.8579615391026,1013.4677068537428,1032.218646183182,1048.1576622394894,1043.7177269486692,1048.6452622917595,1053.2864229621318,1056.6027819896112,1056.7252590701753,1059.232537306938,1069.162212671886,1080.6017619862553,1091.0148922981818,1096.9366870210436,1106.6815308413309,1106.7652765690827,1095.6023950433196,1078.981487886489,1079.460118023254,1093.6077461524853,1093.9877148318105,1088.5946536815775,1089.7584496251418,1097.7848861911007,1118.321834138359,1122.8713408390397,1132.4661229147082,1125.3938703390374,1120.3247911766625,1117.4886743154584,1126.045987089937,1144.8500132846013,1162.8290988968802,1166.5743095570494,1161.1404886692912,1156.5266509590183,1159.1520925216405,1177.9459481856265,1188.989257956706,1186.7950436044628,1180.9639495310578,1175.565846530705,1186.3104564130351,1189.3809290152174,1209.6396487673082
347,334,Yuma County,county,AZ,AZ,"Yuma, AZ",04,027,,,,,,,,,,,,,,,,,,,,,,,,,,,,,,,,,,,,,,,,,,,,,,,,,,,,,,,,,,,,,,,,,,,,,,,,,,,,,,,,,,,,1251.4038067382548,1286.2217558399873,1293.600541324647,1296.4894432416186,1308.7968882727153,1326.339410696885,1339.8754965634269,1348.850836183626,1345.162274963154,1345.4402395762884,1337.5963168560238,1322.8610980199703,1330.9960763492763,1349.9468914018057,1383.5300257960175,1388.5436763423295,1393.97382407358,1388.242245614421,1388.4759041621703,1394.1172830984456,1390.440797759052,1397.95493391535,1394.05713197597,1403.8657559354947,1403.330804895688,1399.5514347054961,1399.7877044280233,1411.4062147972945,1419.0674150735688,1429.5340808086546,1435.8573857448953,1439.833287255558,1466.2654471321962,1461.5158052033955,1460.7238152659297,1432.2506315292935,1432.0941727815389,1452.4217002339722,1473.4970259393874,1474.308429118774
2122,335,Anderson County,county,SC,SC,"Greenville-Anderson, SC",45,007,,,,,,,,,,,,,,,,,,770.214223396443,764.6297037696605,782.8428340304866,794.5018934926904,802.633748393747,789.2890245939715,794.6972556744211,795.468244883485,800.2058296168132,796.2579914441264,792.7465703960208,795.2863956186148,793.1559311296013,805.2165621026963,810.8986582728273,815.0364364847796,809.8146775563994,805.4409881910923,818.1154409834205,811.1747117485622,822.625319840495,814.5616933886727,835.3177805731204,837.5377272796843,849.1106571969495,851.0983335150145,847.0790438949967,855.2870403492885,860.1453186182024,871.3956081216735,862.2252971772991,868.680209069215,871.8388185146134,873.6082267115489,871.4756401102533,874.953300801989,887.2945582202741,895.3355317595149,893.2452610136136,885.2443457232578,874.7980946139741,873.7198237050394,880.9393944722821,895.2621964263791,897.8128993581761,909.2507799211238,911.492441402819,919.9374317111956,928.2247710878722,934.7943247222771,950.2804404393088,949.328728020245,952.6092098641494,946.8484867780634,943.3149954231271,947.2312082243272,956.4236336840479,982.4419025350481,996.3257234293247,1012.1806106528572,1015.6872632438975,1031.5612715176765,1048.5490898096532,1049.9086255894917,1072.5362045562047,1105.0914965793465,1128.7450909043405,1141.7759019446812,1134.5311369419576,1149.125256204529,1148.2216616513092,1166.4168531786643,1184.7504198451288,1207.5684983420076,1213.9659663209497,1214.5228700340163,1200.9282313255003,1165.2801874729741,1160.670598474524,1166.1813004408755,1193.5846679738775,1200.2092680085057,1217.2390485049996,1222.709970181686,1223.2597507230944,1216.715029093982,1236.9789919407888,1268.3011482543307,1280.230967274334,1295.7795312667151,1294.743981203221,1302.8578700628,1287.972096284724,1303.159127643863,1319.071646401249,1346.993458678514,1370.9258051073075,1373.6818924399702,1357.763632826467,1318.7898113152878,1312.2669768273781,1312.6903390552463,1332.3890487421124,1330.3823638466315,1338.6662970106195,1330.0136752136752
2583,336,Trumbull County,county,OH,OH,"Youngstown-Warren-Boardman, OH-PA",39,155,,,,,,,,,,,,,,,,,,,,,572.7393594562371,565.0296823813161,557.3124516309723,,552.5084430559259,551.5805517277832,559.7725854244492,562.6045723849669,565.2679740686025,568.6915458370855,569.4144639499945,576.2837312588413,569.6009828498609,,571.8334638471773,569.7780277425699,562.8673139332998,568.8049518907235,579.0690316071152,580.7211811712606,590.6150140673868,594.7321658183408,592.8561687994425,590.630122112022,591.192031901094,600.0640279826744,,598.9277674732456,606.4756845965833,607.4803284470802,617.9654741184572,608.2189534191751,607.1791418887901,607.9305001272241,613.8474385017544,614.8329856285823,615.5418943141798,615.7716423084277,627.8570802265916,626.1745053860544,632.260249079358,625.1580471733357,628.5560377725164,626.6985400578584,634.2473631098464,639.7049362058372,655.1657905953476,659.6845236231862,666.9502093089321,663.1786835557721,672.8628426882422,673.257820662949,685.7079262202038,693.3433580232297,713.1933732131358,723.3714196781757,726.3211084021626,730.0877390869143,737.1443981370476,742.0741087039816,748.1609592702042,752.9076529401384,764.2002421994544,768.2474176178863,758.1248972594151,768.3056832131296,775.2459536074081,799.2213266466421,796.9637707242074,797.407440747934,792.9062349196926,795.7575017664742,798.0134551685708,793.1925849591174,791.1882815994958,792.345799182473,808.00880342742,819.3991355046613,822.177019506894,826.4698929001148,827.8267798879258,832.3560703534064,826.8748939895519,838.0890012366011,844.1562027126193,860.6251657313222,850.7182195491778,859.258816096294,845.5514987361953,840.8177595982797,854.9293573526272,880.1629418631609,903.6600785879807,912.9985688759236,907.6677680988295,918.3347358357347,909.3035495733632,934.245871743868,930.76407565964,929.8835061035458,954.1708849497538,968.6904011730944,981.3809523809523
172,337,Hall County,county,GA,GA,"Gainesville, GA",13,139,911.1349200269116,921.5892039767213,944.9308370750762,944.7602045550043,963.5812100541121,953.403107079933,970.4295653841453,967.6593874582313,982.4225782290705,974.6310435687908,980.3550075255051,976.132188383171,992.8313187756985,981.808999718749,1000.071492172754,997.8727785700341,1017.1699001016673,1016.650108215509,1035.9740918516995,1043.2388607921512,1058.7841706744312,1046.5933550117898,1048.6897780576692,1036.422507322054,1044.7667450017793,1048.2489392140515,1048.7981174078384,1055.060944796137,1068.1068417625418,1089.8177595923796,1096.7565400233616,1094.1733913274206,1091.1706170948025,1085.740672885368,1092.471322023381,1099.0607355661966,1114.5127167123053,1114.6197420292435,1119.600486480921,1134.0881464588963,1142.897249167003,1148.7467478474762,1134.4089155103054,1138.7301262277904,1141.5946983056829,1165.190150917149,1169.640230732894,1169.838437175172,1155.6110128097546,1174.5367997789563,1188.3509445803757,1215.4040126533969,1206.2006899591513,1205.6322668888165,1215.446317468654,1232.8577566763647,1253.452353498368,1239.1675740292585,1229.7986466543941,1221.0262634855208,1227.741018447354,1236.532369516176,1239.7031708420345,1234.547795608714,1232.686673800919,1244.0400504250852,1250.6264330642596,1264.9518444640046,1279.7670718466004,1305.1062423080828,1317.402123584718,1319.856137695465,1322.759039436899,1329.7095585150012,1334.6894591484336,1354.6741655256822,1406.550858761707,1465.0294372932235,1517.53458753834,1546.3857532368115,1554.5332289684518,1564.402272805341,1560.5540836673526,1576.2356700008431,1587.8786317042516,1603.093136916296,1614.9379718961357,1625.6228302824372,1640.696750403266,1661.9777745910571,1675.4421564495578,1684.4983614873668,1682.0680479527941,1679.8891083187991,1675.8506376292855,1675.1803389015367,1694.438636693129,1708.0876656241326,1735.5764962935266,1741.9759968477456,1748.2325323313364,1743.4970949413093,1730.8406569927147,1731.2330239034784,1716.258712701725,1717.6010552849045,1694.3750356686523,1711.9464944170818,1720.9826532989716,1752.5239481587928,1752.1386885080794,1757.0190792593746,1761.2227202221793,1788.5946338621318,1807.7570612639665,1821.0723176098768,1798.4819169143627,1777.6090637518828,1755.7016297481218,1746.9585516582545,1757.9877237238823,1766.606155758653,1800.7964853605583
1285,338,Onslow County,county,NC,NC,"Jacksonville, NC",37,133,840.915993960169,843.0921066142284,844.7186788188841,846.7220785220927,846.4262247867345,845.6590518965189,843.8792440261383,844.1716631010893,843.0551264116915,841.6310323170147,841.3246088175569,840.6532080538312,841.19364795523,841.3122390261102,842.0910130722327,844.2915313222308,845.115293732944,847.6757026165824,846.5687156637439,843.1277113195761,839.9205998226049,838.7623597939423,838.5177665564732,838.0670571650992,838.3238627660494,841.399669764362,847.3810439428864,851.6922174204286,855.2452390150856,855.9200898026186,857.367666234047,856.796891008027,856.7212378934471,857.6522981769615,858.3733482715286,859.7521561441873,859.0625807409301,862.0267844327832,866.4211368350792,871.4597927450075,876.7674550504518,880.8237191075705,883.8641932097651,886.4647295188547,886.7863314348585,894.8042062441889,905.4518576713065,921.9166183798204,933.026916609387,939.8081720630413,948.2554189707934,960.0967367431177,972.5921258236846,977.3619726479552,978.1395612489792,975.9237657505239,975.7341778401465,972.2180140078345,968.330997757604,961.5706499016012,962.8977018120514,968.4847283242825,974.4888414822285,977.5219362745036,983.5311451782885,995.1954185536947,1005.0777380572181,1013.3346353812897,1016.0196760347601,1020.6135514039652,1030.7989985597483,1036.8945585249908,1042.442087341332,1034.6689029256454,1053.3513383353145,1069.633338179659,1093.6502724849277,1102.5572429572912,1120.1966705015304,1136.2301765680363,1150.580092189244,1160.2470120404273,1169.5089613316513,1190.6104898232202,1215.7084375468269,1242.5037901042401,1257.5674505335562,1279.062040031061,1306.9534020181352,1325.691212577344,1347.9066497636525,1356.243486026533,1367.2449393758413,1345.2509003191622,1332.2038656921616,1327.4195693495324,1336.9391030526926,1342.8687696120041,1349.2731328764946,1357.0471366482536,1369.6327211502792,1380.4459679907895,1384.100799042622,1384.4455037190487,1385.1233596053291,1389.164496902746,1390.0416680246126,1392.9316578916678,1396.2523349763046,1403.7577961062068,1407.812512108396,1414.4376269363468,1419.6024467704156,1425.2786581234443,1427.2387989329568,1433.5301430394031,1428.7870266129282,1430.0847098132847,1429.1668408669939,1440.2908532415745,1447.5119048196884,1452.290009326386,1463.632523148148
1092,339,Hawaii County,county,HI,HI,"Hilo, HI",15,001,,,,,,,,,,,,,,,,,,,,,,,,,,,,,,,,,,,,,,,,,,,,,,,,,,,,,,,,,,,,,,,,,,,,,,,,,,,,,,,,1932.8856433578499,1973.175610984992,2012.5728503799608,2062.7629378503725,,2114.537995175726,2105.003774114277,2099.9822114260173,2165.860810491735,2217.1828350956275,2216.204375518332,2170.4430895558935,2164.678445673539,2180.202662820831,2191.754150732562,2231.3196671454803,2255.2580015420967,2295.5763290420555,2263.07294455823,2287.6124536585926,2278.4390354830484,2302.064702613624,2301.281027706784,2319.3787112155587,2314.8747609136267,2374.544039170678,2421.6762489541306,2482.3508995800285,2413.1574981706835,2407.2677324152937,2406.330329231896,2471.349869812455,2511.8018986032002,2498.307806239634,2529.7963870079943,2498.51287274762,2513.106166135427,2493.7028867089994,2522.0702707127734,2567.6512450463056,2599.2665588209393,2610.57365929154,2612.6120063343806,2614.218253968254
3129,340,Saint Louis County,county,MN,MN,"Duluth, MN-WI",27,137,,,,,,,,,,1062.6093616085932,1064.11700294594,1057.1754733306466,1050.849625875377,1044.294453116941,1048.150059228298,1049.7523302091226,1030.3144512471654,1045.0744480358305,1067.3441449848515,1099.8111328927346,1093.0511994761628,1097.0517411475637,1093.5932610062998,1102.5311709725295,1084.8361270331807,1085.5137757071545,1078.4069974060603,1079.46391990992,1076.3179886643488,1076.0692337218497,1078.1014783307382,1085.9823272980827,1082.7129977486122,1073.1178180952131,1081.4183905818352,1093.021598632484,1114.6482317703783,1112.574698417027,1109.1970489862824,1107.7267859684655,1111.964656577056,1116.4674305793187,1110.6658369104014,1110.1604755728079,1106.3681300402004,1098.6717017497672,1100.243744452172,1112.2312464136303,1131.072956774803,1131.7760946141839,1128.7455543122644,1127.3987255608372,1127.0399804763751,1137.0775618879006,1136.538429883721,1139.4772830804397,1122.1841215386169,1134.3494485748786,1148.090586447045,1171.9620849071941,1168.169486634535,1163.872104736785,1155.0523660739989,1157.141006407748,1153.5606330912383,1164.9649102283872,1182.0784070580248,1188.7450451368602,1214.6427076251084,1209.5888367125508,1226.1570132643649,1204.9412096104927,1218.8152971686798,1214.3797879123276,1219.096199295294,1212.820536014545,1231.3403610358823,1249.342459017808,1264.737816511664,1264.5693696756712,1267.555755306637,1270.3754384893298,1271.9170524439276,1285.4599224695557,1294.8913001562714,1298.0010265838098,1288.316971798922,1294.165957759735,1326.3706795346552,1339.366275140798,1361.3529161183726,1352.5667025395026,1362.3999071655035,1360.8628033269752,1404.2162103291014,1418.2986831228886,1433.432949551572,1411.0242596116218,1425.9862025667096,1433.8298141110158,1436.3593256325378,1435.900346476676,1432.4753715118245,1442.0333652440518,1436.9130950989984,1442.0495806252466,1458.7410228977772,1474.0109680062837,1474.4820327211048,1459.348519422097,1465.823007589581,1480.788366803678,1490.9670704894047,1493.8683250457727,1509.6115908626525,1508.266688155223,1496.9672936128848,1472.3543529650428,1484.3187681361362,1514.1068760850144,1530.7233639314848,1541.4456783497237,1535.973962839369
895,341,Broome County,county,NY,NY,"Binghamton, NY",36,007,,,,,,,,,,,,,,,,,,,,,,,,,,,,,,,,,,,,,617.735814335013,620.6824296281267,632.0652043414921,624.5038041783697,634.6873446625663,648.9526780001635,663.731934312063,663.9153037731268,653.7868130584875,647.1015099337096,653.0174417994948,662.25556175839,660.1552418945383,664.5948182111658,650.5782135596406,674.5535329463969,680.3356269156259,708.2205368523638,700.0773419167356,702.481360979634,694.328564930713,683.9810017028925,685.6406762901615,701.4563110894557,721.8764253363829,724.8021309761555,720.9285573312594,715.9555196181406,702.6778545801453,708.4764061506385,716.0750481831174,738.7419187620352,753.2554994790014,761.9737606610563,780.1626734353449,772.1238542955771,782.009766617027,776.1413023539096,788.9107732432642,793.0229258864395,799.5134807428436,814.1047064126395,812.3233409119202,835.682129504772,856.1899952391681,870.2164428233968,847.5800726233742,827.0677416370198,843.0833788525357,865.9667303429856,877.4026856821966,908.3560223875671,916.9010373804778,945.1988163101439,915.1423057499891,940.2622764513883,935.5568194139402,966.4790836769712,960.9860898682325,965.4867790534356,984.5764495568277,1010.8755951463905,1007.1769758094201,994.0844960534873,964.7365633557928,978.9253451845178,1004.0900554806336,1051.732912225694,1079.1270991892734,1072.8121701738833,1071.7767595222185,1058.683099853276,1067.419957892566,1052.9538283054062,1075.8199612922335,1102.2416458441455,1130.8674496672736,1141.2705902224932,1135.702269916974,1153.647744941925,1157.1552627152603,1173.126442683116,1153.4791442296757,1155.994469726105,1155.0339642582212,1176.7844759397537,1196.8398268398269
1348,342,Racine County,county,WI,WI,"Racine, WI",55,101,,,,,,,,,,,,,,,,,,,,,,,,,,,,,,,,,,,,,,,,,,,,,,,,,883.6015728888556,899.6696130794426,888.3729270603715,890.0660319029051,882.07278029629,893.7188697696765,892.2129497693984,898.8441353640483,882.2246370947595,887.3019717349162,887.9691775893652,902.4356812243512,903.4514805906788,909.6694261694437,914.4776845369224,918.7782954622008,936.0678693057555,937.3791436595178,942.1818091901198,923.355534273616,916.6182168745396,924.667834945016,930.5837975658577,950.3335785020776,947.1290112027863,961.2513097544028,962.2282542376778,,976.5997046986218,984.0186203494079,993.0565645671945,998.8048913344769,1008.0042317950079,1000.026372345917,998.8709852436252,1004.3024332597179,1017.5048721600298,1047.4025701530509,1053.1758129524933,1068.415037412609,1061.8160901128858,1070.2476145069802,1092.8216599191567,1105.382193527449,1104.919327518858,1089.6768323457566,1098.5881696068134,1102.974007978295,1112.7934863958128,1113.5802290567062,1129.5576874540893,1140.691884407684,1151.185901231598,1158.2015571694974,1169.4433701707767,1165.123842444692,1161.0213192634503,1165.9776637158982,1178.9544125927653,1193.7135475292057,1183.990291508687,1178.5426650081,1155.5301051809795,1155.7000844276633,1160.4885763287798,1176.5192991823,1199.3880666283198,1213.9593447888012,1219.4594281444279,1198.2103733711056,1214.6533528984153,1221.5118747294437,1240.3767772878243,1234.603113608751,1239.1025974025977
2526,343,Sangamon County,county,IL,IL,"Springfield, IL",17,167,,,,,,,,,,,,,,,,,761.6066603428453,743.1984479428619,738.9739085982069,747.5171364764185,755.0767490342977,760.5512032728737,,751.6727977074003,753.3226870991848,754.7048195022645,756.6185835585832,762.721124123256,766.391667609459,770.5966095554222,763.4855717623191,764.1500567120135,765.5898911378888,759.6382327183433,763.5278663586732,759.3133043119893,768.9833578203936,763.6899991803874,768.9624614788615,772.9889421214647,778.6824892701507,782.8209400404521,778.6652754825631,777.2319577386429,776.1193145725455,782.0509913910556,780.7963601918194,783.5060512348081,779.5497319414993,784.901027007075,782.8896982603015,793.2921735359737,793.9472413168547,804.3908398944479,801.6335236700146,808.4535538695511,808.6389718731319,811.3109795664674,810.4319854648049,805.371328358702,804.6099225561987,809.183204078713,808.3142165996271,805.0072482730134,804.4618386635354,812.8646902719726,826.7509652351665,833.9650215091334,830.0859451769854,834.1963935619257,837.2710811588018,848.496481458611,842.3893268677315,843.3467716849419,840.3800531827877,849.8758506089072,855.1588423548596,867.8147970391298,875.3625708942603,887.2397049673477,891.4994077817455,899.1438711328507,898.6969448198308,914.9077871575073,921.4820249122698,921.1625434810919,919.2104050914801,933.9124493036587,951.1096771944124,959.4815861942257,956.6942531568133,968.1261091343745,980.7065796150802,985.2080202841829,980.4539284066823,988.1996726695028,987.6083199035011,1005.5634120089632,1000.0893858441829,1015.2752675529803,1008.7301864964911,1024.8107139525223,1025.0338041165955,1038.617365212155,1034.4543263868673,1045.8882772586555,1056.4386193957766,1060.178838123761,1068.9308913275768,1065.4299115838153,1075.249520551113,1089.7629620540968,1092.2998662994098,1098.7506580419044,1097.0707020618493,1109.2337560324947,1112.6197329884699,1116.9376484834852,1114.092951530646,1121.5721375378023,1101.0040012493632,1123.100344824964,1124.344012605042
2679,344,Deschutes County,county,OR,OR,"Bend, OR",41,017,1154.4879490632397,1166.7117069611047,1178.6945264002152,1196.3903781658917,1212.9328163670941,1232.7185657844896,1251.18620267123,1256.7663268244396,1265.453466496514,1263.015412416831,1258.7631990189432,1235.4068709026517,1245.9623766371062,1265.562714420159,1290.338729244791,1304.3676910805789,1331.0076871059402,1361.0853244674934,1372.7253304472658,1371.4774959886765,1358.6971959967998,1348.3411703863912,1350.8978105055844,1350.1362835164261,1360.7659790749285,1366.0226198994324,1389.364448290833,1404.033117827933,1418.7126092489962,1432.405153228563,1448.0335767568095,1447.2296651122463,1435.712422241866,1421.0738721755217,1409.9921587127708,1406.544778366131,1399.4604156225912,1401.5585318431233,1415.3629006374974,1439.9765949509876,1463.7925297763204,1471.1413594972469,1477.6464467419346,1485.9802951995796,1487.582306197316,1484.6339209233638,1489.1505434996016,1484.1970857443662,1483.2638239004427,1486.732528090526,1510.1613247314883,1540.2715969296153,1555.2313153798063,1569.8266513869755,1571.8377268557044,1581.0537438211609,1585.8489071399272,1588.2783055427726,1582.3302565757533,1583.6497331016278,1579.23638673524,1587.3985417472609,1580.7416836358125,1588.201850351854,1607.9804733337594,1633.984518984825,1667.5411108046221,1693.43399441212,1739.0200776565805,1779.2839946299198,1817.5053578640375,1843.8008390724012,1876.867234862586,1893.3495726886329,1906.0715450262994,1936.4402411531796,1993.8576965911552,2068.4694996251733,2126.9388849303978,2149.2119023728264,2139.2112470577526,2094.0179571478284,2058.9643375879123,2050.817613046592,2062.5911407153767,2073.584502207444,2076.7119187960507,2091.298648213219,2123.363325879025,2142.317855537809,2163.924849253184,2170.951154263345,2171.70289063869,2148.730716797377,2126.9095700063494,2110.022541007894,2104.3868742477043,2101.9258665218276,2117.4607721351385,2138.2419823532928,2158.340440398263,2177.2420404948534,2190.827286108738,2198.077289193541,2185.228712046023,2175.541520111679,2158.249329051662,2169.4872701981644,2162.9181709691966,2172.3127877718475,2170.834496387415,2180.127792370918,2201.9303787214694,2221.4246943846665,2242.836931304416,2251.8693781642933,2245.182895493024,2235.112432075573,2209.2881091552294,2186.0890381813997,2183.2129135007276,2185.63628587973,2203.4845846806197
2805,345,Minnehaha County,county,SD,SD,"Sioux Falls, SD",46,099,,,,,,,,,,,,,,,818.7900903873569,823.6523949555922,827.6968402255554,825.4384276418963,824.1118937592998,822.9262555116109,831.103511135135,838.9137273010355,822.2950111605037,810.2531096722421,808.708115332252,827.3599719550394,843.647451353416,847.9149282247022,845.8456222522146,847.1636580758268,851.3450315131855,855.2978176367926,859.9836185923044,861.07172036595,865.8668095389658,854.5372296033948,854.0176465896919,858.9172197948576,874.1103565845139,882.6666025190268,875.4745620286762,874.2872138597505,872.2777511031217,873.6470184884805,871.4730623000361,867.4382875725862,862.9930238049066,857.1910190204708,860.0952646763348,867.4498430581019,874.4950773305372,879.0424343498892,881.7219830049954,879.2721059604622,886.394658287684,882.10418251157,890.0026733049535,882.3371459677181,891.8136526361053,891.7339155889782,891.0485503659797,894.0489803227201,902.9450058432908,915.3368020912109,918.5472925399395,918.3872352826869,917.9543985769799,911.3204078222955,914.5430389584285,910.3428175821821,921.9405527839244,921.9323410036934,933.1769182480103,931.9264344656918,937.6965705821802,952.2048501655023,967.2528998920569,984.9951684520147,993.7513635531225,1005.7110681201642,1015.1031778481857,1019.7403127897102,1033.8397527303696,1039.9911087824858,1055.4691253449282,1059.9424244615898,1073.4273392852424,1094.2098017656986,1110.2762066375615,1132.5906600318006,1137.5893116508707,1150.8250200528223,1149.71849668365,1150.1092815053266,1152.3489950812466,1150.5370794361338,1143.341622609424,1143.8455667798332,1155.9929544282404,1169.391286886107,1174.706955132432,1175.9552570800302,1183.5874288122523,1189.5377950411357,1192.0144330140513,1186.6891098663752,1183.2995119510704,1182.5215400142206,1182.9580213404383,1178.9873961704905,1175.2467627621909,1175.4775205141823,1184.399451899603,1201.6705501105703,1218.9815212672888,1223.3475142199463,1213.083894962944,1206.940305689784,1202.5581595441288,1210.0476531498023,1207.7705640028498,1215.891323355213,1213.6034327009938
2959,346,Livingston County,county,MI,MI,"Detroit-Warren-Dearborn, MI",26,093,,,,,,1086.4214712190358,1105.6295040591137,1118.4583372457698,1120.9906181402189,1103.3283022621579,1084.4528350457804,1089.0551689998324,1102.2437713983247,,1110.3411709209356,1101.0692722740723,1094.130081353932,1100.0709883157467,1116.8613777560824,1143.8039157136998,1149.8956339041497,1155.8685422693306,1145.4610111402662,1146.5422013492355,1133.41535142321,1136.5811037662152,1143.5499081832909,1162.624704010891,1160.2653474024537,1158.809810998159,1156.3896794919997,1153.9817453183596,1166.3802740775354,1176.9878573626818,1176.5973035408474,1174.8674494454922,1181.4384689709234,1207.9218203311748,1229.2203340552126,1225.9154324456404,1223.5133738682453,1228.757460292656,1245.191299612976,1257.2667727173014,1263.407063552622,1249.5415841728345,1250.6603642214302,1240.5739121950064,1260.8427501295944,1280.571491618638,1282.5180051341154,1276.3208426121078,1265.1034299134233,1277.0951338209327,1291.411299085396,1317.0190627801323,1313.470177550065,1307.4010987473025,1297.8532276749772,1300.3673444297308,1300.9584076291897,1281.950156492083,1281.5453515146387,1281.5308970683977,1307.916914630998,1319.847293520809,1318.415848881593,1320.1317668046788,1329.247548502605,1353.7559198702809,1346.6579317453563,1356.6707772264424,1378.2057290755656,1420.5578948449343,1437.5549532939274,1435.2861363541804,1439.3206999096749,1467.8237936667808,1485.2488950077975,1496.9798982509517,1489.230768156047,1506.7116139704171,1495.4640698165822,1521.8669289346788,1542.024123749287,1580.2665954518463,1563.6041265349145,1567.7823792273157,1574.8860106614604,1608.3002874409442,1632.703380469692,1644.586639744973,1634.407634477279,1599.838433961239,1591.0698143271973,1601.2429919140602,1623.5898805892643,1620.6758960427203,1616.3295413953533,1622.4674441326824,1648.256819690144,1661.8768905371396,1670.323093501534,1661.1887887990006,1661.2747526557205,1636.1725834501492,1690.7120402529808,1710.3405111056768,1756.5126580741614,1736.7440983403587,1734.498569936786,1727.417053112221,1731.7739602591637,1766.5280000265473,1778.2399915409496,1766.396386872158,1748.7836857246307,1751.043390896223,1755.3065644733813,1750.2460719717203,1742.002474065102,1734.9172539973583,1728.5555555555557
1407,347,Sumner County,county,TN,TN,"Nashville-Davidson--Murfreesboro--Franklin, TN",47,165,1023.3418438635205,1036.2353393171356,1051.4482866578428,1062.7807047293004,1077.1714606580858,1087.2637666445128,1083.1765662526643,1081.7138517525989,1074.8136212870957,1071.505412641742,1070.6255818314894,1065.7554759078732,1091.0089767425097,1105.3118350726063,1119.562790228173,1118.7852240855848,1121.7367693396377,1124.6678453910768,1124.7386360786484,1126.9469336707987,1120.4770903578476,1132.6012171363304,1118.4030654314224,1126.2326489472484,1112.6411747813697,1124.0460993156107,1132.1869148908208,1152.2508493428904,1164.5853092797731,1170.7025157503037,1167.4584318573686,1173.031227961286,1175.2273584047389,1178.153580247781,1174.8116397835627,1169.4621918906032,1170.1137798136622,1175.2643310375915,1183.945920257647,1196.105556185095,1204.96609121944,1211.317225419576,1206.4582584781735,1201.5953944326616,1203.2821727543303,1208.5553275762538,1218.4579632356376,1217.109519230798,1214.7975613643193,1207.9028773639748,1218.665790356497,1230.5012423584697,1247.547231206043,1252.0204211539954,1257.5719505413463,1253.9000152279186,1250.0732786855526,1239.8345403604856,1238.332638246635,1244.6982519734345,1261.563246847127,1269.3116081308037,1264.635326112569,1250.1917679479081,1253.9040392492452,1256.644505930505,1266.4963212549026,1268.4973427021898,1276.7138548794303,1279.6666965291001,1283.9560186417918,1295.0353792065482,1303.1842801024698,1313.220189915391,1312.7372179580852,1329.8416964514593,1346.64959043825,1384.7986794912345,1416.5571717354637,1461.021285641003,1483.136172304181,1503.9059963668433,1498.6548027621961,1511.0119469417189,1522.265441761164,1539.0335200269817,1557.1883117697303,1575.3335417080646,1605.3221958753215,1623.4266426829613,1645.9760666076868,1641.3747873818409,1633.5781396564128,1621.1139932619308,1628.2769728798678,1630.441707284243,1649.0231786877669,1647.1371921427005,1661.4838202090662,1648.478116954018,1650.537478037036,1656.2079009499569,1658.9864465221276,1665.0903825260025,1659.4618332501561,1662.4127319291026,1649.3862258350623,1639.0419384489899,1635.4200958519964,1650.4645250365804,1656.1625000462786,1665.994636359194,1672.201429467184,1683.0058895921575,1683.1640371921637,1678.4197603495322,1687.5660265567433,1685.7269241826887,1680.569146094221,1649.0893941652523,1645.8417500967748,1652.4899673361272,1680.2199650741522
905,348,Butler County,county,PA,PA,"Pittsburgh, PA",42,019,,,,,,,,,,,,,,,,,,,,,,,,,,,,,,,,,,,,,1292.520516910917,1264.4176584705438,1289.3048194001817,1284.585235736703,1304.4483991539194,1297.539484883016,1309.012628621938,1308.267121511982,1312.0212691045313,1306.621669641283,1298.478252292549,1305.9164311228797,1308.948250000484,1329.2103841505675,1329.742116638144,1325.3127760019215,1317.8462823274854,1316.7346842887985,1318.1202158244503,1329.1650041676294,1346.0441033137395,1372.318004636877,1373.8094635243644,1361.709667058454,1352.9477373046652,1355.0342562895396,1360.269134122951,1348.763038085545,1360.0811197116518,1376.2906070556098,1391.430397696,1387.0096987208958,1385.8925176350676,1397.6687230893776,1393.1507916555365,1396.15111916596,1391.3911600524264,1408.7046417779109,1415.5174728926588,1424.9901461666423,1433.0156934594654,1442.7042474244524,1450.1561564499666,1456.6804486014512,1472.8761631567118,1499.1235937914503,1535.3553934964186,1539.9477146187721,1546.5008054213297,1527.9912783031798,1544.1808464775272,1553.7556006614684,1568.924896386373,1595.3793103101584,1602.4643406316513,1603.3765032580811,1599.4908245724134,1594.4009518783478,1595.9573596401387,1603.7411459083417,1634.96590738171,1668.8947788788923,1674.8347471022955,1666.48994850541,1666.4949108240894,1683.0884696900976,1687.972795560205,1683.4149973972296,1672.2940108831256,1667.69542155532,1664.6604441622414,1661.4881785440984,1679.485286931872,1700.5943081332352,1745.8440144419767,1755.766545424797,1774.176795323162,1768.7140273768214,1776.3167622259245,1769.2681737621474,1751.3527375771998,1760.675353648874,1741.498543197273,1755.1051632998572,1756.279935707596,1784.6053904583782,1805.3916666666667
2341,349,Hernando County,county,FL,FL,"Tampa-St. Petersburg-Clearwater, FL",12,053,883.6961825871031,887.2153752451753,897.0462247319357,911.4118620558373,917.7346516901647,924.7009790216637,932.8623039749806,944.2062892110611,946.3290895438518,944.4980140696297,940.4194887558967,945.4509184297062,942.5032464049572,946.0242844445007,957.0641569029062,965.8684971746062,966.4661110215932,963.4244581514987,967.5899729731656,980.4022770760748,983.8681875243822,995.6870763563838,996.7813704060534,1004.7273033302608,996.7808915700131,999.659756082498,1003.3990804887113,1020.3462970405938,1029.7913516231954,1036.5332455923885,1037.1691413668348,1037.3786578626682,1030.2129148350555,1033.7220173755722,1045.7154131359523,1066.51492830199,1070.7664695147143,1074.018207088555,1075.4398882239575,1089.8680755066612,1098.1636203947328,1099.6145206532617,1105.5714525131023,1107.7868347190654,1114.5787826497449,1110.6205892948599,1116.2511114926021,1118.8664121096137,1121.9756673007428,1129.6709957638518,1140.7146870322595,1159.524206867538,1165.174230381903,1169.4025996763457,1174.5071032867384,1177.1097127565893,1180.3762838241903,1184.2271745321157,1200.4169226644644,1207.3993413954438,1202.8963155135664,1193.1323245895023,1202.226245368612,1210.2498449281957,1222.101288220038,1219.8073972921795,1236.527688936155,1257.3496116380504,1282.8912905727218,1299.0374250155944,1290.7539883044808,1304.2190078777571,1318.3435092097498,1348.8670203363017,1372.983958515856,1395.7947266792553,1432.9913108045696,1451.1948378070688,1496.521758391596,1548.520804621179,1601.3053656441643,1625.5409089464522,1633.3543326301103,1657.9161281285094,1641.427962361556,1673.086063780322,1685.8197660820128,1717.3266997427822,1738.9160757805303,1753.5449003161218,1801.74618408469,1810.1864112302671,1831.7577169309468,1827.5612314189282,1818.6956677309602,1810.1152308418414,1814.5561600386814,1818.0356085709882,1838.3757959648974,1838.9088504186154,1854.7550449043883,1862.062506026536,1873.5828792347713,1881.5793315110739,1877.1426779042513,1885.5225217420837,1885.8580985418887,1899.4360855623684,1920.8505653296215,1928.6126195086024,1936.268873186363,1908.212993882074,1909.1844398234953,1899.6525606047378,1921.0874907088191,1929.0899625475956,1930.8841465760186,1937.9267574550734,1954.9906445471,1961.928635438064,1982.2148492682288,1985.5960997893442,2008.6526777819884
2691,350,El Dorado County,county,CA,CA,"Sacramento-Roseville-Folsom, CA",06,017,1354.116737289475,1393.7596737924518,1395.1394397536203,1403.5433178429942,1398.753749802537,1405.1604002285264,1379.3428212399847,1391.7050181662119,1397.0626559989878,1438.4924666834852,1450.3338281381193,1461.818844115603,1488.4823202260752,1490.9013441728812,1493.7495771557235,1497.2475972184645,1520.171071639118,1536.7231393732914,1526.7133414837244,1538.2449978775865,1558.158571044035,1561.6189902334604,1551.623089715775,1550.3108531723658,1557.9692791615564,1568.2973089835994,1584.4895563886287,1615.2992939214018,1640.74466586393,1659.4977010606135,1661.6330455843713,1665.3697430519157,1655.5087049675262,1665.493180841794,1675.1559168635365,1696.9025582017537,1701.2087002487021,1698.264124935085,1694.1032012346118,1706.3627936862238,1734.9389158660813,1757.100009794572,1787.690385987863,1774.4161137547044,1778.376334133868,1739.6641471752243,1755.5027453373555,1755.6368281664234,1786.4494784174456,1778.6801868123825,1801.290769411028,1821.2083226603895,1841.8945865313424,1848.9178918803307,1834.5361930593285,1841.320000585306,1823.8802632241168,1822.7497962197801,1820.2185984069874,1830.270932373134,1830.911126356402,1821.404036770339,1831.78527110481,1841.8615276029336,1857.734297642748,1863.2388196380957,1891.79434242167,1941.309905189403,1990.9708286195828,2039.673791854325,2065.807657034626,2105.3796823443827,2128.833135109977,2158.2313816608385,2146.1169652210265,2135.0683236022705,2182.7935408997555,2239.298024371804,2297.8672517378577,2264.1954722303035,2275.5424154659254,2302.9389136641043,2319.3259938834135,2294.402092398954,2285.734365336898,2303.3370540946935,2348.4014369927318,2364.4986389263386,2401.9800643277304,2420.556928557448,2437.5568987013216,2423.12830771584,2407.297480217681,2397.9042399316895,2402.864347899763,2390.1210398070425,2364.2725256645404,2377.415872408855,2391.2021064338037,2424.798656795585,2438.4169308655005,2464.9097764393478,2475.9802424373192,2487.575679102939,2495.2984605750394,2495.3538563434136,2494.2262253520553,2494.670997737736,2496.12785427499,2500.9818754421626,2506.4892582538396,2518.772166710002,2532.826479317256,2547.483699467479,2551.228452082841,2555.1873988245507,2555.8875435690197,2542.4798319762513,2538.273703257753,2534.8056082741773,2544.915460382138,2554.450829524841,2554.3505761953907
2010,351,Saginaw County,county,MI,MI,"Saginaw, MI",26,145,,,,,,,,,,,,,,,,,,,,,,,,,,,,,,,,,,,,,,,,,,,,,,,,,,,,,,,,,,,,,,,,,,,,,,,,,,,742.5945154197677,752.9623390251032,753.2800039598493,746.3466065018359,754.6960394590416,783.6677722730657,798.5906637558729,798.5227153702036,782.5840246241231,791.0904056376177,804.7388021375714,815.5898663968069,821.121189043711,827.414279629949,842.511489928799,853.4468787499334,866.1173354282272,862.6957309655241,861.4638973634914,865.8739811678432,873.8798275834365,875.0667240874184,869.506865431047,854.5070766860694,865.843651615395,873.5566525511546,894.9876847856195,881.5023413739277,882.3226347660801,881.3932808975036,901.4111428855896,910.8056106276108,924.7365438608249,939.779706212216,934.2034925462012,944.830186025724,939.9534870326133,966.383629163445,954.9458193737411,955.2670470142263,955.0377909759272,959.0700551098915,985.951834594856,999.6047614184386,1004.702629886096,992.8570377831323,992.729696266413,1000.307540593709,1007.0476190476189
2820,352,Outagamie County,county,WI,WI,"Appleton, WI",55,087,,,,,,,,,,,,,,,,,,,,,,,,,,,,,,,,,,,,,,,,,,,,,,,,,,,,,,,,,,,,,,,,,,,,,,,,,,,,,,,,,,,,,1011.4224831462578,1023.9032510968613,1044.7328986665,1061.995580980386,1073.4165197719612,1071.6481035411216,1083.848061825304,1080.0218068435493,1095.0252567372477,1094.5984206895432,1108.959348893141,1105.8628727157266,1100.711002250481,1103.0995422273668,1119.710894372404,1131.904209423439,1138.1329819832572,1132.6278231779131,1151.1704519433724,1158.0799185264032,1176.0022021988973,1162.5980963291133,1160.201899150481,1158.1014195002795,1171.0366097850294,1190.6651717005163,1192.1801513638757,1200.1974858550168,1195.1951113416333,1203.2757153970194,1204.6588361291813,1205.9399303789303,1218.94388114205,1218.1149221757273,1216.4113959319789,1222.1241488765038,1244.872767858285,1267.6870254063444,1278.1540404040404
704,353,Sarpy County,county,NE,NE,"Omaha-Council Bluffs, NE-IA",31,153,871.1834815393627,879.7651105346771,880.8822532354307,890.3993114822207,890.2159855111494,891.8003977958754,897.737045670501,897.8960119956439,902.8283843939247,899.3613492797169,906.1604725329604,910.2311236805838,920.4749298279123,918.0932885224593,916.4399625119597,918.9299905718955,925.9324612752572,932.0697030057339,928.954620573358,927.631842640791,923.1559743650947,925.6045327300462,920.7262032360481,934.5506317110227,929.0603350041966,935.788832980737,930.2606578370941,939.1901938820796,941.2241196908786,948.3253092744063,955.1627119449757,964.2304544363386,959.9195523288253,960.9158862801569,955.7914833640888,954.3441634311756,947.8656907701692,953.49959144792,958.6782378571301,968.0548246517757,974.2978728370645,981.08244652185,983.1498839629921,979.4233403528024,980.9710518187887,983.794599791585,983.9906647964247,976.4941747844302,970.9899632761227,975.6319852145352,991.9118429265809,1006.9611681520014,1019.9673653422024,1022.0602518502602,1024.4350378931103,1020.9879948907572,1018.2102628742164,1013.904004502926,1024.8661055641812,1029.2605328916093,1031.570313545576,1025.391543089608,1039.5169235514786,1051.751555890436,1062.6926954522723,1059.7066950228716,1066.71497015491,1066.5989623664418,1072.5236166294442,1057.2497246522055,1053.4424705611232,1058.1870635788632,1068.210306426353,1083.5738824595753,1080.1852137218061,1099.698880731673,1114.1829109945832,1148.1662141741444,1168.8862086310623,1172.604411902114,1163.6455908924256,1161.1895089528634,1166.2800666211556,1170.085189621981,1168.5086670293244,1174.3458334706306,1187.1063996508003,1204.7029255881187,1224.1687814221266,1242.5275852476345,1265.1843137471267,1271.9179099510495,1281.3217132274797,1282.0391461804963,1283.5860672236586,1285.439333441566,1290.1418348226478,1300.5095992234417,1311.0797528050598,1322.1738812834813,1336.8055247885893,1347.1591897918631,1359.2297063157623,1364.0571103273867,1362.6283979488933,1352.0609362578202,1342.6710060519788,1337.982354369571,1337.8227955697078,1345.9738487964407,1364.561519350316,1373.302786659281,1389.2649315986446,1398.4998047428119,1421.7441675829095,1434.401762413193,1435.8972220851501,1421.5831702542202,1407.8068265775414,1402.6426576921021,1404.4052698935002,1411.4170569932717,1416.4275761973875
498,354,Ellis County,county,TX,TX,"Dallas-Fort Worth-Arlington, TX",48,139,1140.817848391148,1149.2766139323414,1163.168406809015,1180.781631786532,1184.5967528520587,1196.1053322769799,1210.330940187596,1212.1804375534034,1207.8667499607686,1200.751421469004,1214.5403887742361,1214.8618280320998,1216.005372713194,1214.1513978113817,1241.6400837900737,1263.9646885827274,1278.443105322341,1288.3216773972047,1285.0031888837937,1293.1562591678887,1292.7381341575467,1305.9150182461944,1321.3427182025841,1318.8834905303358,1324.702680434956,1309.7783970731853,1315.5261787767565,1320.5136722811187,1332.9778078258526,1350.8242495677289,1357.630528515785,1364.165159221433,1359.5117398942532,1351.5584264486588,1352.3540209570958,1352.249637081478,1370.7845150971891,1380.7604330229303,1385.461592085075,1386.4742336378922,1393.2964583493765,1401.3019713612373,1413.211025122712,1415.875674628181,1407.2802706978218,1395.8988331467249,1385.874956549432,1397.529189374864,1410.7334148589537,1422.7485350123595,1429.0809058603377,1433.626643912009,1443.6915699736592,1455.8230193832053,1449.4027381524202,1447.2468262496398,1448.627803009564,1462.2256027634094,1456.061836005343,1450.1119555758976,1447.2865458054594,1468.6034720206437,1464.450077075054,1472.7214222968869,1483.293969826449,1504.0190361278358,1513.1945218881647,1518.4624134485543,1535.0743498265904,1553.103584031653,1556.5880088226693,1550.4248227973226,1550.8504845022449,1557.2527989150212,1570.3886215011428,1587.0021390233544,1602.2016537560785,1630.3431204116346,1637.5822637695585,1659.1541952841958,1664.5461347390867,1686.7125005951254,1702.1321891748064,1713.5371155184457,1733.8328029235352,1747.3108360933936,1772.4549816804795,1787.9902116498147,1812.1172444290282,1827.7576713223627,1850.546536698938,1851.8428771104723,1859.2874865685642,1837.928098985123,1846.100623828219,1857.124181240197,1889.1047325899242,1893.4888714115316,1898.9682496629978,1895.6475908254108,1891.088996525892,1884.3988779114486,1888.6432313161026,1909.825784058684,1911.8940351192473,1904.074284860761,1884.7346373206283,1890.2679018078918,1892.429104753158,1916.5929919536363,1926.9702790461808,1948.6325834440606,1945.7243688178603,1942.0693737773408,1945.3994688796142,1951.0468507293197,1958.0072006645114,1949.2754824999972,1946.6366295078049,1942.3328936277528,1937.229740838081,1936.7991806611471,1943.2197930724244
3041,355,Tippecanoe County,county,IN,IN,"Lafayette-West Lafayette, IN",18,157,840.377798617422,842.1265820613798,851.2972597199941,860.6683837662581,855.9941077245031,852.239353885131,845.080794777209,847.8952772210916,856.7732239912158,858.240841849037,851.8017901142955,847.0396046302496,857.1505659575901,867.6093243537438,873.0344323908129,858.0256223983907,854.5028556590435,853.512658065466,865.7661429974202,870.9331041614528,876.1507829396396,878.2331801684012,883.3454416429754,885.8672039058324,890.7932121917354,894.561451895191,893.5507995915688,894.8283360258458,898.7805094203637,902.0121773321241,908.2766303273476,903.2327907293788,904.2064421384147,897.7779980706248,904.1428095933783,906.5751628521641,919.7282077343227,917.3016173671485,921.8973490063952,918.9265630718803,933.2017677378973,938.5673915168951,943.747206490656,943.138901325111,940.6861438153139,939.4080018673158,942.0884221008889,951.9310938761129,955.9052980446838,952.6190772510051,955.0045168768361,966.3222934010262,979.0473587816418,988.8784612422743,992.8540068063191,996.481285087569,988.1162351333421,986.9965061790564,981.9484462289441,984.3145012626821,988.6495194216573,996.1010224954205,1002.635198075183,1005.9365156481332,1007.7156876034397,1011.6155685673133,1010.3696513420643,1022.0455913205827,1031.2113908034598,1038.788513276827,1034.564127573578,1037.8697781606495,1044.1178931953195,1048.3314511165051,1051.7962404471511,1045.24391450384,1050.6162714814757,1056.1168805526404,1079.062561455743,1093.8937970596112,1104.976256130033,1107.236975591651,1108.4279126225892,1108.7141914325027,1117.372712857941,1126.0594468120546,1147.605296148805,1163.0513831155372,1182.864390902092,1191.8495970696079,1205.7888342884014,1226.2953162671038,1242.8766614127444,1262.46551951117,1259.4527809807662,1268.297141565021,1257.755751770289,1272.0575924101158,1267.4559759655579,1279.9697066593908,1289.1998707997927,1312.2750070058823,1335.0999100767397,1342.169276610846,1352.082151732126,1351.1797045960234,1371.2761254590623,1374.4852439598342,1376.2599425809144,1364.21840375168,1367.311700766869,1373.5681572893225,1384.799996082358,1394.345671351267,1405.2712213127977,1419.1960621426908,1462.836526844876,1471.4061840591344,1468.6210867735679,1417.0552059443985,1422.288873469745,1424.6830080357518,1439.9871621621623
2138,356,Beaufort County,county,SC,SC,"Hilton Head Island-Bluffton, SC",45,013,1103.0689437142505,1104.446397496356,1117.6619772986082,1126.723084340128,1146.7206032689603,1147.7396995428242,1157.3441061713975,1150.2701844299572,1160.464885531841,1154.3986326202084,1164.2327855628182,1163.7639580931382,1159.3748907410404,1155.4631152666514,1161.0788697036235,1177.4927704674406,1189.1256118049491,1206.0533881316944,1217.809351503386,1219.7001541827779,1217.1495312483555,1213.9329622232585,1215.925697469317,1215.9634502483916,1226.1650271247588,1236.7662345760743,1250.7325980944863,1260.5413481196485,1269.8356294996888,1269.3549410049786,1266.3903516520734,1264.220503569505,1266.7214197813544,1274.513082546971,1289.42773434212,1298.2620487257739,1305.3215101369296,1308.6352364946367,1316.2832110709494,1317.8692134614396,1326.8983581760667,1337.3507249950421,1346.8074962728826,1334.5937024757063,1324.3337228518626,1316.0573664195874,1325.4470616821702,1327.551141935518,1338.005935602322,1338.97457144603,1358.9507276294453,1377.1891516208916,1391.4236978410306,1395.01735441234,1397.6464143685746,1395.9518232112696,1399.1055455256371,1384.0900267025572,1395.940745506328,1390.4917973330357,1398.8451632642962,1396.3857581156026,1387.9402862630516,1393.450519610616,1391.4871354915845,1407.7013206334134,1419.7943473571995,1441.6957076255576,1453.889882542539,1466.5517778870465,1472.4049135893308,1483.2781297846143,1485.445396334192,1484.0822901775439,1489.4552482233505,1501.4405272638905,1525.7071703733204,1570.5880828917013,1619.5096084010515,1674.0672193423093,1721.6507664482942,1767.9339570578447,1799.0682119208427,1807.7704820274698,1845.531800305263,1860.0116669093734,1904.2182080907535,1917.4575053657056,1946.4731688629522,1953.545503345529,1978.0412081797895,1996.4040107997284,2039.142750780062,2012.6011930879592,2006.860346053574,1977.097294368602,1992.669137202024,2007.2023153664568,2026.8567780095598,2046.2775996165235,2063.2014897494055,2059.099996201984,2058.8599080094386,2083.5285082150417,2092.2094963958325,2085.9513272609547,2047.462900499305,2046.6423933716014,2056.8729038858564,2082.6454022836174,2074.3570958568835,2081.86299070563,2079.647128128788,2109.763319258754,2114.595018848566,2116.219858953545,2115.126560541427,2121.236920159429,2137.773123256372,2144.4100772281568,2138.653331188622,2118.8961514251773,2099.5112680074167
2955,358,Litchfield County,county,CT,CT,"Torrington, CT",09,005,871.9809415765218,859.6520356444182,870.2384889095903,877.7582357701073,893.2197635093609,889.6098805878084,886.9751409863487,882.2829562044224,886.5356537265794,893.1564497776575,890.8260746593855,879.3391200150943,885.2694629800717,896.2235090706565,904.3257702357488,908.5852186560475,903.0990390080939,900.0121144309604,894.4172452929469,895.0472265100914,900.2495897472955,893.0854153912901,905.4357706386353,909.5186246552516,937.4762811326876,942.1941443924608,946.6604838599492,942.7835258170055,941.0057287571872,951.2965038638216,948.0941169479784,944.2286893336482,937.2719807655417,948.1550719660438,941.7954021547979,927.4548787040247,931.3826801400761,962.3301547359349,992.213315645334,985.7275836810829,965.1093123990657,963.2921096592639,979.5144814346014,991.4003535591486,998.4223047147765,985.4439823463208,992.5157861839336,990.7239188754602,996.6070880854888,992.2196614333765,992.6077911938768,989.4133580083135,998.5335127098065,997.4873115199767,1018.0091762437744,1027.184857326899,1033.5308697065989,1035.2118352982714,1021.5616286627592,1039.6777805438198,1043.0931838224515,1069.373814627549,1076.2236150898193,1101.8670023184252,1094.0173143488541,1070.0882092174575,1083.8642088450958,1125.0328202014102,1199.8332545829237,1212.1123757203136,1230.459893964293,1217.7680774248113,1234.95829711179,1247.752845161634,1242.75835259136,1230.8558889383144,1264.544301533645,1313.3821930535737,1354.038324139646,1335.9451525922111,1316.7466704255112,1321.650392197095,1340.018255633782,1370.3599664622134,1359.5365566594382,1380.752231349642,1398.4980775080392,1437.5744130031067,1451.530158896621,1478.7005771917259,1470.6650406552722,1463.3972576172398,1445.7493517613414,1464.4632729606565,1461.2879545162757,1467.9579924869486,1487.5315083706848,1521.2045776052832,1546.213898806079,1523.5323901133402,1528.0478785833689,1510.915014325045,1622.0513091813332,1670.5852408099772,1722.3887139671215,1671.3368171461618,1629.4819916634747,1600.7095131561646,1613.6381937481058,1660.7302860300767,1722.677754695588,1733.4262266515077,1787.7572983287062,1785.271311436835,1795.1228915905665,1763.6786564530335,1786.9480790378495,1724.5393174928345,1731.0432667881453,1735.4419203461814,1828.5157738172509,1820.8589717297161,1846.1472222222221
2650,359,Charlotte County,county,FL,FL,"Punta Gorda, FL",12,015,1054.0377542063115,1060.775777041207,1055.7344969028131,1060.724222859709,1051.162573264332,1070.7639152582715,1080.919726777729,1116.391729842462,1120.8395788543994,1140.7601858238777,1137.9537826596384,1161.3571227246766,1163.8218819758463,1163.2931322369132,1157.1898799765715,1144.5096418675603,1142.0250042379785,1134.6718690978369,1144.973974450962,1157.0934718950023,1166.4360948797753,1175.589544246281,1176.1448124275064,1178.7730531330883,1174.45041492368,1177.5043789733757,1199.2425809304161,1211.2924850045208,1222.2813888773103,1219.1254510111219,1219.125545600578,1215.0229095558063,1227.5364006146365,1239.5086362572595,1248.9732845740123,1245.7262824314612,1253.2453194136185,1259.7271763950241,1264.6657524284763,1263.0146824195588,1261.5875503306327,1258.3947198369835,1264.8191962026597,1264.10297908787,1281.722775453111,1288.4016594234972,1296.5358880044669,1285.0464498226843,1288.989005326925,1305.944827005199,1312.2923123558855,1309.0218307769562,1301.803519592339,1307.2240485587329,1315.553157439019,1315.6206487850307,1330.0472562528755,1347.0396387700507,1365.1567337238923,1381.8849099199383,1372.147405893475,1368.4809988059496,1351.5312208582016,1345.5490841567932,1354.9446973003282,1368.7112946840384,1396.711578837488,1416.7320433197426,1434.5938631247163,1449.9271951373814,1464.8675728476733,1482.1340788811656,1482.4993262470532,1509.0900234965964,1513.1258813093887,1528.7575701194962,1506.7146636583973,1537.020857204181,1552.62399387329,1605.3081257314334,1674.528074040652,1742.977626209345,1817.224051199289,1824.5015235445214,1878.302959280949,1874.04295304232,1874.2298757375672,1873.6661631129332,1900.8344350947707,1955.6821257163112,1989.2314288745354,1968.828842603341,1961.9538969072398,1989.8402867529974,2060.8521535031177,2114.5849211554714,2117.1561074095184,2103.8563374602786,2102.784066489313,2100.250383073289,2098.945216160881,2081.4536242130916,2070.6536716337623,2085.3582745725057,2075.5304564116,2068.0679168138868,2045.522738950389,2038.2375582345321,2054.966281054973,2067.459544148506,2096.449626148287,2084.378200404223,2058.427327421498,2040.3518476585539,2013.0625535629538,2040.7282673797977,2035.8869685457864,2072.2788398703806,2072.753006361072,2065.3513813128757,2054.1596909156438,2016.865518360767,2025.2385089708398
3026,360,Santa Rosa County,county,FL,FL,"Pensacola-Ferry Pass-Brent, FL",12,113,1118.841083348724,1123.3589457259854,1129.3429678188643,1136.5267674258293,1139.7012362861576,1144.311543080731,1148.4919257600855,1152.9590647320413,1154.2004351280248,1154.47277946614,1152.4573742552216,1153.1104639164348,1158.5637066682768,1164.3436573560105,1172.3101541423912,1179.1425989922793,1185.1976803134032,1187.9266079077681,1190.7941002336224,1194.210759279348,1195.4021843845346,1192.346213651372,1192.4192201718117,1198.7722002995074,1203.551603460256,1207.788080708927,1205.2346709451701,1210.9505736752906,1217.4231912128482,1234.4087720176256,1243.3233588728738,1248.6188980706108,1247.0705789854192,1242.703099038173,1248.7738864485352,1251.3105958717822,1257.8222838866623,1260.4654544609616,1268.2321894847464,1278.9368337804651,1284.6392178326428,1293.9171660863105,1305.2731445275315,1316.540448619552,1322.4344160226817,1318.4292252676753,1318.0386587273124,1321.553609095226,1328.089258088272,1340.415712167496,1349.2518744549714,1364.4010234564848,1376.6369335024901,1386.2043575685605,1390.8658713359546,1390.9139383352524,1389.1107574922426,1390.845610122711,1403.0181190741762,1400.7306901310567,1414.0792398190422,1423.5121441269284,1454.4533939760522,1453.2706053499605,1451.0753961082833,1441.719420714593,1461.8345411216233,1478.8964515022462,1510.7300873674963,1518.2220307969528,1523.882321698887,1518.7054421753119,1525.7381622648709,1546.2749780322376,1567.686351361216,1619.5835530733548,1661.294923083081,1713.203188589553,1733.3700721355867,1786.3702185528077,1807.685194285329,1847.983278111207,1834.254417813887,1850.2966114251365,1865.0470438826433,1890.5832636220046,1920.7673839147835,1921.0916443346637,1951.0582802266954,1961.244892076132,1994.6576728917428,1998.4581155386406,2012.53778985192,2003.842996851379,1993.6557912746543,1981.801032588435,1973.972495948245,1970.408535528025,1984.146793955371,1999.4286925087647,2013.7334319528186,2015.3543905217919,2027.3685326600573,2041.2311810114795,2043.6430299180915,2040.8462699666454,2023.407792130224,2020.067452250278,2007.96299185915,2015.328426439705,2023.0009899000422,2032.8674168867046,2041.6259271634597,2060.8490711039617,2075.0361570795617,2082.258072150014,2066.952294481231,2063.408050750502,2048.6851767241883,2046.7052660993072,2036.015567470018,2045.4512925648996,2063.7517319122767
1789,361,Iredell County,county,NC,NC,"Charlotte-Concord-Gastonia, NC-SC",37,097,1046.963751046672,1065.1971972030497,1072.576010679266,1080.9367373931955,1079.9512194643157,1080.3571986094394,1080.37386865754,1086.4554108042614,1094.2190413855296,1091.434259788727,1097.2644364712385,1100.8990746100696,1103.9252981193863,1102.503376051843,1108.358541496755,1114.4127305847978,1122.951627294838,1120.9901813484341,1132.1303269434602,1131.5115234905866,1130.9662349554667,1127.8075279928273,1121.8850208895171,1115.9297565728637,1119.9286914409151,1131.2432962181451,1149.913271651191,1153.493141551862,1156.890265913235,1164.761463647314,1169.4718101296278,1172.5751172880537,1166.7145449481002,1162.3835511589095,1163.7864227760379,1167.1739744608403,1168.3939123552445,1166.4973647750137,1170.7230650846468,1181.7992136590901,1200.3587947580606,1206.6390749490834,1213.0462492574234,1217.3854053026453,1216.9812021961677,1220.0135944833369,1207.86361751861,1205.697901103829,1207.9589122922503,1225.0808515484168,1231.6191855215313,1245.4339679670409,1249.457683653128,1261.3657655571742,1262.1453658267842,1264.370047666169,1271.8597393597736,1262.9099370813126,1271.500423845087,1266.269341084376,1275.4225963532308,1280.6151597086496,1289.3815338821385,1292.6718808915875,1295.5916540892472,1306.088045514759,1324.245514204426,1333.3344422903563,1349.0273019398546,1347.8053947248563,1360.8442621812728,1367.4376795796552,1387.8793120951452,1397.5223252373924,1415.300695230161,1444.8716505022383,1476.5567457553138,1512.2884837553315,1532.3769956726217,1545.966892897712,1556.109443923462,1568.9536231192671,1577.0078335384053,1574.7245888357431,1580.1716185839002,1589.2152299582835,1613.0131734923384,1625.1419774740953,1648.346127810134,1666.5364720367184,1689.0830622673034,1699.6959528105872,1691.0720658719026,1690.1983766439992,1682.555368987163,1688.4623170711589,1685.4360851922788,1685.709470852446,1692.070382865813,1697.580411682886,1719.774212936581,1729.6730046758103,1738.1056280865841,1732.4558616737113,1730.972971940364,1729.9254903644812,1728.7810948489293,1718.4080237438577,1708.6221609926756,1706.7979544503385,1722.2884146070362,1737.6224465884732,1752.4454125394009,1755.4640674109498,1767.1588892981767,1773.0148641845678,1773.6973402710335,1766.378970632071,1752.8402211949947,1748.924768945136,1755.3067889826273,1758.7716581694517,1776.5524065820089
983,362,DeSoto County,county,MS,MS,"Memphis, TN-MS-AR",28,033,1093.6132297635459,1088.4555225188785,1083.2557341342408,1081.9977205909954,1080.3926592878252,1086.585039407973,1089.4564840726152,1093.525825581333,1094.8562551458892,1088.0153557292422,1089.1655068389093,1089.2441886411355,1096.043205959893,1100.4509958362833,1106.003600872682,1109.112860725165,1111.3735102666562,1110.4964550253528,1115.0302969405855,1109.2091487541593,1104.5517371686763,1099.1722539164334,1103.0978978430476,1103.487227928219,1105.5813130672084,1104.9152995005625,1106.1891011029695,1103.1316649038208,1107.046840335074,1112.4611391124333,1121.1143230418597,1123.5547776690514,1120.5400756871343,1114.175760240172,1109.907359514403,1114.1358937897214,1119.0641959439947,1125.7786165855935,1129.3112802741475,1140.3345916803603,1147.3339155311999,1155.8991835666295,1151.0168910966174,1153.2381347625349,1148.6266907504726,1150.3518530381232,1144.8266725626527,1146.2975476392733,1147.351629001666,1155.6815713526928,1164.2514676334536,1169.097730410466,1168.335954323596,1172.139464733123,1182.6100522373752,1185.7184117656773,1188.0966615145128,1178.8537777061936,1174.7656820786492,1172.1691931910211,1180.2446150790256,1190.596887695163,1192.7723909375193,1199.0041829533927,1206.893640978038,1228.8778047446758,1240.3716950013902,1262.0214730213886,1270.5132233928255,1295.6020440878738,1305.4477274398985,1314.635268249723,1308.6725471940852,1314.1474831395647,1325.398818439456,1354.0539733415783,1384.4145870730583,1416.6555268868208,1428.6995278710867,1432.8479264842833,1455.9985456248658,1481.6818526437921,1503.9686164265386,1509.106768002286,1516.1529125002655,1530.748187947442,1533.3140196438856,1542.3079430675755,1548.0442942218367,1561.939742370925,1578.3449817302367,1572.7923875580016,1567.9723935807694,1551.5638727566475,1577.9847487499576,1588.4080310334548,1599.8602010511502,1584.3110501914464,1589.7310158293217,1619.6128998775403,1638.2582299037292,1653.1241360526774,1650.190226295515,1654.2093081888775,1633.7843638678617,1601.523882811055,1583.8653768986396,1588.324111900708,1611.9344312713233,1626.299806624343,1636.9480109277451,1644.0072882069826,1651.3323546569022,1664.7708983938946,1666.6389977870886,1675.8573002318656,1685.3943322910686,1685.4709566735035,1702.7143909828217,1686.9299472794278,1694.0978916597644,1677.3263421151005,1688.456506006658
3278,363,Newport News City,county,VA,VA,"Virginia Beach-Norfolk-Newport News, VA-NC",51,700,891.3623516783924,883.8835472633333,889.837440390251,891.3962543436995,899.4650437696878,899.6553640010414,900.4770263448657,897.8264457009819,897.7370510148857,896.9326040815939,897.912853201911,896.9881132417274,900.4360122210451,904.396099136425,909.8444929992179,909.3936650093392,909.9679181580262,904.2417747368286,904.5204656376535,902.989539577733,906.9280554958573,907.365127708563,903.2202143750675,905.1062141216624,904.7143797237829,911.6964172916819,916.2162988604595,921.3247245215833,924.9954432617324,924.643624288888,927.0668184486032,928.087889397011,929.0161733623634,926.5328460426326,923.4143073178265,920.3425434733814,922.6988646718206,928.0300962899286,936.5016961237916,945.0121966482684,945.6719169810622,946.4335532923894,944.0739561271236,949.6940635706133,951.2102233198381,951.925519272218,949.5355789330354,950.8493214992063,962.2566710822887,968.9282086447225,976.2988823236755,977.891511471203,983.8296127182246,990.7517161514397,988.6144104805943,982.4636989171065,972.7554693404893,969.4129894795781,970.4878078535545,979.8175839337415,985.3476397790555,996.6908172666792,997.0183900168176,1007.5485310295604,1012.1445982312591,1022.5306319579396,1022.657908764985,1029.418914117274,1031.3688561312995,1042.34332026338,1050.0721049256267,1060.8155464634394,1073.6618720112665,1079.5657743199715,1097.350109378543,1110.442822642484,1152.3019275606582,1195.3171767460003,1229.8140242278994,1242.5765571683085,1249.471512455173,1260.5419345977282,1264.9832140904714,1270.6477077020693,1277.5805036124516,1286.763717170814,1299.558286694559,1301.3244583583833,1319.312643134155,1316.5932960510052,1339.2509931287382,1344.31306370663,1354.190137133886,1349.6641001351345,1340.8421780070632,1331.7363486288111,1337.7501791236375,1348.3298271721126,1372.1514848454844,1378.4085658209137,1386.9272228140999,1378.1559615665344,1373.522825286434,1363.4727179892952,1368.2068030741395,1369.6322650391958,1386.7640409869566,1396.8626554843888,1410.683045704566,1413.2863488856078,1420.876483585702,1425.5320881501573,1443.9887410915874,1457.318125117028,1466.1109299625414,1465.3147982609323,1482.7548917222964,1496.7373008908921,1503.0377940658095,1478.5515488163476,1457.9338794889354,1446.0224999051827,1469.054238432962
113,364,Cass County,county,ND,ND,"Fargo, ND-MN",38,017,,,,,,,,,,,,,,,,,,,,,,,,895.6743002943623,907.6381159001711,912.4601566448625,921.2432960176059,920.9144831828822,916.3280291904329,914.6348925426666,908.1818969768776,909.0602338621019,913.4673316606211,922.7819613227651,917.9748889642563,902.1788769843349,900.2637664796938,900.0465617651381,915.5504611259406,916.4958391949526,929.7960834923762,927.696295145256,925.1812468009551,915.4295772535752,918.7043944278767,913.1143842344724,907.902321962156,904.9509083614436,910.075796921649,919.6932081080878,924.7575201111982,935.178459335592,937.0150371133224,936.2193955100396,936.5835916539488,936.1730867726213,941.7616392183681,934.6309505087979,937.47421687885,942.9289398666722,946.9859637007756,953.7822604192305,953.476054460367,957.3691057244275,960.2547682052393,959.1312710893268,958.9308525976547,956.2232046228822,959.6935516847507,966.3517806424641,962.0976948532407,958.4777456515611,962.0056374697323,970.0918651670077,975.7219913737293,978.9542640154577,986.544641572522,995.0732076874659,992.5286846238583,992.8143306956923,996.6863960415974,1013.0316590461348,1020.8754692797132,1017.8638164661058,1012.4576645034599,1013.1118770775611,1027.6388574388184,1040.15479227143,1057.4645890362465,1060.0258359775246,1063.4524185829196,1064.7646834139198,1071.730719296147,1071.9739366672948,1078.4606487922774,1081.1859682850393,1089.494033819846,1092.786730357822,1095.5768063625706,1100.7843842001862,1102.5485762846436,1110.8421957895523,1116.5467829036243,1126.3377990020547,1135.306652760154,1140.3565292677165,1150.8175570119583,1158.0150078079007,1162.9026724716439,1155.5262636014313,1153.2193735198975,1158.5480124954038,1170.8212023668998,1182.9876658178484,1192.8966971317482,1193.5894817254984,1203.9177048511517,1213.7396334725117,1219.012292516019,1220.5624749420188,1190.413254361582,1188.6353060174063,1178.8570020765144
1314,365,Peoria County,county,IL,IL,"Peoria, IL",17,143,,,,,,,,,,,,,,,,692.0228136551754,693.9363347062848,688.5920372895063,693.9939985106981,688.8674366420506,701.9381146960359,692.1104974031576,695.3065214706613,679.1438708085947,686.8009171806682,690.2284306824857,690.594660717486,686.8634007844215,687.9886574716772,699.8672278022837,705.3119454354049,704.700796090245,693.5561725220381,693.9288081214962,691.5567558342184,694.4318273703127,696.8050303693093,698.5940817616053,691.8643842840215,688.5777420417693,694.6453362510591,705.953079359852,709.391423657172,702.434020171587,697.2896230497215,690.126854055656,690.1278540304554,696.5654348943049,704.6271568565546,707.1793111370677,708.9280376742108,713.8566216731881,721.3454951444999,721.2811460355877,720.1965629654223,721.9857987659577,731.1034747243575,733.0117917400266,726.5115794447147,719.2129462161123,719.6617754577234,730.1218557947873,739.1001971859159,742.7153691424311,749.1186649807622,746.1141595629731,749.4913596956019,754.7135255379746,761.4606862364517,770.3762821960256,764.0539214313953,771.2194334123982,773.7417382954677,769.641966616099,771.6924537981737,764.0459648051284,781.4329152883873,785.7755745179301,801.5779459656883,809.4317163513075,814.1600508742234,830.7064403864275,832.6038253614681,834.4996793658204,823.1598580775814,838.3917795856993,857.7901048213514,866.3638381046908,874.3165958005338,878.4568325119025,902.5496142166394,907.0556802321671,902.031743338243,883.9912900446267,890.8198821707658,908.8165672165223,931.7018766594343,925.2102863169781,937.3146610514077,943.978520546016,963.2653171210369,957.6747837618207,966.4579535955869,971.2441465822873,987.8152833862466,994.2070503974263,996.637599541556,1000.9700308398892,1011.5555305939968,1031.4640180845547,1039.1714648146913,1044.7023136357368,1035.459664528115,1035.0103479856677,1033.7992116512914,1026.6254886556749,1041.3894199877082,1050.7401508241746,1071.6129998403178,1058.4324748685842,1061.0402190693371,1066.950130598867,1114.7596677559914
395,366,Boone County,county,MO,MO,"Columbia, MO",29,019,761.8567863198075,788.5627756755066,798.4525230334153,793.0189958171483,780.3806083104861,779.9196150725322,775.084981728117,781.7933348631879,776.8376611352644,777.142181005077,781.0819221869696,794.6154454960251,796.2464240387541,795.1793645256921,790.5121644463774,795.936318102145,795.6812578459823,792.1204716059478,790.3757460996069,784.3219882379473,783.3905603174621,781.8600894405255,796.051435990095,791.8570360479924,801.7171990239827,800.346346731146,816.1052388735728,815.1648888964994,812.6178765900272,808.0195234896528,801.5161497180997,795.8315443913597,794.1835822808982,795.1243675592334,798.5134765574643,801.5155538108927,811.177075367503,820.4242749020823,825.3532561706725,827.9784760602214,825.7256702606662,826.6773893138707,818.0410035186178,815.950674469306,809.8136152185048,815.8673445146353,826.2419668677144,829.5015981037131,833.4929233297946,833.9036703077186,846.6289304981317,849.252543216731,850.6401579358178,848.3896856697967,845.0675846796937,839.1715295681016,837.5125364987556,838.9559196667706,846.9049282949925,847.146080781629,856.190684671943,859.5544076614365,869.3767551972464,865.662436864221,865.7261810047038,866.2318872083977,876.767659565303,885.6904777488332,884.5371110344854,883.148345906024,879.5720951563239,885.1766542768878,885.4747829263903,889.0118549100604,894.2194445920433,901.4719673856353,913.8411178261058,931.5787304359994,946.1861149398502,955.0440798754948,958.7713601971175,973.9206680810513,990.4206888079598,1002.5306321307097,1010.1255740369629,1016.6728667422341,1024.204332433602,1031.8464026262359,1041.4716748102362,1050.4792673495758,1061.0544420638885,1062.6818117623282,1085.5070887502504,1096.990751337297,1115.084030176967,1109.1759589003957,1107.798555137381,1115.9181515047617,1128.1313210516764,1140.8732081574644,1150.5054706201745,1155.6668262752282,1165.0477935358574,1159.912564514263,1169.0302826099992,1172.152981180419,1182.6171171063022,1188.0354980481159,1195.5810589519108,1203.3743835020073,1218.0385191821463,1227.709299265516,1243.2037879795982,1250.4171349950118,1265.487331395393,1269.0171685287053,1276.9746648318003,1273.9275974035877,1272.9788015522856,1275.8149142110058,1287.447345107115,1316.8104288566271,1321.808795954121
1832,367,Kanawha County,county,WV,WV,"Charleston, WV",54,039,,,,,,,,,,,,,,,,,,,,,,,,,,,,,,,,,,,,,,723.7865589013924,724.7261096556015,733.5744090664599,730.313349365139,738.5179099964413,734.7589058077931,742.3064384894222,734.6405023660542,739.7185299301968,742.2911615539978,748.8178791582143,747.7360884571757,744.1372878268285,738.3563965079818,741.1844063980824,743.6076370516433,748.2270011881923,748.903176020282,746.0909102486783,751.4829132918965,754.7583207848237,754.1058754524635,755.1797981331159,759.2804880225328,763.0109115856667,765.5717457210998,764.5934175363924,770.7438877729172,768.961621494001,767.5054684836578,764.2591602496312,767.0389742524457,772.7320021005872,785.1651143464962,787.7693740093761,789.4602617926832,788.1106125107758,789.7883012971565,788.6826179984498,781.5699820897875,794.732519373027,803.3033751265341,817.2687900610732,802.5477353475504,803.3005460755057,802.701580989095,817.5529446300536,822.5927032117352,824.6531898201754,822.9945526562328,832.6142066370653,844.5004171873621,850.3425426193701,847.8456870176028,843.9632214837475,855.6498990507463,861.8111615890423,863.6174119300604,854.6433116479553,851.4770551567736,863.5089098692456,874.4941972917388,889.1967118119255,888.4978035400494,886.4926147266426,878.9802582711483,893.5006565617164,904.611251876561,912.1295618798054,900.6599068550606,898.7202205140193,905.1769902384696,901.9219968566268,938.1493866060656,948.2374164197041,971.1197179470837,946.4990996956927,953.2039902956802,962.369867439067,970.8837031048442,969.409936850236,962.2245249744511,964.1201618800897,970.394659727128,981.7881069498043,977.3400673400674
1380,368,Shasta County,county,CA,CA,"Redding, CA",06,089,,,,,,,,,889.8937164194043,898.6825081529636,905.61020451515,895.3737905648502,902.3853506677816,909.3228454788265,926.4330863481374,928.8779928935652,920.2667117462736,917.7079111708933,921.2077889537105,924.5317999422092,927.5834427869165,934.9962060545075,937.8020781790759,937.7849883516894,937.4225373972836,946.2613044454394,949.709339278437,951.6254959443268,954.766253406281,957.6228528914654,956.1470367613332,959.1606589968744,973.2881098626593,978.6809575959312,983.0030507347437,977.4289714666783,985.236280394737,990.5209834861015,989.3807282181771,997.9905628533899,1003.7210879399009,1018.6682850573146,1022.3834905289357,1027.079234141451,1031.3122794445703,1024.4818805753093,1031.9334178550966,1036.8368630168063,1045.252345487021,1056.9660862988978,1059.6305811003674,1076.147458655591,1083.4558453933264,1088.9361416899037,1098.9568020125062,1096.4375391621713,1109.351931041821,1107.8539921229678,1106.2329809339283,1104.089819483312,1109.772792854064,1118.4637650206184,1131.1699687301154,1136.9889281405415,1151.8616378850109,1156.705510124328,1161.5902057533383,1163.3384946470549,1166.4532318315619,1175.703054695533,1172.869587336853,1182.1235692041769,1191.8304209354321,1201.629354750161,1223.1571550687158,1223.3408801424005,1240.140186348852,1250.6200633830076,1278.4584993145015,1300.0730039378573,1312.3293537352106,1310.6326277494225,1313.6658391458993,1315.8338399612169,1328.150895143882,1323.2056979861302,1330.173073245,1356.0256005392616,1400.8803723211656,1409.1824048790622,1405.1186280111554,1398.9058183398017,1405.9848925606534,1401.1715575481305,1398.662637972776,1390.5392332194558,1406.7269895431175,1417.8865871774913,1427.1125190524087,1428.555206456485,1430.273926683852,1450.447652839769,1457.1054011308936,1458.9025256069133,1453.6134561470917,1448.2406662487494,1447.4810952595838,1441.5045411182073,1449.82227887751,1458.1776927939063,1481.1690557851948,1496.1865434256288,1505.1269018114047,1518.4967932244574,1528.5140196940085,1530.674439986288,1511.3165128918993,1507.932489482493,1504.5519030929133,1519.5652058421497,1542.1470479014915,1560.8802258517803,1584.4061835748792
1448,369,Ulster County,county,NY,NY,"Kingston, NY",36,111,,,,,,,,,,,,,,,,,1130.082954444336,1139.063607414059,1139.905559041151,1142.9620723295204,1109.1526930156585,1113.9507076357368,1098.2902867236937,1094.4985108165517,1096.7812108250776,1139.8548266787889,1168.6847808004127,1199.587133740405,1211.7589672225415,1219.569064754595,1213.0393737443057,1200.1910622806738,1229.2930927656973,1204.2074974759805,1228.1423120702102,1228.0164058579376,1219.872740988424,1188.1909689691136,1179.6846572845247,1233.4053909040233,1256.568548253467,1314.0792371283749,1331.9565300296622,1355.6797380745488,1341.1228462834683,1313.9526532908696,1297.0295857203262,1233.6816015301017,1236.5129207799732,1250.4302751449957,1322.6855048138266,1348.7503895218736,1360.9855800780172,1344.742796575713,1320.0025332409605,1323.2703663994203,1342.8071232992454,1357.9441915718244,1372.6363664418484,1374.5740258671233,1402.5651344766677,1416.3763974691901,1415.1641616730703,1411.9222324723346,1421.6492774148526,1427.2507307991132,1456.0369844057889,1503.254383974709,1543.623186118673,1583.0087100988258,1592.0882649404157,1645.7418076409679,1651.8832229877332,1648.1329910778995,1614.1351682664342,1646.075263919189,1671.1799422447436,1722.1819461477264,1735.4974849808877,1781.9627470552261,1779.4043517186296,1806.4016673754431,1791.3028319201426,1802.8926430905533,1783.5352488594092,1802.912532437598,1854.6306288690907,1905.5452799986622,1905.5951384208563,1900.240274049348,1876.6245705259353,1891.5566829269878,1903.1432277586732,1904.5895744560014,1913.9034728140807,1895.4668475443991,1902.9894759731176,1887.3455864403786,1913.3532551979695,1948.1065276140203,1969.9563248884017,1948.4091852232332,1934.9778339324732,1939.408705824446,1939.7034202982327,1893.3603880575179,1882.467397720728,1879.0029405991625,1908.0853855710557,1936.2297609910418,1974.3510837249958,2005.4498166952565,2003.8480985242888,2016.1082566755279,2032.1046823156466,2074.6189262627045,2072.8339173037216,2065.357968637709,2011.1461245877138,1971.6246305362563,1954.4024325727996,1987.2782355290337,2041.6075591075594
1191,370,Medina County,county,OH,OH,"Cleveland-Elyria, OH",39,103,,,,,,,,,,,,,,,,,,,,,,,,,,,,,,,,,,,,1163.429013993662,1181.9178636088902,1163.4493252309067,1168.729285809102,1169.6609229119981,1178.8837441848214,1209.2173725706955,1208.3056020784516,1212.774253042373,1197.815516258652,1200.6539237153831,1204.1066335656956,1203.9861393522076,1202.25339689449,1191.9916145748348,1205.6510595892444,1226.9881884714866,1236.8868990054534,1237.0243061413607,1225.4383101885037,1255.7716832591057,1243.5976732795764,1269.908444786179,1242.528305112843,1258.4418302916836,1244.0215927917563,1264.446341441189,1265.6842965192868,1264.4600813959921,1259.8540238891003,1259.4303802145444,1279.7450036434511,1293.5070272423595,1308.251431606735,1303.4391532746372,1311.2144536152248,1312.9746659813807,1343.0179119408274,1358.4302295956575,1377.1359341636776,1390.2185962890273,1401.8740889972153,1443.6257783028077,1461.4076798061728,1518.1115861125243,1513.3696087884648,1532.0987726220294,1513.5789537344228,1527.2283834398463,1493.7199420125935,1485.7701603180844,1497.70727746721,1545.7528821261665,1595.1356264288374,1617.2002684158485,1627.2602377914827,1609.697941372291,1616.7273802821583,1622.7422334171656,1612.467732153292,1603.0982922788533,1606.4256208651939,1628.8873916052157,1641.0209852851958,1645.4495752924431,1648.0710269410874,1646.8037232037605,1678.4331456490224,1685.9884957928518,1698.7588436001336,1690.6317505689308,1707.6083441775957,1707.2415505990236,1712.0102611352431,1723.7494086518284,1739.4877813871574,1752.6295902085228,1752.2521247510886,1778.0052688719702,1776.9590456381598,1781.748817900231,1770.7486355755484,1762.098803951939,1767.5471646971296,1759.2204451534112,1775.8744964409937,1777.9864521802815,1803.6117216117216
67,371,Bay County,county,FL,FL,"Panama City, FL",12,005,944.2120953564997,942.967009175419,947.6053643005309,956.9082688760038,959.832110395758,960.8801573536077,963.3101494768592,970.5221567074841,972.8897798893173,966.2572781546414,965.750362151783,969.6318343064821,975.7029907892578,978.3707937619218,987.5935207158643,994.8630031961692,1006.4771135729139,1001.6776993577635,1002.6067532132482,998.3308845873245,999.7676927015252,993.0333464084064,979.0937028536367,980.9560172992961,989.6089263447484,1002.2621049083415,1002.0565650003658,1012.0722376052629,1022.0160836737409,1039.2227817866499,1039.6801516103865,1042.3076727436735,1037.4765709479734,1040.1450626984363,1043.7970070376184,1048.1226504738563,1050.2823175585,1052.13605948816,1061.9209624614418,1067.5013064037598,1076.9622755005646,1081.3332263873417,1101.1119809258769,1107.662758413957,1108.743374757401,1130.2648256137977,,1274.7065856774245,1308.5586001462314,1323.1415255326328,1345.59268387022,1375.256654301351,1396.1373646749405,1414.5930666876327,1433.368573021672,1407.4226701287416,1404.8739875872302,1396.6953777063236,1394.0416894912505,1377.7500469829827,1347.8638563300121,1330.4517822030368,1325.4980326039406,1330.8472145959531,1324.5012455454496,1327.0954549197468,1336.4782687893796,1363.8408798644637,1379.1423606896526,1386.082878311664,1389.6795638474612,1387.079833401336,1390.1024753220952,1396.3082825198703,1422.7392248725596,1446.4418172615212,1474.355852493776,1491.7572747091008,1515.7189830654927,1551.123776479407,1576.9315941618975,1600.5466727844869,1597.2340643076673,1623.1054902658439,1638.8977953755336,1651.5244399103408,1644.840526043274,1658.2046097951356,1678.6211196560907,1702.1068040669281,1719.8990061967163,1723.5921522354247,1731.1422362047301,1705.6036278311967,1687.4067538352615,1667.9852398733065,1667.6887798652865,1680.0507830377921,1694.3888111649137,1713.9810535459194,1729.5137429685783,1732.0142685919707,1724.9748469899725,1722.942017718352,1721.7284905079357,1722.035396188063,1713.3469088585982,1694.203353607344,1680.6922890780615,1669.904952784985,1686.2642618209086,1713.763914869351,1744.7497670701866,1757.803163432128,1763.981298033652,1765.372121249498,1765.8669060445482,1746.6126075951881,1714.9016291374055,1702.6499273399863,1694.9046078174727,1699.9773707127715,1695.9845101258895
199,372,Kent County,county,DE,DE,"Dover, DE",10,001,986.1351481235262,983.1732164175081,1009.7410826926194,1016.7430374599613,1022.015172128986,1014.5765433358283,1010.2125209160275,1011.708716739522,997.5341142434371,1002.2323359215251,1012.4060876788651,1020.6058437135515,1016.5426414649019,1021.2964752081405,1029.334993817749,1032.4271814754327,1029.392591399428,1040.7566431112077,1043.6305657631365,1044.1959955384816,1033.6416617404675,1034.6496247394653,1028.4216947797706,1018.0357352778699,1020.4847440214139,1029.8839712383078,1046.530493038254,1053.462126877127,1064.5282581522963,1060.7868659050034,1067.078616144015,1057.9230528453134,1062.5102412234032,1061.946099597539,1061.9845058279743,1072.8245209202269,1075.7906329461348,1086.6948489015676,1083.0056822537215,1085.8508993591793,1085.744754556655,1094.9997652859818,1093.6016669480948,1103.4890057639298,1109.5959275384876,1106.955189024717,1098.1558376503835,1088.9021584979525,1097.059670007193,1104.9142800176187,1111.7644541545872,1121.4309146638054,1122.7386118107554,1131.923574204544,1134.0563764311848,1138.9028295644052,1140.182370917309,1135.2180610962164,1144.4636490049156,1131.5794899124814,1135.7272287667467,1138.0097239116021,1154.57333482882,1155.9220820893959,1150.1548137610112,1156.705102565103,1166.5214407904625,1182.9733286164408,1189.4453071116936,1209.7202874074812,1218.9909016537192,1233.3797591669736,1228.4917628369328,1254.726730534792,1275.9497355005585,1311.085281550857,1329.814098629764,1338.7176568066607,1374.1661068909723,1396.8900920494157,1430.060408329471,1446.0097019446853,1450.54834790317,1469.9898632581,1438.1927393266612,1439.3675183215546,1425.5143488093029,1451.9009803610822,1469.7719574881137,1484.7802306322474,1491.458580086027,1495.9728062554307,1494.8622360110066,1503.3901238189003,1520.0370765587204,1551.6428881631841,1557.5551239277363,1548.387582515363,1524.5950358410732,1510.4591144842975,1502.2596503712261,1520.0957238654337,1553.0049775325115,1579.907157916209,1577.0210022536278,1578.141564458436,1580.9739242455603,1596.631473664192,1606.5037705070692,1617.9489766350848,1630.191041671797,1636.755892903629,1641.6211439766819,1635.9634091254568,1624.691435917991,1610.7819095913997,1622.7386084105467,1633.0539320388034,1647.77272326225,1633.6948101411274,1639.9305117944086,1651.9461983848562,1670.9050925925928
2354,373,Imperial County,county,CA,CA,"El Centro, CA",06,025,,,,,,,,,,,,,,,,,,,,,,,,,,,,,,,,,,,,,,,,,,,,,,,,,,,,,,,,,,,,,,,,,,,,,,,,,,,,,,,,,,,,,,,,,,,,,,,,,,,,,1538.568082188973,1519.7229045189226,1545.8455574643244,1519.352092760614,1576.8058457370166,1596.8754445567706,1632.0424487625885,1609.5054081004744,1650.2895005999826,1650.2742829181457,1741.9994661039236,1694.3051724511781,1717.0968969161763,1645.8523503731094,1667.028817858205,1660.4160757881627,1662.2546448963947,1699.4425192673846,1776.4987976976151,1802.6206343242543,1832.4026143307274,1801.5170812374438,1819.4444444444446
3146,374,Vanderburgh County,county,IN,IN,"Evansville, IN-KY",18,163,557.8728370805214,560.6776919001678,562.2979313486707,562.249533365559,565.4268162669657,570.5172491369142,575.5068013874738,578.9937903750862,582.0813842798154,586.6829456921215,587.2460746330211,582.7858333768257,576.2441629753117,575.3226342117505,578.8777679656415,580.968265535669,582.0271662168085,592.1062607863045,596.3157123220598,599.4902826147649,594.7356480989645,599.0340055894808,602.4355225189055,601.3240598178526,596.2799409563886,594.8677947876881,597.6608084637362,601.8509512080972,604.7970553637133,608.892681269415,612.127483460971,612.8123852072491,611.5539608566226,610.5935877113219,611.1764992816956,613.8149207402896,612.4675779687732,616.9879904590259,619.176610346132,629.1257525297157,632.5209991049934,637.5022703062398,641.4049733866841,638.6268469727852,640.9870317758338,641.2411299287855,641.5903147793645,636.9525814902692,636.547768998968,641.448498280962,651.1638140213834,653.2610265701528,660.716384734194,657.0572136685549,662.1478316170696,659.1892863824625,659.6419458875812,660.4219060515481,661.2096095118503,668.7480370661684,672.3706351154703,679.5467664603784,685.1678949157823,680.5726496022226,684.1413321668458,680.0872902747914,671.3539290392692,661.0605486797709,668.689227030087,687.1942564519188,699.1346783016453,703.4305262577162,703.6389353432982,699.9587911524841,699.7353210912897,709.4854469093792,731.656640338094,737.8080950242164,751.3127094094913,759.7764686703376,780.212892157652,782.1980530426446,790.6668244577643,779.5539261337678,784.6907303512179,781.823089445143,792.9533382158162,791.9278166881835,794.3922819651867,796.766790983844,802.5807190824313,807.2981165873337,813.0517854608821,816.8531450041816,816.9673744105351,822.8343818835547,824.3543478992198,830.9675781105808,833.2086443741566,844.1128229266452,855.0147032242415,863.9938839152946,871.7221171900802,876.1613589730994,875.2057408249558,873.4077967464309,872.8476118892484,893.8990826171832,897.8268825180958,910.8881834490163,902.8099375224684,919.7356897282652,912.7971675278117,928.4944954482888,928.8313561765818,933.4955273902659,937.1083216915325,942.5994091870674,952.909166831449,945.9531462074385,955.4220849641933,959.7420800929,972.1748917748919
2023,375,Shawnee County,county,KS,KS,"Topeka, KS",20,177,710.9771076100354,711.566201424822,714.6888989712645,725.2333821106731,728.3780234745975,735.6655467497253,735.9879884683799,729.4395971300917,726.7030710332974,724.8358169108483,729.4871230875627,725.8689197962716,724.827006940491,727.4194185881048,732.2446320331674,741.981761435101,746.3714188325812,753.2776200845941,753.6744189353933,759.6706551341096,760.8173824829771,765.5591405975364,755.8481413345902,747.2271535792596,733.2942834131146,734.1000206629292,737.0350882512438,743.9235383655396,751.8346637295641,758.359395649454,764.108580094805,762.393689845273,762.1278762163182,758.486729144307,757.7507943016035,760.5189779875689,765.3471395387055,761.6529403734315,756.9451609538796,757.5438060405139,768.8802602858915,777.5749213743329,781.9367330776809,778.9032857890109,782.5886018029154,783.9861919569875,787.6237223859478,781.9496712134653,782.723439612177,782.150622192733,787.378627441193,792.1432020110905,807.877403485254,818.1790914525304,818.8691380757335,810.4400016332135,832.7050534239647,834.3250652079874,838.2591174401065,810.3155038204521,812.2301261842113,819.0211634683794,828.0793178191008,829.1648549257504,829.4163147292928,824.0403281076635,832.3457937241425,835.4739281353234,837.8121839463186,841.0014260279471,838.6933865624305,849.9583565694778,847.4044693715034,848.4441609508849,850.4775775782308,864.2615429807387,882.6934513703621,896.0474644764466,905.7986879397608,920.8870537899526,928.8556650370816,935.0175367642428,934.1165996004187,940.003874054855,943.0631954936279,959.7325825619471,972.5985121740997,988.9290260535143,985.2291117150774,995.4883749064977,1000.6553853450785,1015.2220346825851,1011.2870723506312,1020.3196810417315,1019.3427466707953,1025.8398873411468,1029.4108040055905,1031.7689801013503,1044.5259407522144,1049.835350149069,1069.8404541300044,1080.317204575256,1082.588196988095,1072.985092543241,1069.2418757207572,1073.2294090839778,1088.9702976819076,1084.7209439456512,1084.189133782389,1084.2072344193955,1093.897164459054,1100.7846159151832,1106.6022997913658,1126.5185496245253,1138.8155642404545,1150.8979668380339,1150.490393616312,1162.0788382339933,1156.1590091963124,1160.896067025486,1157.8723409954541,1170.5066953098878,1184.5982456140352
1862,376,Licking County,county,OH,OH,"Columbus, OH",39,089,,,,,,,,,,,,,,,,,1199.1381376336185,1194.5267708663648,1206.0391860541645,1189.6578744861788,1206.3733189195461,1217.6975468306462,1217.8465517613633,1209.3780526539726,1196.6107263492827,1203.8477219575304,1213.3449678325928,1226.6280232588322,1230.5214010587376,1238.4382282572524,1243.0581815880514,1241.9053823468037,1243.8606288683252,1255.3552050619262,1254.1289815623245,1268.1480447917575,1251.6729969903195,1277.4058837381717,1291.809743646211,1321.0786277125535,1325.1373040071528,1313.55800167816,1305.233300769642,1302.3937131305865,1301.0653489196914,1302.394157462146,1314.2104734716393,1334.4327566442478,1346.7659395514816,1351.025269662238,1348.5419485227503,1366.2161016671475,1362.978912016646,1366.7523164308805,1363.1855924851686,1372.6278949243435,1365.2521221251807,1358.7615432882894,1363.6931241378315,1379.670992187033,1398.6268663822898,1400.0750272412372,1397.0363860473321,1388.8184012973986,1396.6132308902304,1407.086595722224,1432.3987326155075,1439.669301467233,1455.1267158931823,1463.9018713329335,1506.9940461726032,1524.1592033798756,1521.2015057313354,1520.6835165317377,1528.9586392064193,1554.4407165909506,1559.7014600429166,1596.5155154680563,1625.450294518179,1655.617945448446,1640.1989604107782,1646.4448310897508,1644.4492354568831,1638.6515103143174,1645.313076311545,1639.3084749292213,1663.839042692376,1674.8779237691267,1710.717292707189,1749.3369160238612,1779.446094765646,1795.6884147577975,1790.0634213422866,1763.251416805513,1774.2071810222333,1789.6440557651847,1813.3229456962833,1797.1227442988443,1796.5799111450224,1837.5190356113974,1867.0599376070002,1884.6230772575334,1876.9473809479605,1884.8552197656359,1865.9888655636169,1873.8011075735344,1884.7036015078,1907.9566804906688,1908.3502552554378,1898.310268407071,1903.7018209758032,1922.76802795573,1946.6249003517696,1975.7439933496976,1979.2051581401265,1993.0229779695785,2003.341472901375,2003.1636658266546,2009.1940437140895,2003.003583318066,2006.9077183494908,2005.7300483340969,2014.4643939393939
1827,377,Johnson County,county,TX,TX,"Dallas-Fort Worth-Arlington, TX",48,251,980.4272390048664,992.7916962245324,1000.9557052302143,1025.472505142398,1032.1017858062824,1047.0106752425384,1043.3689101403627,1050.166337284538,1040.5683172546032,1036.356608516317,1038.3583073307855,1038.802195724714,1050.5177306626856,1048.4422529496999,1060.1747264163355,1064.7450288129605,1077.9250684104534,1082.8764583370516,1082.284763840369,1093.0586292488713,1094.4767917608522,1101.692592547399,1093.1862049517993,1090.635719634967,1097.481893934841,1107.4202145968266,1111.8156803383733,1115.364783586697,1128.3892116806196,1144.5852450661048,1160.954706635712,1163.138524758006,1161.254650499247,1162.1098390610769,1161.4870078142164,1166.655686315742,1173.4712844447504,1180.1359365964222,1197.078523579717,1204.4595878694965,1207.194898609996,1215.8183137363906,1211.0452897618866,1220.0144747012534,1212.0423540983038,1227.3105447424844,1232.0095515928808,1235.746299242817,1243.3327245082046,1242.4676282575194,1258.8348793661626,1254.8051549370018,1261.9748906049924,1252.5828985069304,1257.301233309445,1264.8924521568756,1270.1329072111675,1266.732895379538,1269.288579859437,1277.502801603441,1286.0709222226094,1299.3936757403167,1303.1194244918888,1311.174180941693,1314.124964095294,1322.141451137287,1322.6716265490059,1327.6404451251367,1338.1808836992154,1358.9131029952948,1367.176158324344,1366.0086159064251,1364.8218502353168,1376.129452771751,1392.416369614487,1414.0808373520033,1419.1522446745648,1445.3630053037564,1462.0581714879818,1484.5881922367848,1486.3342501302238,1496.5240499296854,1505.957665966363,1511.220778070041,1523.4020692942354,1549.349897745509,1585.9706468158313,1595.487881044594,1608.321189240439,1617.8121856438647,1646.4098174086473,1664.557219214851,1676.6339051754749,1681.7346252888372,1649.316516275389,1636.1583477028664,1630.93414006675,1643.8161915867906,1658.2953567869451,1649.4345758823904,1665.7056680168018,1683.779892209477,1706.6067109291887,1709.5650410719827,1691.5047549421815,1680.7185769728658,1677.2162126027474,1687.4326793902917,1692.4451268787584,1707.0160523090349,1705.9064953411453,1705.1629455873378,1709.893360707743,1715.2663052247258,1732.8096903737262,1742.6321229501777,1744.4162428422026,1746.8585938894062,1730.364696680618,1716.8404598874988,1704.9969596101612,1714.2540143439487,1739.8637424666838
3074,378,Washington County,county,UT,UT,"St. George, UT",49,053,,,1059.4319828793248,1071.239655035122,1081.6724873078676,1082.4064350456167,1085.383863816649,1085.3913978504452,1084.0863750070578,1086.6374678787668,1092.0292345547757,1098.4495235140046,1102.6995105877781,1112.7035068732534,1120.996801293459,1124.9127381734775,1140.9936275905172,1149.0316364595142,1170.49061890415,1164.2687239482038,1172.3740526441948,1172.1031346180391,1175.8241808921227,1187.191953219075,1190.1161753675756,1198.6469983458762,1200.5464005321453,1215.292161004923,1228.574422730368,1237.9713375994795,1246.9562376680535,1254.4705885505814,1266.467006865899,1264.6264471220004,1267.721343556543,1268.0968812926753,1274.0062539005628,1276.791079608702,1279.7952889607686,1287.7095425385485,1302.7520877364761,1316.5478098316023,1329.798045525948,1337.9920926248315,1338.7970594852454,1336.051325299267,1334.384990332989,1335.5717504488432,1346.9870065474283,1355.2501296256805,1359.0571565349314,1357.967636738128,1362.8820938623733,1372.4425980941926,1377.007666122454,1377.4281985705677,1371.8417842920958,1369.2496987853192,1372.5138721533694,1382.3781219064394,1386.8407308257756,1392.064153077023,1386.8501470009162,1386.1312031904974,1384.527119227023,1400.6783612539907,1425.6109059310731,1442.6379280703975,1459.017062289344,1471.8041635066393,1490.3825627540105,1503.6277918648766,1514.7054685393236,1534.8691084251184,1540.3821931391624,1560.8534123746579,1572.8579384419443,1613.4623898937632,1651.0807094475651,1685.590421396939,1696.9927149779705,1689.0420513091972,1688.8204208382097,1701.3004164703598,1723.6627988438004,1726.7781345636295,1752.7386432164133,1765.903438046046,1788.303805965849,1795.5055787994634,1812.3372821480502,1813.54854236237,1808.9797576567569,1790.0522220201829,1795.8309708856275,1800.7559788401777,1806.8604298765003,1801.832647100106,1807.7986926399567,1824.1629410728776,1843.1998643146926,1843.4961671299186,1838.4252808430722,1838.383331519961,1839.347357266593,1842.3128395367112,1834.0151373462825,1832.8037798923795,1821.0647303600972,1823.3499902266694,1818.7116235072965,1823.2590894429793,1833.7868437187617,1853.4243210993948,1877.037235631454,1879.8011759390263,1876.2829571088378,1880.201585809272,1882.1223249485085,1877.2870692802398,1877.0008434144531,1891.5007524176758,1908.971420940171
2449,379,Muskegon County,county,MI,MI,"Muskegon, MI",26,121,,,,,,,,,,,,,,,,,,,,,,,,,,,,,,,,,,,,,,,,,,,,,,,,,,,,,,,,,,,,,,,,,,,,,,,,,,,,,,969.2033491214578,993.6853821365754,999.3483240210945,1011.2162138049353,993.848890975482,1002.4970294988898,1015.4063338562775,1028.3857077546256,1040.140723433505,1056.7615771375304,1070.6405493800441,1084.8662561543124,1083.8200809934392,1097.183050609723,1109.9434231331247,1125.0823651500166,1120.5792897429799,1112.5164161253595,1094.1394352068535,1099.415293727711,1085.7239727186654,1103.5158876783703,1112.6580929933568,1140.304045703335,1139.5375356979962,1134.0673223890162,1133.9124776739134,1143.5308596779562,1171.8024015440342,1175.485346213831,1160.8294298825192,1151.2235621057494,1159.303826608415,1187.7341298628514,1194.2225266221612,1207.6244647690662,1213.0907303238077,1232.3932614848686,1240.7978068669152,1231.7689313464489,1229.3331246585174,1259.5360738858647,1278.1442633527906,1265.4946338895545,1232.6328323886762,1247.0039682539682
706,380,Scott County,county,IA,IA,"Davenport-Moline-Rock Island, IA-IL",19,163,673.568400868142,673.8625029601883,672.9590420264749,674.1328870448519,,678.5459235924397,671.3668470250658,673.9281470886893,667.6417824082779,678.5211268731665,676.298559006936,681.2256509958175,681.5358416563705,681.11943679251,684.1079268380305,684.9390471529034,681.5675011948873,681.6245961514741,688.2657058278086,695.6544002652507,697.7011531350662,693.4658263783211,689.6191011426276,685.3390150842075,681.8176535755539,687.2552730899789,692.3789221637795,698.1844450311387,701.7084358591309,699.3697815808985,702.6601998366491,699.4026097707775,699.7015025872148,699.997901657706,703.1151103093089,704.3723559445384,701.5878280213316,705.143998573608,705.7307105325793,711.7037074608552,710.3721753671341,715.9712796346239,717.7514430660299,719.107427161881,719.7315459036757,721.7908553638665,725.5205636411245,723.9900261111213,720.0462847539543,718.9671366007316,724.2208929152363,728.6841921745998,734.6104102578846,733.2177113932746,737.8732482360184,738.6061972494356,735.9805217432898,733.4704330024823,730.8934821820058,732.7027424462212,730.2836415209412,732.8877693723899,742.9203373686618,748.2935801904856,747.0266527032733,748.9894851470141,754.1666489147574,765.5978464032768,763.0445922095386,766.3246398239231,762.9584084167451,764.2342816642031,761.4443520903999,769.9800143419991,774.496646004199,784.1612878853991,784.3434020402536,793.6174925817671,801.6440408485566,808.1626746511323,814.509177443185,814.5065139215736,815.203542138029,818.3077404601655,821.3747499769397,824.4600957127452,827.5504730854585,835.5560481728568,840.7655757895517,849.4066483439558,859.3787447363667,867.1541149759885,870.3509121330378,865.1137931205134,867.5357601707708,863.890242491827,868.6885530319028,872.3188126923571,880.6726466078561,885.4398384710514,890.4463355486272,888.8759969492197,887.3621176495905,882.4765102703262,884.2844808596046,891.1563668355307,905.6003676813223,906.036850117128,911.9102740145123,906.4256061928301,919.5192129895271,920.5033034625359,930.737651202525,935.1506645205897,944.2800921064776,943.5233633326271,942.1656748751093,941.1190490619098,939.6643910705048,938.6747999904559,932.8632785704168,939.2471712099423,949.7920391656024
1330,381,Porter County,county,IN,IN,"Chicago-Naperville-Elgin, IL-IN-WI",18,127,,,,,,,,,,,,,,,,,,,,,,,,,,,,,,,,,,,,,1061.077226202148,1074.2213204453835,1070.3659727355816,1086.193463967779,1085.9638791399798,1083.4919518531165,1078.388825736054,1081.7824297234865,1080.5556224070685,1079.301304138803,1076.5581315349293,1084.87312708106,1087.3947564685052,1092.6774087303993,1093.089272450054,1101.3316189397078,1113.8737251647867,1135.1249097878758,1138.5533390127205,1142.5743701912893,1123.7020397533383,1128.5904144522326,1125.0816095431053,1133.9728714311702,1131.0538034510523,1149.1010450721785,1162.182747032752,1176.9582142931838,1167.2398797332387,1174.319558796901,1193.1130286053406,1215.3180479694472,1226.1782203735297,1230.1167218078933,1236.0552064582112,1212.5387759323173,1223.621749097609,1217.6574324739229,1260.520842078053,1259.398434059797,1277.6970243560008,1278.9551427447623,1296.0159015508461,1313.3503166229625,1327.1999767806258,1332.819766937617,1339.343357385253,1355.4743024246782,1362.6317848402664,1365.3165526770765,1370.6394256756969,1393.5777715066547,1416.78418308616,1433.070162648138,1432.9882227379735,1442.0636428026648,1447.3740013225029,1445.9886441567423,1445.8444319396478,1437.2191243917923,1443.6603680530322,1455.568289326525,1488.572209179423,1501.6722350698092,1508.2926415880681,1507.8921229809744,1516.58146249842,1521.3348349000414,1514.9160920109723,1513.9821201642822,1517.9258708818156,1526.181796130574,1526.439754575327,1528.7989977915854,1536.9685508152584,1569.7587060517917,1584.1169066421614,1594.307608754839,1580.2019231966897,1588.5484732510415,1581.9806469239447,1596.9000858404843,1595.8949576377331,1605.524314883571,1605.3461087300063,1622.9505118299041,1626.6388888888887
78,382,Lee County,county,AL,AL,"Auburn-Opelika, AL",01,081,,,,,,,,,,,,,,,,,974.2465950027114,1007.3716470841265,1003.918979470692,997.4155443226439,1002.9567450580387,997.7279937917598,988.1581784250579,981.2231067798759,995.160986731265,1012.3479499268491,1015.7611676348706,1008.8147412834923,1018.314156258664,1024.8751146311074,1029.127183489924,1029.0162277972897,1027.4032911570325,1032.6025806996574,1038.4508558413977,1037.098170657532,1047.6091082647386,1051.6895608881707,1070.1974160933455,1071.6687470350807,1076.3268151206084,1074.5281041863398,1076.4001285376305,1075.7487367983617,1073.7932562510337,1087.3642349638258,1088.4387209838183,1093.249587713895,1091.0162283913667,1102.0258571622592,1112.9206802213089,1122.6561284382592,1129.4442000270858,1143.7571163876892,1135.3821423527652,1130.1886525653579,1119.5157148184012,1122.9345256187157,1131.865102450306,1130.0496425638705,1137.6754624700345,1135.736110606827,1135.8062480263316,1134.2552045762868,1141.2134424021078,1145.8401806925735,1148.2968089138174,1154.7428431883936,1162.4173192418978,1164.7582394772223,1158.4668870388866,1165.7693275341771,1170.9202161852975,1177.0579023776218,1180.8004412195603,1194.0740789075708,1194.9973851592608,1203.1259837349776,1216.2721290427469,1243.2208812001436,1254.929448655949,1274.618529760521,1278.2641494076377,1295.992200969371,1285.5698951368697,1279.366604540916,1271.7681643549786,1276.381973631874,1301.734284880317,1319.3346200808792,1347.1652897933964,1364.6554365394236,1373.9749310559862,1390.015576023705,1384.5411408103926,1378.1934338993794,1369.3966482900742,1372.8701419504373,1387.5786414513946,1387.027270294116,1412.3952509749722,1430.2763382416586,1461.7502809556304,1450.775670567595,1458.2966207732918,1474.1793711195498,1483.5093641844023,1489.6013695427052,1467.0757985638402,1478.012715587838,1479.4744274816967,1495.9027614264141,1505.3768187895585,1541.1579849034852,1587.9905507329545,1629.9226909543186,1603.667749561794,1585.1444211658456,1570.721949998962,1591.299355406566,1592.3427719720223,1610.126105413272,1618.5775335775334
1595,383,Carroll County,county,MD,MD,"Baltimore-Columbia-Towson, MD",24,013,,1253.6502780214826,1260.6607379220118,1246.4902883486623,1265.6133257872282,1276.0833058520127,1287.412812297075,1298.7747871393408,1306.0609393531522,1310.8678484097168,1290.9178262317876,1286.2268820380516,,1290.1090318829336,1291.3612194686198,1287.7301075536536,1293.1425417531007,1297.1551072564514,1312.644026165562,1313.3078046567591,1320.9223355044023,1295.24230264485,1281.9176475736563,1284.9289318221422,1309.4619741182782,1324.4548202577719,1312.20075914334,1298.974137560915,1298.036048094411,1300.4781304320522,1303.5701374936957,1329.876732321262,1335.4851423286493,1335.41572549271,1310.5492627619324,1313.9790117537216,1318.947331201775,1324.601756511394,1314.1131357525312,1312.8150337518111,1316.7405938572583,1324.8665509108237,1330.5966021981046,1327.9949978939428,1334.968822434433,1330.1929653957973,1340.6089865164522,1374.5763082829644,1389.2387235348745,1405.7121459844025,1356.6572531961376,1360.69130325722,1356.4256297945522,1387.9664146166097,1388.5487311342727,1389.7976324337776,1381.18474594711,1386.59905870212,1376.570605278362,1369.8964712231013,1369.224342380998,1366.4876466594642,1377.4529866313887,1388.8501112294707,1391.6352763608688,1389.6704288444737,1383.153085679229,1398.3119499096003,1400.8397552244687,1419.3010860993584,1416.2271118592298,1439.3708039229123,1450.797810446606,1487.4434316866252,1487.6283872413,1471.8526408465045,1468.9204850675235,1475.2687411858644,1501.6631919418846,1517.2899163968423,1538.5874925669286,1559.2201747956824,1581.660515853668,1603.093029604029,1606.1029241392082,1590.1036333717316,1601.3297449394427,1621.5966404449339,1635.910761496364,1640.5529465934305,1628.237269413601,1639.0270372303135,1648.2406581524829,1672.373202877346,1679.6430340314403,1689.748577826453,1700.918371442162,1724.0195306944056,1725.4978004255854,1728.1465034955381,1706.772672260552,1686.8298873033173,1682.6864832683896,1703.9540573409788,1743.8128194052645,1761.4181168726686,1747.2916070430208,1759.3348097227856,1765.3550296367014,1815.567186443836,1823.2920073925163,1834.7505093107013,1837.3765251010518,1833.2278828050316,1831.4631032199836,1846.811739730106,1858.0313315379544,1860.4952425167357,1857.5137597735988,1862.5591395952674,1880.4624529619527,1866.0204204713582,1859.4708994708997
2722,384,Hendricks County,county,IN,IN,"Indianapolis-Carmel-Anderson, IN",18,063,1121.0592717371264,1117.9162044243358,1124.0726061300531,1131.1026271825972,1136.938785604881,1139.5895402048902,1138.694601068312,1142.632810617111,1142.7432109663605,1146.0860189993116,1156.7010684761392,1153.8980146218148,1152.772195947551,1148.4443332476137,1155.4712514849646,1158.5615088787065,1157.0183187494604,1161.6769678898388,1165.506989327482,1169.550965718773,1154.690087561325,1147.480378465249,1137.5350428687418,1138.3357232599333,1140.1152074400434,1153.5492683366185,1163.4855516624793,1172.1482635432255,1181.5051285272073,1194.0005640785828,1203.195440214576,1201.7165154364625,1194.0932367553607,1184.1563988388546,1177.8381861276346,1180.8646859140695,1190.071157621085,1201.2369821518207,1216.4517900040105,1224.153608703324,1227.3121689785582,1233.3273232813526,1236.0633796079585,1232.992032228503,1230.474774991728,1226.3461912047499,1227.480763953014,1225.6016118246957,1227.835912336183,1237.970987216504,1247.1729692598888,1260.0591873986145,1272.7118010612642,1282.728730833779,1289.7184728680077,1284.9494836261185,1277.2447740621342,1269.0902125343066,1274.172547862911,1282.3292411299578,1298.0762983551267,1306.424476170746,1310.5235351732927,1305.738931703839,1310.5612019547882,1322.8317807035362,1336.721597209367,1347.6364433312253,1354.7253136095176,1365.4882526613944,1363.5383684043923,1370.8156529950238,1377.9642163880678,1389.887819548665,1399.0302241581132,1410.429174645248,1440.6578935753573,1470.7140287648463,1506.601718313508,1528.352760426734,1538.9097617505574,1532.5364640014664,1533.6088944806506,1540.86358531809,1546.9390374027357,1557.1054707253725,1560.7220399941984,1585.2158268696255,1597.1100394281664,1624.4222918863984,1637.3946073005275,1651.1991580485428,1665.194538000848,1668.7929086207062,1660.2187524780163,1641.7614284633567,1642.3040280866264,1650.5968750729617,1662.1700347770732,1665.846282185781,1679.678845790685,1690.4713307464915,1701.5151713141818,1707.1910460791187,1703.5510035355192,1705.426674309862,1703.0822995853175,1705.4143640345646,1705.8962125588287,1720.9505251042667,1727.0643800898513,1745.9358344081975,1748.2771184712517,1768.1004263321108,1770.301219073939,1791.826565347881,1794.7828781163882,1783.664243767195,1780.3447987814384,1788.5376155495217,1815.4160203564354,1815.9021445529875,1831.0900081900081
1186,385,McLean County,county,IL,IL,"Bloomington, IL",17,113,,,,,,,,,,,,,,,,,,,,814.3122984662641,808.8801100517985,793.2033764952232,789.0971836893387,788.6392877292695,799.5712474676786,810.2393293098971,812.8638126860159,818.6162224883826,821.8583377701342,832.1201823282363,826.079635606304,819.3587490386201,810.0125236188326,819.0961716827477,815.0216608038869,816.1331606539665,805.57663690618,813.7733642688861,818.564245821254,829.2694857347215,833.590250917272,838.4739557242148,830.6665191359759,824.0778824505625,829.0941346625599,834.0224870472204,839.8462680967637,838.4184244742086,839.5201615146528,839.0269327348885,837.2047046146838,836.7688585402456,841.3180335363973,849.1637905271767,851.5779617835406,894.2144394874106,899.3892204619721,902.3948082466482,862.0619817336567,857.3782932233522,890.2392175806187,893.9969301535242,905.3828763031406,882.849387624275,892.1754167466179,893.6341149728964,908.8925087377032,901.7696145119056,908.236127736657,897.4737301365886,900.9847474591272,896.8850177122708,902.6666023759464,912.7616731465515,918.4475044943066,932.894615427307,940.5300577433421,971.9958347004747,986.6981454896436,1009.7660215075208,1012.403304093701,1033.1007093491896,1049.942134037435,1055.5860647431919,1063.4467172280456,1069.4168366806214,1088.4437865160482,1104.8941240584363,1113.355640077743,1139.9716266719454,1156.2696844747927,1169.2650864058683,1168.8887274569565,1174.7577158688468,1183.6302445953468,1180.17997759708,1184.786217162353,1188.5474647850695,1205.707414051339,1205.8088964378542,1180.0899046197458,1175.8021000736587,1187.2021932250998,1233.21870981921,1257.0924698145584,1272.6509841271354,1279.9215469257692,1291.5399892099801,1286.3501324904023,1298.959884496923,1301.311913242174,1304.0128175122613,1318.5551070044057,1330.0723008293053,1353.3336907104783,1355.3433134879783,1360.9104863478012,1359.19460152572,1370.2239165019928,1373.7408297645434,1370.2308114432858,1346.3387875036071,1359.6190476190475
2878,386,Winnebago County,county,WI,WI,"Oshkosh-Neenah, WI",55,139,,,,,,,,,,,,,,,,,,,,,,,,670.5315830530157,685.9262330125264,,671.0881284473334,677.6423427441566,677.8472083146759,684.3210927030865,688.0116395488461,696.1740347258103,703.4789374462708,717.2969493538798,721.6846666983467,729.3625486526507,723.3010571435243,724.5295365471987,714.8067603593843,710.284691724578,710.5748563576605,723.4403967185248,735.2652649672896,744.8850943714535,748.9648325404364,749.4075726537856,746.4488526813116,751.3327173572696,752.1118105127629,759.606882009326,749.4808361163324,766.2003892851842,766.8471531867845,779.6241161123469,768.4160173208666,770.9323922668976,778.4454955492955,783.7746555750427,791.1003169879975,790.4447271242616,797.5672862615503,799.6787176019155,807.3551703795262,816.0618354539982,826.4599542141202,819.230046907931,820.4163349117549,812.9234421609975,826.7657832023208,841.4326485152294,841.8270315846282,,855.8083307475607,,867.6506081903964,869.786882313137,900.9201622114543,907.671488776826,907.1761223442999,896.2779794703619,902.9928240581318,915.1965692939157,902.197142910335,907.7192670946424,909.4590414694537,935.8164470159056,955.5555231355186,963.555892408183,979.2307022533141,986.6473385605466,1001.5641786359763,994.9540571042711,994.708619138076,993.9568904845933,1004.977630037817,1001.3155474194017,1003.8803101349807,1011.0882633801901,1021.3740968083424,1031.7561637113574,1043.6409998327513,1054.4175502420571,1069.5079904727806,1067.8241408160561,1069.9299272034605,1053.0932849196765,1046.4767876801825,1043.4401825037596,1052.5004392567773,1067.5929435134203,1089.8316471656356,1100.912459376399,1114.6830077069276,1105.391292071246,1120.7297312525777,1117.7251409472417,1112.4878156021884,1112.1217168417234,1120.7373069469795,1136.1117253391535,1116.8337797892964,1133.693022994988,1143.8451426024956
283,387,Pitt County,county,NC,NC,"Greenville, NC",37,147,841.8990318732858,839.1772950079103,845.1658073023584,843.0985984251685,848.8837787376021,860.1919848167472,861.8829512352812,860.5393663718626,855.694423668674,853.5718269843655,859.8629626869078,861.9948373606974,868.481132449916,867.4054738631575,867.9876841659409,875.423292136174,881.2537217752105,884.6882644702471,884.8817368611273,886.6888981710428,887.1801348639341,887.1889560675481,885.1925167472772,888.6449463748957,895.5052694744458,902.9131781522835,902.5072504468411,899.0946188705483,897.8731132292885,904.4654217696906,911.7936010871999,917.2949383100755,915.7810968163483,913.4627073040953,918.7338307202938,924.7567821429744,932.7417195550088,940.5778466555577,946.2077079856235,954.4550780858586,951.9431212774963,948.2403332941833,949.7500223677913,956.1911097976878,965.339329808672,973.8765991648208,972.9812928639008,975.455547934532,977.95705108978,989.1844936366357,995.8321544748844,992.1634499700801,989.7060320014116,995.1180936827839,1006.0286298755974,1008.4463154078859,1017.4046380583595,1013.4754252429307,1029.9860995306426,1033.07726681867,1040.9350966476707,1040.8951999559233,1045.7267386641322,1055.7311820620387,1058.0471228634472,1056.291232650835,1062.3364609710522,1060.2995103560736,1069.5340579033352,1069.932446237458,1076.6596718204808,1085.0554562814161,1091.7061177101523,1107.7192417245233,1113.3519066213553,1129.127076911752,1139.1091188965888,1163.928065478112,1168.3282275873107,1180.3503723043627,1195.3039646769673,1213.7267727834312,1214.7444561952514,1204.880351429083,1219.057472614517,1240.7823444109092,1263.4576348867224,1283.7386227284665,1299.9213459294622,1317.01567497101,1331.8602821696654,1344.0086548226834,1352.9249269109214,1347.9149223574668,1357.5280704884774,1354.8558929309168,1372.505268973017,1375.5853713391716,1393.9953522220899,1390.4983793721215,1406.9130766368455,1415.9487650325484,1436.0304428261495,1441.4064022738928,1450.1760287008217,1445.2856290049222,1447.5527088407405,1451.1500161944962,1459.9864001070341,1459.4668119882924,1457.8614464662571,1456.6292695998502,1461.5747556452702,1472.8049424754602,1489.2343503960217,1515.8671788373283,1528.0429865283775,1540.959536932625,1543.5639925466514,1535.7967217350674,1529.2455305305925,1521.0689859002875,1524.5341302841305
2712,388,Guadalupe County,county,TX,TX,"San Antonio-New Braunfels, TX",48,187,1308.625543283634,1311.01808344146,1309.8637487226515,1310.9279214641758,1318.6249008476918,1324.7222562646364,1334.9662885392966,1333.615634058974,1325.6302094390148,1332.8473590274748,1332.8161447448838,1344.942379158132,1332.4969146248088,1337.832555310642,1337.1295540808114,1344.523443623315,1351.126685323996,1361.2518277062923,1368.0184997206788,1360.8051327244789,1359.589864584961,1359.9223195094658,1367.221465881768,1373.5566376471652,1374.2990882992028,1376.5128342142984,1374.5826446139367,1389.8440034206585,1398.7561812775232,1412.499836332376,1411.4703380735855,1417.411547994645,1412.171199313248,1411.7696270945307,1402.7110157106058,1410.4073621101145,1401.0201255005998,1403.1057447071303,1396.9608460268128,1408.8648383289776,1420.6545772228721,1434.871075536715,1435.1250200301336,1427.225442968533,1422.849534261333,1428.4329676928426,1431.8820043617036,1428.6870352780193,1426.4552587450678,1441.9498931713313,1441.5031055473617,1453.2731541562719,1454.9820731465445,1475.3595729456613,1481.0509412052622,1452.6829271951613,1449.7535563656156,1451.1066158261835,1478.2974436595703,1477.5548757944564,1476.8617594984296,1489.4152191401663,1497.2131415417603,1491.0704170915299,1489.9213031854147,1494.203038786047,1514.5946974027847,1521.42459216483,1534.3963613979217,1539.1265540071934,1537.5248495598269,1537.4469538964945,1543.410668502568,1562.8541373002063,1572.370510038343,1585.397700806433,1605.9702082703106,1616.5143975814374,1626.9006646337812,1641.1597598077815,1682.2064249191983,1703.6410044692848,1718.3947633634898,1707.3306441464838,1730.3126093028916,1747.5732823161222,1774.9611799438019,1784.6046010004661,1782.4872401052792,1794.1167696312325,1801.4810688603932,1818.1989368155907,1809.0032482038034,1805.8532852153207,1809.673878352438,1815.9236403968182,1821.480949605785,1810.6551237739686,1823.4968416274464,1828.7777981910388,1854.3677724424606,1843.726404165563,1845.2085615185927,1830.4726217988805,1836.9491514574083,1834.879976544455,1832.063096430545,1818.298326570099,1812.0741037214225,1821.9326793281678,1845.152845115427,1855.4707892284623,1852.4333430808774,1849.5012361262982,1855.494161366703,1869.397560063822,1850.7411831880129,1831.2797324064873,1796.1514250867876,1789.1851173790303,1800.8254254771946,1803.4940624481126,1828.5070512820512
202,389,Kent County,county,RI,RI,"Providence-Warwick, RI-MA",44,003,,1087.0117158602525,1123.4788198276958,1110.92328289889,,1145.2230106893167,1145.4407386722735,1152.4684108305105,1147.984772434448,1129.041084307594,1115.7097404987528,,1150.3777763182522,1159.5827389690724,1175.615851257146,1159.655837164086,1173.6239225975098,1182.911362519877,1205.3459964494127,1210.706703045628,1206.6706224181626,1197.3421198110734,1196.6217280136102,1202.0211398028339,1200.8017470516802,1198.8383848630335,1209.3206567575487,1217.0422689404047,1243.3124477979588,1235.2832567511073,1258.0854781014484,1245.966617704885,1265.9216105618211,1256.7838800605273,1247.4756167717746,1230.0031503372495,1231.6061391423932,1248.9867300138476,1267.0747630803787,1284.8784738264992,1297.7368760040542,1303.922652704882,1300.8560966555515,1309.9358738887538,1320.0586065258415,1316.6897728591487,1309.6594392411412,1302.961672219311,1317.050818300365,1332.3107435588201,1346.2284153795495,1349.827249949914,1345.6560445963955,1343.4120057362354,1357.9582568523522,1376.4438295661632,1404.0739283482328,1392.2864609388537,1347.1261532633696,1346.0920569201533,1352.602027019961,1399.9141877632362,1405.9322595550755,1428.7196707278065,1416.7213864475352,1410.579786699556,1410.2331425462464,1435.4831753278384,1469.983987841637,1494.931612298846,1526.3483153997256,1527.012141480678,1507.1380290744492,1496.292243621212,1526.1641277497033,1566.3567414586157,1637.1171280899775,1657.3678221866671,1712.1567932389235,1692.8017985423132,1720.7543895942003,1720.0225505266283,1746.5284681393207,1764.7343007106156,1773.6166662117614,1786.281535984189,1801.2971000006658,1831.8099271427682,1890.8095023235041,1923.3723249869547,1977.0162305438398,1959.8770491968764,1931.1601007747406,1889.7813784892132,1893.3630800497974,1890.114482995463,1883.0181926966206,1874.5935910146497,1900.093128352913,1927.816301033294,1953.012415959972,1969.4480069030737,2003.17444102415,2028.961417931069,2051.6574815313706,2030.956868488677,2018.2585675610294,2019.9656783839337,2023.4015703032246,2019.6301807403977,2019.259869497482,2039.970851858478,2064.2008875478964,2087.5972622184927,2119.798253911013,2145.175761480598,2128.874920928057,2115.672556246017,2094.24057234561,2121.1063762219965,2154.5662034605857,2198.4433869505956,2187.8598901098903
2117,390,Alamance County,county,NC,NC,"Burlington, NC",37,001,,,,,,,,,,,,707.0869713865602,709.0984580620811,726.207135996489,730.2289113403339,744.0073083030163,733.5253712458884,731.1029309388399,723.6436604744662,724.4291212066204,735.5673803461336,743.105506553675,748.9819530469368,743.1699386051731,746.3283223009515,753.2249334159678,766.7668635479938,764.6788381528462,770.5073885903666,767.0318618670092,775.7237085019111,772.2217695011092,774.4864137352972,780.7397067277009,793.9013553532864,794.6704015855639,798.0722382966126,799.3686903581688,809.0570141591069,812.2111650333425,820.6626006794926,837.5712003877924,843.7762331234367,842.4620827691084,842.4047485418295,840.2374758907521,838.934793174352,825.920184924191,835.6716295815377,853.9711217422395,873.6523289873161,879.6412908496885,883.5982706439903,893.2727717844388,905.5030341476391,915.7207389153765,920.6624599654319,915.9278559699834,908.7666018665841,882.9141781857813,886.0596976525254,890.804283130854,915.0578636664892,924.0060130799435,935.6489688795006,954.4365543689802,946.7887674375048,950.6113165213828,952.7693848472895,966.8454222858174,965.6972499523202,972.239671577371,1000.4808034864851,1016.6636040658692,1027.0632392931368,1029.3656839254872,1046.317844808388,1068.3130309603926,1089.3129117056678,1102.587037227532,1103.0737328181149,1103.894636859621,1107.5216176010242,1128.118768632599,1142.68383260689,1180.2545292664583,1192.8615256025926,1210.2669032495828,1211.2242964882134,1231.0939702503715,1252.2334355865542,1259.5199919554932,1261.5131054100598,1264.351045638883,1278.3109696980346,1279.8605091385089,1281.0211138985371,1271.863539909191,1285.1834331479222,1287.0974255294977,1301.999835388095,1299.0839100117846,1315.5123792275087,1325.6454762213768,1343.4213513748805,1338.7708130610188,1329.6348767613613,1319.2537838962312,1324.789424093793,1346.1240273698788,1362.675173282529,1370.1513403671154,1385.69238216535,1385.209198316779,1389.5704369211928,1402.8885345113338,1426.4570910000853,1435.2972149967536,1418.8588164531247,1414.9964697936584,1426.419710107809,1440.9372133705153,1445.2953301127216
1837,391,Kenosha County,county,WI,WI,"Chicago-Naperville-Elgin, IL-IN-WI",55,059,,,,,,,,,,,,,,,,,1028.381385868906,1029.1495768336772,1043.4714878722873,1057.4072160810754,1064.6890567146002,1055.3521410610783,1042.1648985332936,1029.1872990171328,1043.6770220216354,1046.471196439303,1051.572518314632,1051.3967759869881,1065.9098567297121,1081.7394286132592,1073.081007913542,1082.6403187776339,1086.0504189979422,1114.6598625485622,1107.3369480103413,1111.8892446823165,1089.5992058687598,1084.8187325779722,1093.476526323271,1112.0031274194732,1132.4833579811832,1131.321021336772,1137.1213032636326,1150.9347696514608,1160.9186867797523,1150.8588635754522,1151.8998202954383,1155.635570077793,1175.0037886346727,1176.5849821318316,1179.0662042231354,1195.73589721838,1196.331666360622,1204.7162784877557,1209.579675888291,1206.1256981394542,1218.1302247703575,1210.7230543622002,1226.3285663348322,1215.7060813210917,1208.752588887974,1207.5030134075562,1222.7982391345747,1227.432665149413,1231.427616866317,1225.0114874041094,1236.040446202157,1238.5999640224445,1240.6827469495292,1253.3337730259154,1261.4363235272751,1250.1633551164498,1235.8034668048308,1237.0513372673086,1253.8160224245582,1271.2360338005521,1279.4462606103966,1282.0889878551434,1301.109241243772,1311.8052380129436,1326.6132969773307,1315.4314726055666,1321.845964218352,1303.697904183503,1306.5114943264969,1327.6949249039521,1372.8600138760248,1413.5861677623332,1411.80746583122,1413.9688200519158,1416.3480119555375,1424.2070958277604,1452.339587062082,1454.893258584191,1462.683421570323,1462.9150406395622,1463.182787109855,1463.081899688426,1476.315767211698,1492.9638057277045,1513.4601339236995,1523.6461720152117,1539.4368111642375,1562.7542233063668,1553.849436056959,1555.9219240164853,1552.4914532357695,1555.499570122167,1554.7645170716805,1554.0314268430716,1559.64532853922,1580.386258032891,1594.6255157584676,1611.8691466515386,1613.727961561661,1635.0667796903342,1638.0782296507114,1646.8091770103551,1653.2309233570234,1667.4120502819524,1670.0143420872898,1676.7313424220602,1676.130341880342
2881,392,Wyandotte County,county,KS,KS,"Kansas City, MO-KS",20,209,719.2154703748058,723.0691485181798,736.5777481836662,741.0951589623388,738.7718311403498,739.6945442173677,743.3526853329495,757.4622076287042,767.9115920040165,767.9703833503006,756.7676335537418,745.9488682106281,758.4935207260173,771.1189756857515,785.4415457198305,775.5403537461821,758.6308524741847,764.0868079011535,774.4293108978235,801.6356034728353,802.3712657163546,793.9620407994165,793.7831965718001,799.5148149842139,812.9928793465906,810.6917723467421,803.0574749402145,808.49758551451,819.1341178138365,825.604771763477,831.4329439841503,830.1104134166342,831.2256045183098,828.0905568047814,830.7984073782392,828.3054522684072,837.0793908601307,831.9768431334484,837.1240530422024,837.5922631461513,851.4975255515482,865.9435851542086,871.1963264139496,872.7775402811048,869.746335197629,862.3924663881988,862.5851767224628,854.2631187453359,864.6503804885642,866.3631911584008,878.7706882809694,884.3740887044985,898.4107991675028,909.0409812027461,912.5889653365417,910.4416365834609,905.5093297246619,899.702371034026,891.2419537781693,890.0841948357025,897.071296907959,912.2737103466184,924.6728116178589,934.1923831264576,941.2733556996633,951.9016175742819,957.8499820665357,952.7690665581295,960.8099164141919,956.892744368329,969.9771560288686,958.9710799219727,968.2242687001685,967.9770984367049,980.7421928515377,991.7813867634509,1015.9485332641817,1026.5777139414392,1037.7943473969779,1040.0546247505351,1041.3611577888598,1038.453312946254,1042.042851063359,1052.1594450991588,1071.163154935127,1069.467918602746,1079.4663610852886,1083.9798724460613,1111.6598448833417,1128.7838879823073,1140.9112678095564,1147.6948859526717,1153.309458718189,1160.2176198175018,1160.7875059434612,1162.146251652341,1153.3212602504443,1156.0612673644198,1160.9049259283418,1172.178816185158,1182.4766546181795,1193.0492207290372,1206.4838151195356,1206.5999357514847,1206.0241462416257,1204.8584261909095,1199.6104537903661,1217.1385082194115,1212.3208167225562,1228.1312875666056,1229.7686106261701,1250.381791334699,1262.0526949087612,1269.4203297344493,1271.5004357805974,1270.0511523260004,1273.5853382251007,1283.7893881458322,1283.1299109442234,1284.0591058558102,1292.2211852967712,1307.8159891458836,1313.766402116402
2368,393,Kootenai County,county,ID,ID,"Coeur d'Alene, ID",16,055,,,,,,,,,,,,,,,,,,,,,,,,,,1030.74241343607,1038.9875768211805,1057.0690936867952,1067.4790520059917,1080.0044644889124,1087.131079325711,1091.3452492154906,1097.261713103375,1096.9742464228991,1088.8155782540994,1079.878831472172,1077.765657286649,1098.1370061667778,1124.0225512145578,1141.565613535412,1154.0511680165132,1155.147334276727,1162.1910342365127,1168.2945688304337,1168.5037586940803,1167.391348373078,1172.3628709444329,1170.2374048856216,1174.8671665960946,1180.1735077677447,1203.455092178086,1216.2426747401068,1217.5824593739546,1233.0552098851333,1244.143616046738,1249.4069344367842,1252.7318552863455,1247.4419449302918,1249.9331586492165,1256.0011368523394,1266.5185727638277,1273.3930495583052,1277.1383956924192,1286.6322125906174,1298.5613040804094,1302.1510041142171,1325.50690003904,1342.5173158739385,1367.4128649324362,1392.172901182919,1420.0984027175953,1450.7452290861297,1465.7631340910482,1488.6658732736707,1520.4150061877317,1602.3219894758417,1683.8624849327075,1762.0894874043734,1775.0309796481806,1771.7505204577842,1761.1843574245577,1742.042205121513,1741.2030822900115,1732.7994697986194,1747.3936508761765,1780.3282670759222,1822.636208763563,1865.548171591858,1897.8075673549074,1907.0378966248704,1890.1583135699157,1855.9830273837383,1832.5627502638338,1812.4421253218243,1788.934751539529,1769.8451049026737,1768.7708207152864,1782.2264809686308,1793.7470943536964,1793.564536397249,1805.782837237562,1818.062584837612,1828.741379424626,1821.2879935296637,1813.3373501722645,1805.7350885839348,1796.1249925386746,1794.300197460409,1797.6488562345892,1806.3372693255008,1824.5071910376225,1849.4394724959807,1868.0696670898858,1860.9465353068745,1874.53471750094,1884.2987639992966,1891.1634227618172,1868.117889749973,1852.8743352304077,1844.0187297527877,1849.3365390048746,1847.233827158233,1864.8221054035005
1133,394,Kenton County,county,KY,KY,"Cincinnati, OH-KY-IN",21,117,,,,,,,,,,,,,,,,,,898.5100861806135,897.8629631984203,898.3792000593844,904.4267340171787,893.7902822287527,889.9114649534743,887.1870500090774,901.1949835050721,905.352081615367,919.855446197103,912.4277440098532,923.6779640697184,925.2582035002205,941.6458998665477,940.1000214488379,942.5101084256709,950.7066620377743,953.8169384699347,951.5973976417254,934.0193378623571,930.423873967872,941.5199800261476,951.7724686708779,955.5810034924444,954.1717628065988,965.802019604319,987.4025892657323,988.0116449634512,986.7826637437279,976.7406360277192,979.043149642634,983.5731710074233,988.6356908937311,1005.4794803021766,1012.0706559238962,1030.8555110381371,1033.0502374137136,1040.4953712911313,1039.9202354571441,1045.8547496732585,1043.405889845404,1044.780652579935,1043.5253783063094,1060.171103128417,1066.5713854884127,1086.1463718297516,1092.5155271585465,1099.2083780775386,1104.4128042861457,1110.9007169302288,1112.2848668107886,1111.5944185468454,1107.4893534032253,1115.3728386846803,1121.6784559875891,1131.7095642754095,1144.056150432514,1149.979598478803,1166.1664644011612,1177.4908302187375,1192.7322638901414,1197.9004791478,1210.292962294719,1217.0109068110246,1227.6994239712285,1231.751007331801,1242.765735344089,1249.5134661666773,1264.822550882486,1284.0074867844849,1312.0925349218746,1315.75517261968,1319.5719683962418,1317.1651947592254,1332.094421774412,1342.857852076065,1358.9348950545177,1373.6170307771886,1375.7268069578315,1374.7773238481745,1380.1213088651352,1392.522598662029,1401.2688913443942,1412.2830607824578,1430.4737837528203,1442.6130829586123,1447.3579184405753,1445.50312953235,1455.2507557476135,1444.0461498005398,1442.639597923273,1436.093461007676,1445.114373867167,1459.2983454641246,1456.4283208982574,1462.8546972707668,1466.277149866024,1503.094267641626,1533.9914445771342,1549.7705988988378,1541.3447009328909,1532.072485517711,1522.3442373213225,1518.5034835100041,1518.8346703578923,1545.3591361887295
860,395,Beaver County,county,PA,PA,"Pittsburgh, PA",42,007,,,,,,,,,,,,,,,,,,,,,,,,,,,,,,,,,,,,,,,,,,,,,,,,,,,,,,,,,,,,,,,,,,,,,,,,,864.1352854102515,875.8009995237235,894.1443394880674,884.1003626645419,884.410992766771,879.1775221301087,901.6588161107641,916.5418874845661,920.2295351529428,914.6974942087191,917.2424547462076,910.3072384431073,911.600335348996,917.051300656216,931.9051506115284,940.5975135523618,939.9390369652991,929.5967189518942,923.5535768177856,920.1828983260917,927.3957587575511,935.49476154304,931.3349288652465,933.6307106840073,933.5859983465043,946.3907621115151,949.3886492527544,951.9363399786947,956.0919966170839,963.993732232625,971.378382381344,970.3149588934835,970.410963345879,989.3367099940602,995.5417981389635,995.2495964661699,971.8660274794328,968.522373983354,977.4729031445521,995.7216142511927,1009.4674438486454,1025.5125364366727,1028.4724021156221,1032.8519736177725,1033.818425340399,1025.9476407469665,1030.7173076907868,1014.7621715960097,1025.803486740615,1028.4101412157074,1049.986111111111
1225,396,Monroe County,county,PA,PA,"East Stroudsburg, PA",42,089,973.8122985606302,983.3362505355632,997.0944818274055,1013.3636422620586,1021.4100902915891,1021.3198956595222,1019.4276727355049,1026.5819104168131,1025.144679574905,1020.2803431866396,1010.3914827532645,1007.5366486895905,1003.524964881419,1005.8201153225258,1007.3149711005424,1013.8126169052232,1026.1072417208493,1040.0359642904123,1051.612927370155,1053.5823267132234,1058.4359826178015,1057.9688772851791,1044.5291160059758,1043.0287998200163,1040.1967375021206,1062.9595257099677,1071.1624594956565,1080.8633304065909,1083.4559450869885,1092.3027061521032,1093.9708721233044,1095.4353952677902,1101.79859048812,1109.9748674910704,1096.9194024336553,1100.6317505596908,1100.6839940152256,1117.7726733964619,1117.1973931838725,1126.3534976731096,1136.9726249563028,1153.098996137173,1160.7200633435577,1161.628252763023,1155.6967108776278,1155.1397905643753,1163.1621590920283,1167.5488817777753,1163.1859600014548,1166.9722863100035,1169.563329686478,1187.922548999773,1189.0934359167427,1205.8397290905157,1214.2889343086217,1222.025379847024,1212.7515541223527,1211.1312682767134,1215.7072722506575,1219.666494648124,1207.6234574997031,1219.3424593815257,1248.0570694525782,1271.0019086781547,1268.2669117330195,1283.777855084892,1303.2261132890478,1323.0411656700605,1325.2370646541376,1360.7426676186558,1380.0828684359626,1397.2986607179741,1404.2844665448422,1424.4397153098746,1437.2842840177798,1455.6996645981822,1478.5971556018924,1517.3620720951908,1539.974086248889,1570.851536189389,1538.679244250277,1543.1485278560629,1537.9924000406572,1596.2812779817837,1605.7608527896575,1621.7700324781977,1641.3108989388604,1711.6277803478708,1763.9092798132722,1749.1496321869297,1716.8901122665598,1708.0538508103668,1725.8176810270081,1733.251433602101,1742.3088581654658,1757.255583306981,1762.7493243531935,1770.8321382246058,1790.99929592969,1810.309999724339,1817.0880356107828,1810.0652674192147,1800.8625762324416,1786.5098389810664,1794.083178555166,1813.0256017764723,1844.3864211106722,1867.17960101838,1888.5668823594272,1884.1210482775923,1860.4429062210604,1846.030395395999,1865.2857179667014,1869.0531652727168,1881.5758452358023,1877.8204814826156,1920.7835120388718,1899.7523049398424,1929.5331424596477,1930.0101570267298,1953.5063888221036,1930.2979185479546,1911.615800865801
365,397,Aiken County,county,SC,SC,"Augusta-Richmond County, GA-SC",45,003,708.6555267930246,712.0606271584184,722.1318225608541,723.4487357228305,735.7845905053827,740.6699561443694,746.7870184935095,745.4297183638536,742.2934451105353,747.4988695254614,756.3310616814363,758.7961169103041,755.0606264496364,752.3313117801014,761.01606008889,752.6365776904141,748.7424887213156,742.5270398942412,761.8612463596995,770.7982460188588,780.7993414440098,774.5394333132456,772.8678676037155,768.62513884425,779.5216167081254,788.1875997650711,787.4248818158693,786.4511825664342,783.6210938009583,790.717651977743,784.2570842453871,789.0136506504448,792.8037273352114,807.3794555012051,818.76306277105,820.8707656377281,822.9559070614919,815.7687017326517,818.7162921502834,818.4777776389486,826.5834508894934,822.0011269736546,821.859620900886,817.281177551424,827.6471749532723,829.2340932468965,835.1683646646778,834.3746151266265,845.7349869292997,850.4766772718749,861.2372913172775,875.1222925071125,880.4429710726682,883.2537035595786,871.8018107011324,870.285240678687,873.3348753684028,885.5718486748619,890.9822143489993,899.6358943450649,905.7783855384569,906.234047123436,927.7071208922237,926.7707234862575,946.4347934173608,941.7023019505689,949.6678648399183,970.3883840062534,977.808955288575,985.2966123180321,974.0236686789636,983.5724136882047,1003.772425162904,1014.8972365507722,1017.2370857652206,1027.1067535709146,1025.9098122397672,1039.7900945033075,1037.5295129542892,1055.5293342469345,1064.2591254998974,1096.4461199437333,1110.1572730186701,1118.8848796055877,1119.5719685195609,1144.085441358244,1162.5373117915851,1167.1136208475336,1160.1591091582254,1181.0882129527872,1190.2855403573892,1219.3142546122108,1213.2902894691708,1213.307960029227,1208.4827804888405,1222.7460425373235,1250.2573772814942,1266.7158832681596,1269.820137112763,1265.4221235371483,1269.6726516881677,1279.4308630816101,1281.4927593405905,1285.6214788105096,1292.122771350327,1298.2965811665745,1295.2673422745556,1294.261100759017,1302.1212711155435,1301.3082596549257,1303.2303063619577,1308.6702544634538,1327.3929349605294,1331.4939319906846,1330.1043902614592,1334.2983104130822,1356.0386334896452,1372.8831696668433,1410.4635599865592,1393.4627203126945,1393.013183503673,1375.1034266626127,1395.2023391812866
2242,398,Davidson County,county,NC,NC,"Winston-Salem, NC",37,057,,,,,,,,,,,,,,,,,,,,,,,,,,,,,,,,,,,,,,,,,,,,,,,,,,,,,,,,,,,,,,,,,,,,,,1205.4802010632711,1205.043743806454,1196.2451421873477,1206.025841627455,1215.8796864664137,1225.7862515386967,1243.6305247324462,1273.7012054416102,1314.0520934726999,1338.2862886397158,1350.93416153101,1344.0943258718685,1340.5291160761674,1332.1955135400544,1342.6525990768046,1363.4220570019688,1405.9782153081546,1413.6008832207297,1412.319220472664,1412.8563208536734,1436.4999190674716,1458.248788648749,1487.3572996729217,1486.826181848855,1477.2146033864365,1480.228735546794,1469.9123450894124,1470.5485491376512,1467.8337606006337,1490.0881989202628,1507.8548427146545,1526.1958100248407,1544.5648478535343,1572.0390378536692,1576.0578677186268,1595.187003868771,1611.0869275200585,1600.5478811249866,1587.5368329965495,1569.55681804346,1588.7751120858786,1591.6061732028033,1598.4547658738657,1601.2116283591085,1623.3632321039581,1639.5611343003097,1651.1393152341632,1643.5583995290137,1660.7768314529994,1722.500081194584,1771.114865905541,1760.0217468102355,1701.848621678563,1683.573717948718
1337,399,Pueblo County,county,CO,CO,"Pueblo, CO",08,101,,,,760.487968651576,767.1828954538727,761.495335125163,768.4908919569468,771.4164364623907,793.1305598762827,792.9547699765483,799.9869100148651,793.4219735967024,792.0697386264353,790.3512912478525,794.1350330180359,803.8926690438503,818.4909060233389,824.9468455672015,830.5459620078448,828.1403200105908,837.9193894861609,837.0241004406447,833.0393810839172,839.0190139384392,836.4282041644475,844.0868295874022,846.9559285148531,867.4420575556105,878.9410541035754,885.9004854086247,881.6103135921079,886.1049843401541,883.337688691224,889.5580574247061,880.7061823625386,877.1325443527383,876.9238867264985,880.4723825191601,896.8817831862273,897.38941096327,902.8167437763996,908.5818228642192,926.4390629421653,939.3240006989822,940.8885840390121,933.8853087188462,932.724459387928,929.3953485512915,937.1048113959583,942.3338811654244,933.439710968331,936.6614267273965,946.8019669762193,972.9471325132023,991.659749409462,990.9384021625358,982.8150141037164,976.6938557473936,976.9141632255556,996.1033716151095,1002.834840230138,1005.8820698238529,1006.4398571406476,1016.7247551773271,1036.0553526073063,1038.060422058391,1047.3685897749406,1048.984763496394,1068.9046687075142,1064.72146443721,1078.2466786110776,1091.1015411473459,1105.584993344678,1115.0230932919715,1111.531603392782,1122.939832128987,1132.7826442249966,1148.6564675926877,1166.8296931256646,1187.4986428436523,1207.4200248884435,1212.157439059152,1222.3176951036014,1230.6626123210224,1233.5788153167196,1235.49031045534,1245.5009324122188,1262.7555713068152,1279.4960723810013,1285.6519602922626,1296.8151059278375,1296.1660597780528,1292.6178197927602,1287.0502578273927,1291.4231803391428,1300.407971344394,1318.3748228920065,1310.698464691199,1311.1111948651035,1298.1580694785866,1313.8995008108227,1322.4577695723528,1324.3859923756033,1334.0325854349737,1335.4630817834288,1342.6167414835302,1322.064472428581,1327.7727276994358,1338.436729827015,1351.6384746885349,1348.1046811786978,1346.7879285840252,1362.5919504284234,1375.60731065879,1389.682721566215,1385.3629422548493,1364.3462753988842,1356.2295341148595,1353.4201575931634,1355.12683071539,1355.9340500889227,1360.2461475491893,1385.957611832612
2901,400,Chittenden County,county,VT,VT,"Burlington-South Burlington, VT",50,007,,,,,,,,,,,,,,,,,,,,1315.9040333079265,1324.4831722961615,1397.563131809174,1365.5447994120652,1368.4366072317691,1373.50696853533,1417.0824207112737,1438.8435562729728,1437.2408614699787,1437.3740390716766,1427.6172557145146,1447.7897084301921,1468.994574949075,1467.8014639161142,1450.2522613804517,1424.4878885763355,1420.0796061746794,1437.0894330233498,1462.173900899976,1480.1294690029902,1494.976077315521,1481.6372744070247,1487.9427147261822,1467.431361761307,1485.8581102315318,1486.6079615777192,1497.4881559631924,1489.4363292347894,1482.7868688314647,1481.428782976802,1490.30602423363,1493.7743649432339,1495.0107089600197,1491.7448710060858,1512.7956267741918,1514.908002773308,1524.0548793538421,1522.3783037177236,1536.8456398880269,1540.4046665022183,1520.942139512348,1483.7148895763494,1491.4632738044183,1508.1967448091955,1538.5084306449082,1536.047920146969,1553.943894412142,1571.9655334456386,1584.2667365878383,1587.970596349814,1593.1410217614894,1595.346877481107,1583.8641160819523,1582.8307861497753,1579.8412953543193,1590.5107373684457,1601.0323911910843,1605.4592676131633,1637.379669704815,1671.0808237811298,1729.5307068275963,1734.4245555455984,1738.697065428971,1712.8415078668356,1728.3491255984732,1736.1571544879016,1757.2499762169512,1771.9538076849142,1792.2553646272254,1831.8112058586453,1854.4889682461367,1877.172707577465,1907.3844053559435,1920.3200827075805,1937.5460498843581,1919.3149394086372,1913.333844184956,1913.8498947245946,1928.8323112732776,1955.4234921444922,1969.4005404521251,1985.5501550653796,1997.3021577687682,2005.5542741082793,2015.947453674089,2023.431389368573,2076.6922737162527,2072.0372499456907,2077.8473125040023,2040.8497556126108,2043.477363061879,2060.513364010409,2079.1150265328706,2108.5125314783813,2104.87659249007,2113.608283086632,2133.063404938643,2158.008892729926,2154.4385576290942,2121.6770208719204,2123.979490119893,2117.502732374912,2128.582341122196,2119.69838501292
1061,401,Greene County,county,OH,OH,"Dayton-Kettering, OH",39,057,916.8456916417628,923.5475258430731,928.3566841010082,925.5996927487874,937.0582516418115,936.6013956324219,938.9106709247513,933.3313899309953,937.950857163243,942.3801442684213,946.2357908974477,953.7484118923832,956.5682009199355,961.8870696389619,958.6725097324878,964.3152525809335,,978.7083232590986,978.516783246541,958.205191009375,948.6669624960559,939.9891095132297,946.27804005879,950.1458975657657,962.3177799070316,970.7948793812579,994.2282966094139,997.8471666967275,1004.5120755896634,1000.9587479521325,1002.988276360173,1005.7607245736841,1003.7897640477247,998.2190956762449,993.881813708407,998.5528934972183,1004.9823424523614,1009.0775970058365,1016.5532372550259,1028.5344912673738,1041.940700219818,1045.829831038523,1040.3339522237195,1035.5806869023563,1034.8620791902863,1041.9842321422984,1044.2877323132034,1054.2114181586135,1058.8905949327325,1059.1772918877805,1061.1650201378086,1067.9268438082797,1076.782718600612,1076.1007046341483,1081.2700778849603,1088.201986374237,1086.6392706357651,1085.1810943404566,1086.8871108906822,1095.702212156233,1096.6809963415697,1112.4555740142064,1126.2730913398445,1136.6729124951146,1130.387540963535,1132.1138181749698,1138.837317776586,1144.650378214163,1146.9295350641175,1150.3611707573818,1161.1275013366599,1164.1148573008577,1170.9025459325626,1168.1865829879569,1181.590012741707,1195.9006290824798,1208.7588698302548,1214.001115474825,1224.8461958851979,1237.1631650187762,1266.9909859782426,1269.7925341783184,1280.2681561089091,1280.006149260414,1282.428396907534,1314.07414786399,1344.8382432591254,1366.9860010201335,1368.5335201680869,1358.8195091270836,1387.304541155413,1389.3309672648982,1396.6541372316879,1378.8552137449446,1383.5437614111763,1381.1524444969718,1387.942885952109,1389.9252696794,1393.663522880574,1407.469245045018,1428.328629712847,1451.506724086832,1464.572375907318,1465.5523292094554,1475.3474952856136,1479.7480271233708,1492.5146189260513,1475.344466305945,1488.367324056633,1487.6925987407476,1517.324721766441,1514.492839178365,1522.993747993116,1522.5905412419634,1551.0233421414898,1566.431864730122,1588.2360091593955,1581.8592768192616,1577.6321329020457,1567.0789676565837,1565.1839027103026,1576.443381071528,1561.771164021164
1930,402,Midland County,county,TX,TX,"Midland, TX",48,329,,,,,,,,,,,,,,,,,,1184.5693429642886,1174.961666104747,1160.8164440607982,1144.3887553081204,1138.2547202739536,1122.3561953289445,1116.6494871747857,1118.2715061328643,1165.9750292098524,1188.9356366284635,1234.0284931006674,1273.8019958457523,1307.8825110994972,1314.3119135996722,1318.6399837417932,1336.2333670474902,1345.7414679636386,1352.2452880702865,1386.0083197896085,1423.5984971525045,1435.1474207788353,1412.980064446453,1422.450138261919,1487.0696168311229,1581.1011678418893,1659.4398649011068,1678.7562226929742,1656.9075913267693,1631.5885150609624,1600.619939044314,1584.7537832118194,1621.659451792543,1638.0691119147355,1680.1248243329344,1648.3770916254034,1648.3486290647127,1629.841275608035,1629.4355235201194,1629.3262289819672,1618.100018019694,1582.6267809284475,1553.0611003663905,1526.4676382678795,1533.7108898479207,1581.0114171215378,1575.6628784040297,1531.3233364636687,1422.5271999091278,1367.5202583952828,1325.6267933687152,1296.0648614119573,1278.4856564655981,1260.4374853450504,1275.2907719908276,1269.118955999075,1277.3478877070875,1253.7321738393978,1241.9951157091646,1232.7789031660966,1240.0300648541515,1259.2841196390177,1274.908448650087,1274.5226730539548,1266.9333626830564,1248.2647748645286,1232.0832586718611,1229.2865945248873,1237.9266193082685,1252.3530824007244,1265.2134150182972,1296.5676613757703,1335.4752723526017,1374.169435992207,1402.1543596154388,1418.80281581136,1429.0926801055073,1434.3205922807301,1443.9489912189595,1453.9662673504151,1469.3923278992263,1472.3879130393016,1478.4523838141674,1489.986461111114,1515.8954564505802,1542.5569991624543,1576.3421894158225,1595.8502430215933,1610.1096624852385,1587.5779085161325,1575.456347301767,1562.7556072198695,1569.7958481550477,1572.1394916311888,1579.5381680446935,1600.6853500878053,1615.3847188353905,1645.1628855561096,1643.4111024789688,1649.6429397647921,1636.9261108080352,1644.0722236233219,1630.0060755236925,1624.549711997687,1610.8061688572407,1613.8036007533315,1616.609422594949
2470,403,Paulding County,county,GA,GA,"Atlanta-Sandy Springs-Alpharetta, GA",13,223,,,,,,,,,,,,,,,,,,,,,,,,,,,,,,,,,,,,,,,,,,,,,,,,,,,,,,1441.4362023899855,1455.9038783233968,1460.163987991613,1445.8894971910074,1441.4045006595973,1441.917790218027,1451.5976660835113,1449.7320519468979,1441.3803628356347,1443.1637406127948,1453.983186981759,1473.7601781186092,1501.409545971316,1527.732549339844,1549.1660252720758,1564.314337970097,1587.3321721632685,1610.3280291996593,1616.6362220764693,1628.836941337795,1641.778864383463,1661.346462384968,1674.7471713652124,1695.4520226463376,1721.0099041003684,1742.4058318425216,1783.861842470068,1808.74444145436,1839.1025891680006,1838.8258360559053,1840.6064526803755,1832.3355921913135,1830.7344821761922,1829.987320486783,1847.4263381750047,1869.6644141589118,1911.044579476942,1928.7293120263846,1958.549563019525,1955.5336280569434,1969.6845846652975,1961.146678296717,1974.4930783931716,1964.3475277443176,1958.0778756437267,1962.788406532089,1970.7695346213102,1978.975696799014,1971.637836474486,1979.4795344851254,1986.1421332419434,1994.7010701993347,1981.6673719772023,1969.5663771353725,1970.1123944485932,1983.3613473888272,2008.5121817846289,2005.1922002128929,2010.3483258247197,1995.6927038192753,1997.7114684057592,2020.386090820716,2039.614946987795,2062.6829540491076,2059.5146690382703,2069.7131878374557,2061.138495375734,2047.9357216509698,2039.9914975818692,2050.1028525744055
1607,404,Charles County,county,MD,MD,"Washington-Arlington-Alexandria, DC-VA-MD-WV",24,017,1528.5781628331395,1541.6456452558996,1538.5661204881815,1542.0902332379299,1535.3181228236062,1547.0348632468556,1559.540313740647,1549.697424926133,1550.9054183371147,1547.0666086256356,1574.4137587781918,1580.9828462221435,1587.5659007874378,1563.9003191954105,1553.9242710178946,1558.5803746283239,1566.7325976744376,1587.443640099396,1593.2128491708306,1604.6342286714082,1595.3460428356123,1591.5388588298476,1614.3808357680755,1624.1508662043227,1617.3277017782998,1595.0927169992242,1582.8325470382224,1592.7411955904824,1596.9980246433213,1612.408163017065,1612.4326601569644,1605.3614187172452,1610.3688356404066,1607.6526949488973,1623.719850483021,1611.2130101497442,1631.2882726687856,1629.1282952718857,1646.742546402504,1650.3877011711977,1658.0592429618698,1666.1035715212383,1667.706261846624,1660.406786914665,1653.9489144359998,1664.2618802175339,1675.9622363277633,1673.1685514299575,1667.4092465744918,1675.606719050178,1671.5898121828461,1677.9530596318166,1676.5332531622162,1701.2465688507964,1696.0307280902985,1717.0392619850331,1716.276740981279,1711.3470789668831,1718.6020370010324,1726.3154733155777,1736.8848294765517,1721.7287832455283,1725.2606351022268,1726.5058346981282,1720.759722211137,1749.1495528190194,1789.2993824253758,1829.7514677817435,1836.0093183461256,1844.2224245847906,1858.5014207849779,1872.641166027053,1872.8373954218291,1889.925865377023,1914.0762358402017,1951.1563624700636,1973.4818015014628,2015.8648768279347,2042.2874143277827,2065.5514007211295,2052.8069557847252,2079.835029658947,2076.119509587109,2079.5023845227984,2069.544855336053,2081.7886037382486,2091.8245669922485,2101.214025233212,2108.3227767241547,2131.167718385872,2136.4170952020854,2141.2470304613366,2143.7902361415245,2149.314605017115,2149.1378627570434,2152.2251362133397,2142.745306518233,2142.710560887079,2149.0011680797315,2157.6594516021714,2191.2096026559616,2185.563273256019,2201.8290668156856,2206.15517534953,2246.0222224658582,2246.3000241706927,2235.052551207916,2190.606404990015,2210.7225720480833,2230.857344925514,2290.915645845804,2301.6963833355217,2327.8490006474276,2344.784506418742,2391.671430137378,2396.5180341998544,2366.742131461591,2355.6373711962565,2328.8839034338685,2345.607583245303,2340.3679983426287,2372.6985524851507,2363.1346801346804
250,405,Maui County,county,HI,HI,"Kahului-Wailuku-Lahaina, HI",15,009,,,,,,,,,,,,,,,,,,,,,,,,,,,,,,,,,,,,,,,,,,,,,,,,,,,,,,,,,,,,,,,,,,,,,,,,2230.693656709189,2259.3925216443945,2471.647125900932,2624.4946450206367,2662.375882617027,2657.7152265374684,2761.121242241508,2851.9800206498057,2921.783225995133,2821.7479958276567,2786.8280479055984,2849.8034948768586,2990.3412486382495,3077.9905794663605,3114.3386453901303,3136.9082471215147,3186.230930733229,3098.9952817217245,3105.755636273654,3094.1049387724097,3129.0840191158068,3074.0860840208384,3076.9869414363257,3198.0817450643126,3338.2584463135836,3386.949679899279,3349.253482457186,3281.0749966448407,3264.181630952053,3272.5097564766443,3288.0586082090877,3326.959163564121,3319.455827199444,3340.089982499497,3381.8051265958056,3381.8793442616698,3350.1979789935476,3441.986625287589,3655.769341045209,3827.333744660191,3823.279006317015,3693.3361411291585,3690.4282916096654,3664.6903241062555,3666.4881631143003,3573.786386514141,3503.5897884913416,3505.8012620941545,3572.7039168445067,3704.856518244957,3704.77928354118,3687.317971380471
2800,405,Middlesex County,county,CT,CT,"Hartford-East Hartford-Middletown, CT",09,007,,,1118.0243161008561,1158.992574548404,1163.6383317703646,1176.0434040345249,1175.0239486342737,1176.8549516103872,1191.3832432203178,1179.697012256519,1173.2063200763878,1177.3517872387745,1177.5656352916903,1187.985982186229,1163.2172966253224,1187.8962725547526,1185.0135500570836,1213.6363035848815,1205.336087241161,1215.1706357649293,1208.068108038751,1208.5286777917029,1201.1113150587944,1191.670677605622,1185.079858451988,1185.8168664437874,1192.0920086834224,1219.2281942666068,1238.1007201680623,1247.50939494116,1242.9123302457115,1231.2875778120826,1208.6777580593819,1203.2750422604454,1198.8640338793505,1215.1978444111612,1215.0258043069705,1220.2930516651074,1234.5369317752466,1232.240393138909,1249.680312856565,1264.057275957302,1272.7923074595167,1273.0605615192871,1267.358751858207,1263.1484493761413,1262.9992787755252,1239.2543589832426,1244.3012144968568,1239.8368142711363,1286.7329713410618,1296.8716462153593,1322.8441528964236,1319.0810691789445,1334.0284397444957,1311.6418622184801,1301.9754403567126,1290.2791991057727,1310.8683922020773,1303.1795934454835,1314.5392158068175,1320.80055432067,1337.8959668745963,1345.0010408033056,1349.1668844343897,1362.9834899055522,1377.1686173264786,1396.980165742629,1404.7513950057248,1409.4816585718672,1419.8372196121513,1435.1927280668563,1447.2424836670107,1436.4128119596958,1430.7553834070939,1437.5215575842033,1459.6937503512065,1486.5099173526396,1501.2830951158944,1514.3833328204616,1527.564430107479,1530.2572959266136,1539.7235048409455,1549.7835436854737,1569.212466006427,1568.7840688168765,1586.126123224504,1594.8629727133416,1619.0043194083737,1625.0666094670858,1640.6585857592888,1657.1041038814408,1654.4757783998216,1664.204877035922,1645.0465394126436,1649.5808218414047,1676.1070015170712,1706.9005537762719,1732.1627920632668,1731.4385242101835,1776.475838322199,1805.5169807580005,1829.0744034222325,1829.9505499825168,1825.0284254631194,1797.5331902664338,1766.287419060513,1747.4522837422692,1752.8307006371758,1766.5415163047298,1793.3713667153784,1832.0692746516347,1872.970722252382,1907.68800446725,1923.382460172146,1953.7717504372365,1959.158380891476,1960.1608094656606,1942.3205010104682,1937.6880708961623,1939.6560238549937,1944.5834241062325,1953.986231884058
3149,407,Yellowstone County,county,MT,MT,"Billings, MT",30,111,844.1466512011019,848.800318767075,852.1385776197751,859.5728351155832,866.9271562144338,868.7366211507879,870.0897471971447,868.1956130736776,865.0082522155699,866.519362619164,862.4947266786087,861.420821714367,859.9433117214078,867.7968801477859,874.7982658991418,875.6063500367478,872.9965847647394,875.629236534532,883.7337296297875,886.7025758072972,890.0699959090945,881.5118514019296,877.6840221977731,862.9796798138358,867.4881741797435,874.871028773617,886.429621348304,891.1829248189797,889.43482434441,891.5307726409129,891.6467069691133,892.8232639159916,891.6933569487927,889.506064840914,888.4869967603734,883.6526502865314,880.4781945108238,882.359908469413,887.1987036500138,895.763692331774,898.3945706333789,906.811062658603,910.4293399577668,914.8923962275918,912.9065753661639,914.2569750998426,913.5559048429672,914.5773687747022,910.5954869689183,912.7014805963828,916.5946790128877,926.7522410569118,933.0824974547489,937.5998470728706,937.5098011591964,938.4997281270448,936.6972350898567,940.8741088011474,940.1143525748593,939.6076962996058,938.5269087554708,943.1163003083757,948.3064100156768,947.0595452379321,948.8122891002207,963.4398664758095,984.1988823245953,1004.1051654103367,1017.6143139499701,1030.6888807558091,1033.7397179603097,1027.7857382624875,1014.370942302836,1014.0204205728409,1023.8298637892776,1062.6217018087984,1091.0416099808797,1126.515576203734,1136.7990654119726,1143.0560676867392,1146.1103799658108,1151.0865130169932,1163.9146521043083,1162.2082195049863,1159.3977683137516,1162.1866238640378,1179.6944668239062,1205.1704340898498,1235.136026220515,1257.205436728877,1274.7843910772856,1291.929273437232,1289.5544896679435,1282.3433437531305,1261.13399754198,1266.736384630135,1275.4716373887566,1285.573564691965,1292.7798053088225,1298.8793814969792,1315.9055377008651,1320.421854916943,1323.8399443102448,1329.093913074718,1327.4384227469602,1320.7039741473473,1308.963646497356,1321.9859103775398,1325.768266233801,1324.5018851005918,1317.0296970815532,1332.4794680480109,1344.5455028069168,1360.2125553059245,1361.535001086951,1378.9877856726648,1373.6112274949858,1379.7532580955562,1368.2209061351982,1364.7977927655827,1358.3308413476866,1359.3048468243694,1371.571373071373
308,408,Rock County,county,WI,WI,"Janesville-Beloit, WI",55,105,,,,,,,,,,,,,,,,,,,,,,,,,,,,,,,,,,,,,,,,,,,,,,,,,,,,,,,,,,,,,,,,,,,,,,,,,,,,,,,,,,,,,927.104455994247,933.1611704748409,950.1236952145653,949.2688149756025,965.7275877099075,969.9690025585842,975.93034051196,974.1618072296504,970.2438872118361,960.2480476929256,962.8492691310711,963.5367422267959,975.1323849971737,975.9387420141702,992.6867597952889,1008.2636448085726,1021.2714255446776,1037.2730108407923,1036.9053978778707,1039.4679183335654,1039.6605528031102,1046.5682151162532,1050.8818380845023,1043.4347383216825,1038.1867072129037,1059.8646568246427,1064.8946527459425,1082.110957526225,1072.2608831452073,1076.3407036327228,1085.031427126622,1105.8147340364596,1119.3274035678862,1108.4376744600393,1108.8604936949155,1104.4598966902477,1127.577186786475,1130.332873900109,1137.952380952381
1975,409,Portage County,county,OH,OH,"Akron, OH",39,133,,,,,,,,,,,,,,,,,,,,,,,,,,,,,958.0754628487066,954.7968276592321,965.6344565505692,953.8296360962202,948.7942171592622,,936.646566531411,958.6481123165136,949.6749006922661,975.6521106397144,975.3200786832278,992.3914007439846,1000.5305338482929,1000.5684379105037,1001.1568848804422,998.3753392587613,993.0044007663357,989.3006687195016,996.8382831192034,1001.4359592689331,991.4312795579117,986.1977074264042,996.7134880540573,1023.5945520277915,1035.7352699721175,1039.5580452346333,1029.268569945473,1026.9010017291916,1015.1885910492989,1017.2014288542317,1024.5055946089278,1021.0858348572822,1020.7252020434039,1011.2769349805277,1030.2589764337902,1044.5686715662941,1069.1432957192724,1081.6761424701122,1096.7123974103763,1096.268714705371,1093.2509131130344,1080.1857097586899,1074.6763999529464,1077.278255859358,1094.4419075800263,1095.112852983963,1108.763588048201,1122.292354369595,1146.0808993966232,1166.079470689366,1162.5052305127563,1170.848451955893,1158.2039383218184,1149.889707932748,1157.8177348661136,1176.0769176103927,1189.9112464089378,1206.5859931409336,1218.389451891032,1245.2666591779494,1249.6350818406581,1282.8608238366776,1298.1688160701638,1310.086672484767,1291.3135815316427,1283.8260254939912,1291.5213047655711,1300.0628408740783,1306.9274617162525,1313.8419568587183,1305.2437998378575,1322.4442934977747,1333.9470513758665,1370.1947201963992,1382.8303991539005,1385.4141637187286,1392.899788150709,1384.5582231674236,1385.1560755609319,1366.1071015996474,1402.4826206614055,1415.3618355383328,1422.9792349572624,1402.2716201452242,1401.6235587980348,1440.073909772459,1461.6730922941142,1489.6633128123801,1480.6567644652116,1485.5341937413677,1481.5875760671229,1475.3298464028248,1475.596103991884,1473.412104255022,1470.4647435897434
2714,410,Hampshire County,county,MA,MA,"Springfield, MA",25,015,,,,,,,,,,,,,,,,,,,,,,,,,,,,,,,,,,,,,,,,,,,,,,,,,,,,,,,,,,,,,,,,,,,,,,,,,1768.4477043058766,1822.5664491333569,1800.7191869203828,1853.88226935494,1831.6612417949682,1831.105063864482,1818.176059521135,1864.4068061753746,1935.3693760883154,1951.0423498841967,1953.381229500523,1935.6555688619376,1970.6129425139677,2003.8524567583897,2007.1332260686968,2026.61087738773,2054.4654476627884,2073.1138912157403,2072.8329031729395,2064.111224439973,2088.7717689781834,2111.237644478494,2141.8397368089113,2189.8035684809493,2240.865758124224,2238.578785490112,2200.7756198349894,2204.5671040345396,2236.8569356112075,2257.832581610426,2232.408518729786,2210.3077283851267,2210.830581856478,2213.4341935853786,2243.123801942688,2282.1854595385275,2311.175613892357,2301.6278794100494,2323.813756438535,2336.2923659344297,2394.618247513235,2346.1342047468893,2312.303819465223,2298.894128291528,2345.8962925244346,2394.5203353353118,2418.963402380705,2418.078150631865,2404.7728960079094,2395.6805053696344,2407.9
494,411,Ector County,county,TX,TX,"Odessa, TX",48,135,,,,,,,,,,,,,,,,,,,,,,,,,,,,,,,,,,1228.2832163404498,1255.7034756918804,1287.5266866223913,1344.429981370549,1355.4148313760902,1405.5897791306684,1432.5581790532299,1434.420220130308,1453.2386216348914,1464.6605934919455,1540.3944184022869,1540.1783616976882,1551.7239823223495,1512.5280105956022,1511.6577830305628,1563.1106119737372,1571.362814686107,1599.6371654662264,1559.4730085136912,1594.4706144084435,1611.7437495648583,1625.9064807100813,1584.1441694227144,1545.703296854833,1519.9121451069586,1487.2941140395378,1467.9026686823147,1452.621493798879,1449.6817250545212,1490.3555288591745,1446.6480193819561,1393.7700782628779,1312.528417855007,1299.9941290940346,1297.557799419801,1273.2452436005449,1252.7560063075168,1244.3038403474357,1243.0289779720426,1248.1032510087841,1247.612891443539,1252.035938762699,1240.343144452135,1231.0816032591306,1223.8868542291814,1210.5959949789676,1215.3075893022838,1221.6916875069915,1240.09771803755,1232.5325622242115,1234.008020606795,1232.4484497032288,1243.7638756485612,1260.9908336390458,1277.4840855163616,1301.83351515212,1333.4311437200886,1379.6763743325935,1408.7487388634866,1417.4051131885903,1429.3863915173722,1439.904784885558,1455.0872449257963,1459.222229576391,1471.4571507069265,1477.8715870747365,1489.1528353942815,1506.971429944794,1532.2372858107242,1559.230741111473,1575.7294475615026,1573.672818852794,1557.9062971546025,1548.31368946299,1543.4834807809818,1555.3612324898113,1567.7589936860732,1583.236556530994,1574.9196071166384,1569.3557352884573,1575.8259183458586,1587.1060074956804,1597.269565050838,1592.0277203760982,1596.219406023562,1590.4216949965792,1578.009611304494,1564.7687717835265,1577.580723855517,1582.2230245276223
1782,412,Houston County,county,GA,GA,"Warner Robins, GA",13,153,,853.1760850090662,854.860693957516,858.4725744874855,862.596313415928,859.4625799900575,856.7905110906931,852.7059222091408,854.5693864424647,854.7427244157309,857.5419581247012,856.3062460434987,863.2895783906819,862.9366139374915,870.7599587827,869.029423715128,878.6377570635359,881.3053850733488,890.8818250138834,890.1717605994038,885.4566685124736,882.058706885287,883.765102883362,889.5862358376536,886.6533448705197,887.4368672294369,889.5762604926132,900.4518303367809,903.7439548786236,912.2550541632861,920.3029105127617,918.8224438680473,915.929196352287,909.1851972596212,910.5332513055786,909.2532391378886,914.6572802039035,924.9970023424221,933.0851831634258,931.1010360775954,934.8964835869009,936.8608776922526,945.398040308937,951.6154581256878,953.3837551431742,956.6509396286316,949.6639115494918,944.4162926489822,944.5398770652992,951.7088300989022,967.597590114963,973.5840641738649,982.195864306529,984.9401286554058,989.4266488976767,992.9399522633546,1006.3526307022053,1004.5764739140533,1003.9383126805332,997.6392400231504,1002.5908472308747,1012.3370240938797,1018.090381695357,1019.1382838094327,1023.3052450154494,1028.8664659004996,1043.0115169999297,1051.617812522825,1071.1517852457655,1077.0982515261126,1084.382943574938,1076.1839795093617,1082.6000675724324,1089.9179768106683,1111.2376067022933,1132.1355006635863,1157.6947567796701,1157.7232783395298,1166.5810464352446,1172.5912189378128,1208.1601925246048,1232.0144771855125,1233.4663812607837,1235.2016625366828,1261.1295636839955,1280.8096716032126,1303.0872390139477,1307.107718197817,1319.7125945664752,1331.8224787479635,1340.4070715242735,1376.6306805536049,1367.762041064397,1382.1438944775275,1370.3530526673278,1389.048282253446,1385.792121793128,1391.6857932897915,1390.1176990576039,1403.0307214908632,1414.0864310978893,1438.1148795145093,1448.4599826724777,1459.8928631494366,1462.9349963752736,1459.3229989531555,1457.8736574366617,1450.7434181523233,1465.5482378414397,1465.5148170599703,1486.909363126102,1488.0005838550544,1503.6095477631968,1498.786275955841,1495.3299531697378,1507.4784367464063,1517.9324280927813,1523.5098013728445,1513.169431142524,1510.9132555143215,1533.6997174559965,1532.5857415427224,1538.095172413793
2923,413,Dorchester County,county,SC,SC,"Charleston-North Charleston, SC",45,035,999.6425682677993,1012.5033918079255,1013.7777468098953,1017.4041393146545,1015.9955119938533,1031.6977655898318,1034.0663425444316,1043.831906374725,1046.014916991491,1053.646610415497,1050.2673548468267,1048.5186976469633,1051.6518097184737,1056.928400650276,1054.1423201418481,1054.94636093996,1067.083696595036,1088.3339227844722,1100.947171691747,1101.269114966657,1096.8935127120358,1090.6558046785358,1097.5032428984869,1092.0118295457132,1102.4039322798171,1102.7243027466766,1118.0730454468928,1126.9732417775906,1134.5004447224255,1141.549548799238,1139.564104648659,1138.053459296037,1134.1475778792963,1137.7260227431032,1148.9846863778782,1152.508752021712,1156.69269850918,1154.7131432460885,1167.4572750727975,1175.0413779659368,1179.7772027233063,1177.2219566216493,1181.7926192428802,1185.585236047429,1189.667674329484,1190.7647842372721,1193.1961864770517,1194.1756820156866,1206.1004522654762,1205.6161827528072,1217.2745286484655,1214.349996804273,1230.4638908189495,1234.4620428191042,1237.0052560907848,1232.5096479047713,1234.7986863896533,1236.525842633665,1246.6048974901869,1247.9328317599425,1258.9706868355247,1258.328918470563,1265.5551894746989,1265.66774095096,1265.8444581861747,1265.0033015296724,1266.1874517561573,1270.371253600585,1276.856474688121,1283.7265654404448,1285.876198962576,1287.8286141159188,1292.3469684385161,1301.0663335505994,1310.7864877356583,1327.9389477908323,1350.3839765572354,1376.559665192783,1403.9270551086051,,1458.2450449597284,1483.4395873575622,1485.0263287207972,1494.5802225579146,1488.3074832957307,1490.5166674417594,1504.9271432416272,1521.1935498066223,1542.8566964157424,1569.27543223592,1588.168783109855,1608.3483319454078,1618.4465198534251,1625.7990200682566,1634.2356247118748,1629.9064553065132,1629.6390212210033,1618.2104808610504,1632.7583371847575,1650.1361612696485,1673.0208292628638,1693.5099954995703,1708.5355701494311,1727.6505626345777,1720.4138743564497,1729.7849622039219,1721.3056174326657,1742.1547143541525,1732.407841738457,1741.4186920537386,1725.6761775443802,1721.6805184600485,1720.555634708975,1739.286270754628,1760.3068270533486,1775.6087234073573,1770.1477635367635,1763.9036792160866,1768.6441711533698,1760.796118283029,1763.8379434249343,1742.1678649974074,1753.3494076374511
3004,414,Rensselaer County,county,NY,NY,"Albany-Schenectady-Troy, NY",36,083,,,,,,,,,,,,,,,,,,,,,,,,,,,,,,,,,,,,,951.2201647474391,948.184479207554,962.0424775491672,968.299133321195,975.0592323032267,975.5091700467224,976.7236676056951,971.2786284336402,1019.0790168588628,1014.0584669003574,1029.0400763760929,1009.6501258845918,1031.7872147717198,1035.2177447949412,1018.3304387696588,1001.9533538323665,1009.9611163384826,1022.3487979748113,1046.3138004021612,1025.963164237145,1020.4922279282066,1016.5276844477237,1029.8510573279395,1046.5827582791867,1050.862505395231,1067.752459368229,1061.9240630831596,1054.3806280735962,1053.4613179157514,1063.0966789567724,1085.7959181730832,1095.5731495945188,1105.4258912098005,1098.6084364083722,1108.6355939268578,1100.593879772144,1152.4260746382117,1177.5073418362915,1196.5683925417163,1168.6786679734698,1160.7973130272053,1152.8699252898248,1160.3525626175447,1168.13761529218,1207.627293321696,1216.8338904062514,1231.5973216593354,1217.0087841012096,1219.9995364566946,1223.7744345102055,1259.3729547480564,1258.7691103332006,1263.800557021722,1266.4953055171773,1288.4665755654858,1299.8461900558061,1296.533550381494,1288.3663775783916,1286.9718687063055,1281.9767582734225,1305.6217234071682,1316.6163308195216,1328.9629954049572,1304.7433704874745,1324.9420004935505,1337.491439154614,1370.6664814798569,1361.3386075899814,1360.577271269313,1339.2735483157894,1331.3988154432516,1329.0516388715482,1350.279495982129,1382.7062958577087,1412.030308235156,1438.9478323615697,1443.626819405785,1448.100513570736,1420.485437350717,1432.3125524289783,1424.4197732680934,1455.683481277186,1474.6712846385376,1476.7451896007096,1499.480981721994,1495.0447063721651,1538.1738095238095
1951,415,Olmsted County,county,MN,MN,"Rochester, MN",27,109,1084.874986222536,1101.7424958055485,1129.1982649112842,1132.5419413490563,1151.4929330554157,1142.2653400825916,1138.2597100458188,1138.729020111912,1142.1940726657729,1148.580400732036,1145.9635339397473,1138.7502169263605,1150.1816303434198,1169.3955874094386,1180.9431876183407,1167.1378026999607,1160.9617764103089,1167.5371501942802,1183.322980448289,1174.9930613491174,1180.9700501154707,1167.2407947607312,1163.9146984487504,1160.3150639071096,1191.4941063633428,1206.3902798457923,1219.0423957828484,1217.6970390552553,1231.7884952550492,1223.492002147589,1217.9673108619043,1206.1576160898928,1206.779776559436,1189.025294507765,1181.7933565506537,1184.5809235381125,1184.2798516248004,1178.6978143896968,1189.738000055887,1213.1308983430297,1242.1739218652929,1244.76684372233,1253.2090657610004,1252.8054461887536,1266.4697712814232,1269.888032647338,1274.9747389957495,1265.949874589908,1260.4817131258217,1266.0425609578065,1269.1002700345223,1281.6205468580395,1287.4991846823596,1298.9020584444027,1295.2048315099462,1310.9919501216818,1310.577514032048,1315.4037959602817,1300.0261951396722,1295.3592005140256,1295.8632244815778,1299.0645928745078,1311.4651927591854,1321.0013294204655,1328.460384741234,1310.6675698709705,1309.9986391774983,1300.8084996803434,1298.9455789903184,1285.197925005476,1280.0520754388824,1295.0595742205048,1307.773115402375,1325.6507110032182,1340.930081051078,1359.5004266109177,1375.0987624294323,1381.1886472145702,1385.7356871683014,1391.0437334614246,1389.3058386905839,1384.292027414545,1382.425042904434,1396.3293614394595,1414.8448021974787,1430.4686480667326,1451.313842916253,1470.5109275803607,1491.2640382085697,1504.2021253654407,1511.4675826268833,1504.8023567752189,1497.933423788316,1491.4083736755429,1492.1747844158376,1502.2063120964592,1515.640389209933,1532.6663480833229,1529.839411252083,1538.866849108832,1549.6103339377573,1572.4470627463347,1566.632471228393,1556.6035798136313,1539.1881835595916,1550.481180270626,1541.4133133538278,1543.7869705200605,1532.2542123696667,1557.5884371882312,1577.6094176719826,1592.6972110633808,1607.0267224022086,1614.2590901407623,1614.5599247525631,1602.4697705319868,1590.1618850895181,1602.0535073869717,1614.6792115730393,1623.2878432475532,1629.1064864332945,1638.2748318011663,1651.919191919192
1802,416,Jackson County,county,MI,MI,"Jackson, MI",26,075,,,,,,,,,,,,,,,,,585.2407599012697,586.6511683534251,589.6122589836136,586.4056879826517,582.8809178717121,585.7830316464925,597.5124408330988,585.7070212601129,587.8968788075612,586.3620398207918,635.8671752779879,644.5581245030032,655.0786995847521,631.5678232896598,642.829826240457,634.8050457797768,629.201061699957,625.5737919256917,642.2654856434118,643.0925526147604,642.1990079079562,630.1753091786505,630.1254253417667,633.5508878503931,643.5821112885859,641.1060272864897,641.1250342204628,645.5615853081346,642.7563335066804,645.9364852508065,644.4493214887535,658.8319025222962,662.6798333989988,662.6296651063376,669.4092384132022,666.3098447764846,673.6440020211733,670.5397740147271,673.762306378214,679.2624451044029,691.2408411198971,707.1517906726588,705.9216429269281,704.7119613680427,693.3918053195798,693.3205621542309,693.7143903157086,692.3551473068367,702.9877002726016,714.3284360466222,753.0384247426456,,775.9114463957823,751.7692336442881,748.8206188104695,738.5972760738553,737.7444525095988,738.8034951701549,732.2214080030326,748.3025439757828,778.6276191120448,798.9204209441629,817.2352909339493,829.1354000602149,849.9987170934216,838.8724912353242,825.9341912358275,811.9963926069331,823.9315786610489,817.472304112312,830.5937942612549,843.5578784102493,863.3147366588817,872.0625978108761,877.2629105640968,889.4111125973251,895.1849500960278,905.6262719883331,907.7052773777076,914.7360538770886,928.6066949923879,943.3823599223629,948.3462331431714,932.2115093165123,931.5766191265346,947.4916289986381,958.0862550286791,958.7487440842044,947.6165108935162,979.9611430119174,986.0710868618555,996.8072335714884,972.396035801024,971.772301398101,974.6910765434108,982.9941056150543,999.4213752975492,,964.1519026446347,974.8024076563751,1058.9191843185658,1063.6696574055406,1065.1283214435584,1064.653934095129,1076.049052323972,1090.4429366705804,1104.2063492063492
2468,417,Ouachita Parish,county,LA,LA,"Monroe, LA",22,073,,,,,,,,,,,,,,,,,,,,,,,,,,,,,,,,,,,,,,,,,,,,,,,,,,,,,,,,,,,,,,,,,,,,,,,,,,,,,,,,,,,,,,,,935.1245389764312,946.8028697172027,947.3085104951527,961.9486807586748,966.6866682229657,981.7503905612515,982.3509652496937,980.4609383320903,979.7113925063569,975.1806727926534,980.6776122131268,982.2114984487,990.7845736677147,991.9170932711313,992.2213491913457,991.3572602346709,990.8963316928824,993.7874562388471,985.9516144622726,989.5586127007422,981.9729576193533,986.6863947256019,987.555427577805,995.634906162317,1004.5442543550395,1008.6903303331626,1019.4574578538521,1012.9308059131024,1013.4006482072364,1011.5517858831399,1023.556123579238,1024.4125595018995,1032.0321604224157,1025.4891077444088,1025.145858456718,1023.6150793650794
3123,418,Saint Clair County,county,MI,MI,"Detroit-Warren-Dearborn, MI",26,147,,,,,,,,,,,,,,,,,,,,,,,,,,,,,,,,,,,,,,,,,,,,,,,,,,,,,,,,,,,,,,,,,,,,,,,,,,,,,,,,,,,,,,,,,,,,907.1077381217592,914.5555604996315,940.200895957089,953.2098230953674,951.2890021244059,952.8742096338713,964.5060336180629,970.6622217738593,962.523808935344,957.2125220055381,962.3230131048158,973.4642454385191,985.5716962863876,992.5724241754698,1009.1812151439904,1002.2688478137593,1028.4608348726986,1013.5966290716525,1030.6275330880003,1015.519432389516,1021.7051745205406,1017.1208237568726,1015.178648302899,1024.0572558768986,1030.4971387392786,1037.6823990461883,1043.6101413069866,1054.0940854658486,1059.3386302703584,1063.5619847070398,1085.8142104463504,1102.888888888889
1821,419,Johnson County,county,IN,IN,"Indianapolis-Carmel-Anderson, IN",18,081,,1086.5624653332186,1091.7346843224072,1091.9762030842528,1097.7519708351865,1098.05627937933,1099.0279334843756,1101.4809226601558,1104.4477036659987,1102.420035933541,1102.2370710546927,1104.5938010607115,1101.4281330652739,1099.1572573263838,1106.6410843816984,1123.250984396785,1136.3053468852406,1133.4799257905493,1127.6725383577675,1124.1188266430513,1116.5141302894021,1119.6802388582664,1111.7678522044298,1114.0030737644215,1109.256897033243,1119.8245126087697,1130.4777893260184,1143.89493311127,1155.2036693521864,1155.221339161834,1157.885597487167,1153.4078981583045,1155.4770180597657,1152.5990252426666,1148.8144505634586,1142.2890926445289,1146.4230476741009,1159.550411796315,1176.0859957890625,1183.4236953849068,1188.3831073915808,1194.2611927019389,1195.0565891227534,1196.230931544268,1192.5519488668724,1185.413111912511,1171.1388840775837,1161.1387061483993,1161.875309703208,1179.6111337572736,1200.5393716778385,1216.5997008662266,1227.2233064977404,1237.7561388644433,1242.4973384276204,1233.510636007537,1221.5578377510685,1216.6536420182488,1217.5520445942434,1221.4435391264205,1225.016188514878,1245.0770886741395,1253.7880312554375,1268.961365813776,1269.1751684978658,1283.8115137977927,1285.6339522129547,1301.317727249712,1300.355505095892,1312.256785988422,1309.4516820710462,1316.5848204792096,1321.9590245122724,1330.7720014068213,1343.2458137652634,1357.0687682154355,1377.6306971126733,1401.0486537157885,1432.677213522629,1443.6348285839504,1455.4383882137606,1453.184771528563,1456.5456546351543,1454.6154155190018,1451.3256264246386,1459.6179496814439,1474.0280079684828,1493.0201254927706,1511.3830367706637,1536.219425607053,1559.5418104814664,1570.6319368061122,1582.598725668031,1561.0204325350476,1561.3297055735193,1540.293583819353,1538.9467759954953,1537.9042547339502,1557.8509466420303,1580.5751030576732,1593.257225983097,1594.0793046432627,1605.4003684696197,1605.9978713722044,1601.7751766556833,1592.0948260297062,1593.2933344437715,1611.4285616633354,1631.221203375369,1639.19523117887,1644.6276621497448,1646.5035137874488,1678.095962412937,1681.531198391246,1692.9710026315352,1685.397545351041,1694.18715869707,1684.307535447121,1682.7076864241592,1694.227701322824,1708.6963580145969,1716.1371979260239,1714.9415584415583
1604,420,Catawba County,county,NC,NC,"Hickory-Lenoir-Morganton, NC",37,035,,,,,,,,,,,,,,,,,,,,,,,,,,,,,,,,,,,,,,,,,,,,,,,,,,,,,,,,,,,,,,,,,,,,,,,,,,,,,,,,,,1210.405547325379,1200.4722608420864,1203.9694702932075,1207.7735212431726,1235.923153949643,1241.9963779810635,1272.0068507526812,1298.9480488752974,1323.5517406313015,1346.672976002007,1354.069493569307,1363.340474652348,1357.0907849360008,1343.9204708129937,1341.0136145316421,1342.0265890446253,1351.63995285121,1355.8063220643455,1353.5409798152239,1366.4405850899702,1366.2340436203945,1374.564211719895,1373.4906514196755,1383.6195251116294,1375.2878985291497,1368.9816327049512,1352.111028406639,1360.244633557442,1357.1020234954149,1374.005600541867,1381.4277017425632,1399.011691572543,1404.1304758636743,1417.3767509468432,1420.5695994215994,1420.1445712849993,1408.4628028343468,1405.3637129071747,1415.0751947330446,1414.4795321181875,1419.7033180256647,1419.83547008547
930,421,Centre County,county,PA,PA,"State College, PA",42,027,,,,,,,,,,,,,,,,,,,,,,,,,,,,,,,,,,,,,,,,,,,,,,,,,,,1237.6826617446754,1248.8994990885444,1253.7824695426739,1237.650453440958,1236.1004945436498,1257.4858089884042,1265.8556351667646,1276.311934342673,1271.1107564842173,1265.463466582619,1268.0689452722374,1267.332076377884,1280.0841075935034,1277.92501205741,1274.266940832493,1290.1741136695534,1295.011136570605,1284.43890328534,1255.8555899696742,1265.0977691211417,1297.2929423113205,1288.1630819673112,1290.7200532501886,1280.1438007150643,1308.1665962702089,1317.790750821641,1331.494788350531,1342.4227628840108,1356.550890428446,1374.4485586175938,1387.5622880391186,1378.4740660920434,1379.1040365497533,1388.0475594607092,1399.9319232101234,1386.8286221028077,1388.5234468649346,1403.2366425234668,1422.6275131762188,1444.5509063666234,1452.7940643240108,1474.7106434892878,1467.3546772210902,1463.317463636576,1448.8377887185661,1442.1055342661355,1453.9662116979641,1464.2178519169252,1492.651819619913,1504.88662915694,1525.64955642791,1531.470272907321,1528.9283550494606,1526.5255509250885,1532.2653675478305,1541.7711368144926,1579.065303639159,1573.523566098888,1570.44075419584,1549.926768153254,1555.1522853790966,1574.8369060678033,1580.837934837351,1596.2198855772142,1599.3124025080058,1597.68984015735,1604.2513989768765,1605.5573016675942,1606.2375063301668,1602.2353823932,1604.8493792565002,1615.2863257432878,1636.4902319902321
3253,422,Alexandria City,county,VA,VA,"Washington-Arlington-Alexandria, DC-VA-MD-WV",51,510,1637.0329783472541,1647.2289929443336,1657.6921336258752,1653.46076081113,1643.5402174148264,1656.9168065655244,1676.0077815880766,1694.800477658621,1697.8033665162668,1683.5693844390737,1676.2439805943138,1662.914489198002,1652.2113681769067,1636.9816605806577,1647.9890789682165,1666.1621011679015,1684.7429073427593,1700.7368099557825,1700.5441797493186,1714.8102394305645,1710.3817526628393,1709.3902431124875,1705.6935093225954,1697.0566945013409,1707.909799873903,1699.7704011730646,1719.0753276867351,1731.5531479025829,1740.5024068075,1749.5739936852542,1748.7153666297872,1759.2138420479519,1746.8457079988877,1741.712167818284,1723.157265146835,1709.0951393012015,1723.5762864260107,1732.5251609175884,1773.2841816256077,1784.6182019681105,1807.7782320985655,1792.4570208892092,1792.769844282591,1796.1346313469708,1798.2436436031103,1787.6283011226085,1787.1358165268716,1785.1937519720295,1795.868203973441,1796.4414787305645,1812.9201187049507,1826.855338399244,1836.8076448843249,1843.8114699950354,1845.5348365794173,1839.0086021230488,1831.670032834278,1814.42404192765,1823.6053491809585,1844.7181366773332,1864.1684679256148,1873.5157647908563,1870.3420501475387,1870.3287342073336,1862.5939624721298,1847.5924967459548,1832.4697144099612,1818.8170367899502,1800.2899805461914,1783.132424088125,1758.390894355138,1753.625185809528,1764.385750616238,1780.5346209648937,1787.6072982950943,1795.3241826386322,1811.961824340599,1843.6237051678931,1865.9343485012764,1890.9554237295729,1904.9869672670895,1918.2280252800742,1929.6589472481344,1946.7507975244564,1959.7741399757383,1973.3127511167115,1983.5171088744976,1998.663054661072,2022.9936946219182,2045.0049625373656,2067.3592135142762,2066.4115892518025,2056.4978467825727,2030.1964693797793,2012.313584713204,2003.1742958145649,2016.0762546372644,2034.8156404708477,2053.0808643825526,2063.742609058183,2074.0544139902395,2089.970506402498,2101.59420496919,2109.1210809581025,2102.9422474947683,2102.5652493934995,2095.010075196093,2100.0454350806954,2105.708387628693,2131.462966424073,2155.564214558398,2176.4621577125727,2186.9819373880127,2202.729479074266,2217.947476934809,2223.072884829461,2221.3642295825844,2212.8495184327576,2214.8598810006297,2214.2214634674465,2230.2989925719526,2244.646108759488,2258.3660551409616
3168,423,Indian River County,county,FL,FL,"Sebastian-Vero Beach, FL",12,061,949.3559887327516,957.7000646589013,962.132907016218,966.4947505548831,978.717500468386,982.9056634233302,987.4316581466869,990.6561519905543,1003.839310262191,1026.1981778737656,1076.8994150435435,1095.3351453121495,1090.7728636023005,1049.6698941778616,1046.3856745751743,1050.8855179267769,1062.1583264375865,1051.2284415905026,1063.6560267005839,1069.7979949595017,1091.4764838160181,1085.4201299629915,1125.1905076212852,1147.9122461530335,1173.2816574362362,1158.2309637159758,1161.6400648629801,1159.9716475621203,1159.3605765132063,1131.6166240548744,1138.585535439399,1145.6590024999387,1197.058740365093,1214.3456084436486,1237.1824306294868,1258.5045750705372,1258.5963592947742,1254.4180461324522,1217.4404600404898,1211.1300599387455,1227.8197599096027,1235.219541612275,1262.3001108243086,1244.8271026832176,1260.9878212270348,1266.8349628647409,1298.1401181775439,1300.479596156995,1295.8724028413033,1282.0529067075433,1276.9285574501641,1289.1209968398318,1303.7197948073083,1306.603243313706,1303.7015527747694,1326.1190082405337,1344.353394092261,1379.4300302888985,1372.4425567945204,1388.3067182284012,1367.0438477591945,1376.8693413562742,1393.805883935202,1403.6954606784184,1397.371362974868,1380.2187829624659,1372.913193377993,1417.8161078111514,1455.0651564389116,1501.4785497627813,1503.864322517555,1500.3462926561303,1513.1907854844249,1514.2285299193304,1554.9783933557965,1577.2060056226703,1590.843321676104,1618.964246832844,1657.89796740691,1706.8293441753476,1729.0743605021587,1736.7250244702855,1799.8608026236761,1863.0443526922381,1931.9551933452585,1918.425302045747,1927.7700415770755,1932.6861188523628,1942.0172346124798,1954.334968639636,1934.961788875305,1980.382920538302,2002.1532883517227,2097.8230912821605,2107.813282937391,2073.8773562561546,2049.3381164316866,2056.07212637386,2084.1316329208644,2068.7953241106493,2083.3525441404895,2069.147400157238,2081.3629337946813,2094.1547955524934,2156.249218019611,2218.291334158489,2252.3292421275737,2244.3709178618938,2221.071356184825,2198.1259875264623,2193.7965205399173,2163.486235719411,2154.7629552302883,2160.671077077715,2177.3123903988153,2192.446495902428,2211.928267294546,2229.793404292105,2234.930641724736,2268.6412565308988,2294.140360172677,2305.0195560379834,2267.8570881226055
1176,424,Martin County,county,FL,FL,"Port St. Lucie, FL",12,085,1138.624910916257,1142.3135682983727,1146.4103741862896,1140.6527585119177,1135.7563322724436,1128.5285472317532,1136.1819649224653,1154.4895840798802,1175.0146181972525,1194.9299868321245,1230.0046626799672,1254.1060030608633,1269.7318171841728,1222.3491058632596,1214.7024827480375,1211.7840668982867,1232.4065756049047,1223.043814601347,1223.4552973924356,1236.6910096906965,1239.424064682492,1241.564434035548,1247.772523944295,1265.3534710214417,1285.4005625990908,1303.3391907533562,1299.737657831373,1292.9983714216544,1292.8009333253308,1308.839725326214,1326.6254445265963,1337.175792527867,1343.0254241005455,1348.6902262793014,1359.9066772515957,1375.2922173981854,1389.6543302940731,1385.4221384529612,1373.0097053402,1367.3060810226914,1360.3808131845642,1360.987221045701,1372.2442203619985,1394.1164646067698,1404.887814302646,1406.5978308100373,1412.8182683889204,1441.9777319229272,1451.4771900694511,1460.4725272184942,1431.6695147170215,1423.3063150575395,1420.8936959737714,1436.6316395606389,1441.4910589832286,1435.1851203697402,1452.1281200595122,1495.1288477748378,1532.9503830014085,1530.5860731990167,1509.0030403993326,1504.7321104858893,1505.1264987738953,1495.3347423386474,1486.0621717493937,1490.6455004478485,1499.0392445666625,1505.422734272942,1543.2189249815788,1574.299810513376,1607.529468590091,1605.8177606311926,1633.3094652020227,1654.9087674455582,1658.2604693490464,1655.5346950665587,1654.2486427764318,1735.7634006564588,1803.2390248070087,1883.9836102959252,1903.716198456389,1941.253642362952,2005.3843740041593,2039.6162101164614,2091.3616301260104,2076.4065517845825,2084.0211186666975,2073.0025188027084,2095.2786516790434,2119.364718537709,2152.3016985156814,2156.8371468210275,2180.963593344662,2188.4101527575704,2206.600386437786,2211.927372912145,2221.3862276462514,2220.6821620440464,2213.463872395616,2195.157360580417,2195.5447893190208,2210.5111062957035,2220.757933634677,2260.8909174121045,2280.9610984250785,2296.55712282531,2288.810741617011,2307.929731632758,2315.90576009365,2310.618791703085,2308.986082625762,2305.987163151532,2298.8261119137496,2274.5490064062415,2276.0217227481535,2291.775141493473,2313.7543797245553,2322.331311820183,2322.452733710331,2310.471806848608,2335.958989767775,2365.634462136753,2389.603847296494
2569,425,Sullivan County,county,TN,TN,"Kingsport-Bristol, TN-VA",47,163,,,,,,,,,,,,,,,,,,,,,,,,,,,,,,,,,,,,,,,,,,,,,,,,,,,,,,,,,,,,,,,,,,,,,,,,,,,,,,,,,,,,,,,,,,1118.789582534049,1100.490727830991,1141.5181056951126,1157.8448991894504,1183.301945420776,1196.7382311610306,1198.5417460128538,1216.1186996764955,1222.9301167729714,1225.7170160785881,1240.617190264011,1249.656783152828,1257.01683508498,1254.5576173662496,1263.4978550771652,1267.025315436182,1263.5763918936966,1270.1401831830065,1269.8759967743624,1283.4798842546206,1296.3165744610765,1312.1102852477916,1321.3210084623063,1326.2788545206008,1327.5183671372017,1334.7623940660499,1350.3264396535203,1372.4853838470833,1391.916219611911,1394.581746895283,1384.7859461760843,1382.5606016655195,1371.2830132757445,1400.57215007215
2037,426,Stearns County,county,MN,MN,"St. Cloud, MN",27,145,,,,,,,,,,,,,,,,,,,,,,,,866.5383629083058,874.6443816826252,875.9635267665159,875.3419579919924,874.3794794077933,873.1858182585539,887.7868396627267,887.6276859878109,901.4350172592178,885.3815097693687,884.6070601568206,889.7075992643358,890.7441847017936,920.626837329437,920.1544859847767,942.8206769393751,938.6286806948322,927.3342991259432,929.1432010469099,921.833656035472,943.9086453633524,943.2698600397082,962.8941373776752,965.0158811225771,990.6889400151019,957.5271630732074,958.8150869466567,967.3342572970423,996.8530096241601,1020.891875929741,1012.4269288342776,1023.4618405608456,1010.5772464107594,995.9105180439844,987.581558107135,984.9269194006621,1002.4342898277343,1016.2860139522719,1023.7167857741308,1019.037315907264,1006.150433581612,1013.6888204686371,1015.7607819151222,1029.0996168960448,,1056.623682899247,1061.3143262956178,1071.2582327656544,1064.1027500976347,1069.4046152929802,1064.7988093938468,1066.7410602210737,1066.728426597344,1083.6914801895473,1093.8019170267264,1103.764527544606,1106.5977397335125,1104.5202454023558,1116.4555164213214,1135.6817757402594,1166.1973641809877,1192.9743027517807,1196.097345742999,1213.3323567333468,1212.5099321211985,1239.484298276371,1231.9389361398853,1251.84725193461,1239.984431295395,1239.286194815972,1226.867418535016,1228.3075696978392,1239.6623558273525,1245.1907463556463,1254.463067009184,1261.199502609835,1280.4282062619507,1293.920966445916,1305.1216566146961,1304.8222891279804,1287.0124774592293,1272.9297864198918,1254.8022486289617,1265.1192632809343,1268.518480826704,1270.8068128994646,1289.0426157512845,1294.9600710425332,1299.5684483233322,1299.7118791611965,1301.910848409898,1329.9857827922117,1317.8178538211146,1323.2881048129987,1308.4768329869,1317.973020919436,1336.262582374162,1355.0820480525615,1374.3701630502228,1388.5722222222223
2695,427,Fairfield County,county,OH,OH,"Columbus, OH",39,045,,,,,,,,,,,,,,,,,,,,,,,,,,,,,,,,,,,,,,,,,,,,,,,1186.002599619656,1189.6369522899888,1200.3783655091925,1213.679887522418,1231.5404517120473,1223.7791070031153,1232.8425466286192,1232.9206310785135,1257.4845297345807,1271.0470231409313,1297.282491098033,1288.3330583319307,1281.0069090667505,1265.7340675374926,1281.3806966286197,1290.003027706266,1307.6799550397955,1307.085804387713,1304.2838064072637,1298.4456750350425,1307.5687460897843,1319.4472020132025,1336.8681386096657,1343.3178850302065,1346.5754464061035,1336.5393180604106,1343.6507079161424,1342.3833417861351,1368.0254811866475,1387.5620544138837,1433.9255669430402,1454.351128246814,1474.956453727258,1501.9543535607907,1516.4242838381626,1511.4197894026179,1505.6523978940802,1505.4770708387412,1519.4098818430177,1515.1473395314017,1522.5279607180948,1531.32352758963,1551.3853834152037,1584.4514872933507,1619.8288384278867,1636.2827224340706,1635.3852129236677,1649.460701279943,1660.9200224401188,1658.7376511296893,1633.5080344209525,1629.7791582512136,1651.1378052751224,1670.9785773900085,1681.1639582362277,1684.1830614609926,1713.3320446587365,1732.2257835379833,1725.4160881972207,1714.2799813881306,1704.6673370715991,1719.4698864423729,1718.6297388626112,1728.9843740329045,1741.1935877478186,1746.1297108442202,1770.4445856516509,1772.0890485686245,1802.5443969687713,1792.0283944835621,1808.7423669449292,1808.8093402726672,1842.5227298049901,1831.9274713310504,1835.7172324296575,1823.9663252711362,1852.873015873016
3137,428,Schenectady County,county,NY,NY,"Albany-Schenectady-Troy, NY",36,093,,,,,,,,,,,,,,,,,922.0653370189639,908.4237131557024,925.3388272564904,930.4628307372525,939.2241910535708,942.0774125235315,934.034909014313,944.542354086561,928.9952212713483,942.5595721454766,929.8445196631677,938.3619440948665,931.7436703838111,937.5381920155206,948.839086120768,952.3375205831953,949.0846914180153,948.8842932834618,949.6002861234556,950.084182580183,937.2076342532931,948.8806199854994,943.6223961610289,960.4778474707274,942.9203552687367,956.2051528661649,949.5983174513575,968.70345042154,967.1113224218666,968.7438848273671,965.1216836368901,963.7717029819364,974.0678236408752,982.82044462531,1006.1612794005702,1007.9077187392655,1012.3391160738438,1003.5871692526827,1015.0874043899465,1020.7458668743898,1020.3122665966378,1006.1673184397551,1003.3395134103451,1021.2709537579002,1028.4591201678118,1032.3170230893481,1026.7570830004981,1032.308484449278,1024.2110625059895,1028.9306548117347,1028.1711582788475,1038.0449168063692,1043.4876779587114,1046.1186348534254,1041.3170896817765,1022.3509664575066,1032.70768780429,1047.4925365153154,1064.8589801887742,1083.3587886804457,1113.2266785955535,1133.7490911184298,1129.2253332633252,1120.5752028307193,1137.515496470686,1154.8388585650227,1153.0505485522099,1170.257862466701,1173.3316495424117,1196.1127941949694,1196.0107868859727,1214.2001742950213,1235.4181572473817,1242.2787773022326,1239.6337148335567,1230.7308812853344,1235.7991839775016,1244.2385968875767,1251.696747194402,1240.2203814656175,1235.6586256620067,1247.9322721035228,1244.5653440425726,1263.1823013437454,1263.8123156665215,1280.8146992054812,1289.339414074518,1292.4766673486542,1306.715297947474,1306.0592808953295,1298.9563903583073,1316.8422383756656,1328.054369491363,1347.9815066187678,1344.4295262246608,1359.6089447680104,1392.9343526672324,1413.9338839828563,1427.380663070432,1410.284085128656,1399.2882950548515,1385.4534193248505,1377.4939063164177,1391.9035511132263,1394.3816776103322,1431.5586650591868,1435.982142857143
101,429,Bibb County,county,GA,GA,"Macon-Bibb County, GA",13,021,,,,,,,,,,,,,,,,,734.1791327506825,735.5509412985673,739.1217916196914,740.8484732550305,722.9878859210343,705.9912281934465,705.8369253621286,724.3720795054677,745.8065993898211,739.3917491235425,735.0079723548869,731.6176991108658,748.3663894182275,754.6256442603777,753.7032835227592,752.3527320543956,751.6665522804504,748.9597007329611,752.6583348228282,756.9118933621866,767.5930677964701,768.6881329129932,765.1022222904926,764.1900154997443,764.5236564834504,767.5853986117265,777.0811603502331,785.4170343851353,795.8655371127041,800.3235156832675,793.3641016815767,794.8841598411577,793.0671722973315,790.9519064751624,798.203752681174,798.5754110625106,819.117138021962,825.0992851624285,839.3454809125292,839.9657838172623,823.6321979219167,811.2701296947695,804.814193113925,818.7376966655174,820.7169626547719,827.5483157700937,828.9018422685206,838.0559935699506,833.9621296908014,847.7524131440592,865.2128056640655,895.8845577760735,912.7128778657637,906.1220369139704,896.0565372202543,890.8266441446796,905.0077000145137,916.2924467526781,925.5765216983147,948.8472465215676,983.3248434758107,1021.4677644255124,1041.7918339920577,1056.8760194889105,1078.9206243733447,1077.5742568937583,1059.5126519328655,1031.3037972778823,1033.31110843931,1055.405922501632,1068.9497621029607,1087.3142709540425,1104.4267093147357,1120.6917335219582,1135.1868246883748,1125.9514613310334,1117.738198408326,1106.997443809671,1099.8488385730627,1103.1447064240144,1097.79603318079,1118.1320469432,1141.9362929217064,1172.1394705312857,1187.433447886127,1178.3358049979495,1185.5660545970936,1180.8852757464863,1193.275551019659,1191.3129518801868,1175.5455243337783,1167.5523908810862,1157.2558109298054,1182.6275737319863,1184.671603815845,1202.08857629294,1208.277869877673,1234.1007074473919,1250.953492917708,1261.5993035225508,1262.8673946132851,1241.4494437181827,1221.8557123037015,1203.8386661929637,1204.4265102304414,1217.478005242932,1245.6429586184424
1156,430,Madera County,county,CA,CA,"Madera, CA",06,039,,,,,,,,,,,,,,,,,,,,,,,,,,,,,,,,,,,,,,,,,,,,,,,,,,,,,,,,,,,,,,,,,,,,,,,,,,,,,,,,,,,,,,,,,1927.5322548013023,1944.45777371437,1968.4774641748083,1991.5960639299647,1976.4767467757908,1993.4189008155267,1991.632238320497,2015.818546088024,1991.7465704510091,2022.5640180300327,2041.7907144017602,2071.2338247610815,2042.1229890734708,2025.4398984411318,2038.868737781161,2058.6208765085184,2076.3886575588353,2096.3372255192144,2095.4209744967893,2107.7809834187415,2107.871832889646,2165.955610384705,2171.958238156022,2161.0210666092494,2142.71389350843,2121.603126156981,2158.4649053760636,2189.9965802416045,2205.4118941506804,2169.258471156422,2149.8893815460056,2137.8431343917973,2178.0472331360284,2172.567709413493,2212.0238095238096
454,431,Comal County,county,TX,TX,"San Antonio-New Braunfels, TX",48,091,1171.8340639979492,1182.8019147951984,1189.0353344484515,,1203.6476272435332,1198.1229912331855,1202.837494160772,1193.1763067670017,1199.4669856073365,1198.5441119046916,1206.342410910939,1216.1826181576662,1229.8259624243276,1227.1875312746454,1223.0071464433177,1219.8524797223788,1230.9825072653489,1236.3361156735614,1238.1442471637188,1232.1567992296498,1232.1309610937196,1232.0130699965296,1239.7098634694175,1244.4709050610213,1242.9716070120428,1238.5760852689223,1241.5135935753412,1248.7249652710127,1271.817455682768,1275.3876827045872,1282.4249333034402,1269.2184226388836,1270.440716539654,1281.1235381997992,1289.2026430686155,1300.4083055034941,1291.9919878190049,1295.365017272379,1298.4448008480272,1309.0360242274628,1313.5607319260862,1310.6812826219186,1305.034896651253,1305.3176217642786,1301.7421652471749,1297.2545136677054,1286.0440215749395,1285.5743815519238,1291.9794882689405,1306.2326624296963,1317.5278137206678,1323.3247453197662,1331.7443949318201,1335.4254654983376,1334.6116756812553,1324.5901192296171,1316.909422913691,1325.773633888737,1337.3997132390903,1351.7813702684014,1346.6557790854908,1352.9824390689548,1355.6889726150237,1346.529225962857,1340.6514740462183,1335.0167804350017,1359.4491070240972,1370.0531949718347,1370.4945566436795,1373.151055960065,1377.6141797931218,1415.472563950129,1421.674594788297,1416.2381036358283,1412.9223319916716,1437.9751877966305,1496.6486053983301,1531.8550497187468,1579.8754933419277,1606.0335411325518,1648.6333342874048,1655.8023353565907,1641.3606280085642,1631.7352525113552,1625.4410467712153,1655.7202102092208,1661.5176028927488,1683.1667719761358,1676.7545495622285,1694.253109740721,1708.351991604944,1733.9840266548156,1725.3393619568399,1710.0667885589053,1682.9343787995062,1680.2300311432225,1672.9782098790574,1673.5816857979207,1674.5249404062592,1682.6866462329504,1697.8940390302791,1696.81886182407,1697.3176092144813,1698.4852695406967,1705.943240473391,1703.7205068078451,1699.6638202992724,1687.1513586868946,1685.4436633115843,1672.0014500371892,1664.198808872572,1652.6241914420882,1655.0406114155417,1671.0081660463327,1682.346553038525,1696.6942406882304,1694.7057715401068,1693.4507601303876,1678.3753306905203,1659.3228716515468,1640.9436555671746,1636.2876229209917,1634.3345215402212
1351,432,Rankin County,county,MS,MS,"Jackson, MS",28,121,,,,,,,,,,,,,,,,,,,,,,,,1107.8372873399942,1110.4146923340686,1102.425791482017,1111.2332330827635,1120.3044450894324,1119.756988965599,1118.1970932036033,1113.586537023814,1127.0252485496571,1128.9210258435987,1130.826831960274,1129.0262229147743,1121.5289004251622,1138.169247167262,1152.319986863196,1162.3491308225373,1148.8631732276895,1131.233752059682,1124.15095456362,1127.2064804226081,1134.5721877070498,1144.1834052647393,1156.0157590476476,1177.016328166291,1177.2962337648394,1182.905706223411,1186.6245051943454,1205.7867911218038,1197.3122427499345,1186.2799533361954,1175.8329829368333,1170.132070874185,1175.7221233575676,1173.9465180955672,1198.1253847402475,1202.69461161874,1222.173425836821,1223.904712731295,1233.628314255075,1227.7634656427097,1217.3437135373342,1213.1486399485525,1211.6261661800777,1216.6591245171887,1237.6116450497877,1244.6364626254829,1257.9667385958005,1251.0877363275702,1249.9541594083653,1254.47915048621,1257.7520637340047,1272.0176943112958,1276.8550061093629,1300.2250160685578,1319.603106475053,1347.7805583272043,1361.6072219170032,1375.0447437770406,1373.48775772456,1368.4591080750793,1373.187594667531,1373.7944344272173,1396.1730006265134,1405.0553441577822,1417.9448855298956,1421.7527208173897,1440.1702181213589,1484.207440212639,1508.0669617939377,1508.4804937562105,1503.3759408897095,1496.7130480984183,1488.4554012464866,1470.5005409290943,1469.7135643000472,1498.6293767915222,1525.4564227991632,1542.2260679018093,1547.2350768735316,1544.7767710198577,1540.1090896994144,1535.7621887211983,1541.253888730766,1547.5444356668368,1535.7766129803188,1525.2504993093264,1528.7265550230197,1551.9546927086324,1583.9924785325697,1609.3578352775555,1634.3588900214716,1638.0596153707813,1643.2237332080317,1640.7402085242088,1643.8278428839833,1659.0200649398475,1663.8997092038855,1664.056540390322,1650.0080264587586,1652.8136185875317
2289,434,Franklin County,county,PA,PA,"Chambersburg-Waynesboro, PA",42,055,736.3624657063136,749.7254151900532,753.4387183455218,758.0018239735336,,770.143235382398,773.7528354790621,776.1752346037483,767.1809968862742,772.1302999241641,775.6678675603879,781.1532860471203,786.9011333817449,784.3056739808042,786.2649482970314,783.7293851479266,787.4300919680958,798.7432996669737,797.5810804542659,798.0637773091753,786.9506904337679,792.0874619718946,789.5140722503814,800.785958843343,799.2034285131344,804.0615012863209,802.6188627534076,802.9684039423005,804.913223466564,801.5043298988132,804.2274334703158,810.5553966685553,812.820489685706,809.9318348826467,810.6534376613669,815.3912350473132,822.4339417091155,823.3780286335153,820.3717897510642,826.8347674969718,831.1469343615139,836.51538917326,833.8827652987302,836.4854377482342,839.5980766922657,835.315923886865,833.7368006682289,838.3399040611508,844.0100328215203,849.1586436201992,850.6065015775534,856.9163354032677,860.1277714809511,859.7150120095018,860.8296229705738,862.5338191254906,871.459185127158,874.1953729640205,879.5373535288197,875.9307974027821,875.3107593178424,870.6066485375298,878.3365993422652,885.0660237513274,886.5915936753848,887.936650953734,898.0774269387206,915.3892974076609,935.3516199072709,946.8655278652368,952.3725302888489,959.1032280079025,948.1945170745772,928.7044574693883,938.0293202165258,973.4096582418011,1015.4037170525783,1032.3349206359258,1018.9460902992394,1028.344999218564,1029.1645390523922,1048.136366551383,1058.9916169644803,1062.5279326620068,1072.758123167707,1071.5844874028692,1059.4968045131027,1062.526796329216,1071.4088801493074,1098.5149812716384,1120.0953458572535,1128.3564084225063,1126.49921724801,1118.8975380787344,1134.7295934850033,1135.9810503141512,1145.3654600734544,1133.1812078070554,1142.2216062879677,1142.8465706800653,1152.9064437251623,1180.9691129852815,1197.5168847489617,1216.458580216267,1207.762831672185,1203.6155214476512,1207.2187138304616,1219.9289936510406,1227.303823425551,1209.6820951110853,1208.0349397412772,1208.0637880087238,1224.7808496730208,1224.5839512620964,1257.599495204638,1279.431014399853,1284.638503042749,1278.0201483815804,1287.1599831387841,1306.2206721343016,1302.1194206135478,1297.2373720267149,1315.0396825396826
2913,435,Cumberland County,county,NJ,NJ,"Vineland-Bridgeton, NJ",34,011,,,,,,,,,,,,,,,,,,,,,,,,,,,,,,,,,,,,,,,,,,,,,,,,,,,,,,,,,,,,,,,,,,,,,,,,,,,,,,,,,,,,,,,,,,,,,,,,,,,,,,,,,,1550.8677587426341,1542.90574868376,1513.0917953063547,1512.6352206965457,1514.0836538111312,1534.2063886707087,1558.7542528473812,1579.4517949149729,1595.9562591402496,1618.3218238031693,1625.230769339898,1626.6826182603797,1631.9260989442646,1613.748493372952,1606.930284133402,1603.5330305258713,1683.0207837666821,1701.6666666666667
251,436,Mesa County,county,CO,CO,"Grand Junction, CO",08,077,862.3557880365572,860.7434373433188,864.9432004859193,872.0239275421527,885.4387829983847,890.5628662364594,890.2111266194512,884.8006493251612,885.5048157704447,886.9164239659026,890.2463664813114,883.2382795918351,882.4256410405854,880.5838320810215,893.0441666884609,901.2107480391323,910.1933057476115,914.3672288916496,920.2463692544279,919.7235422218672,919.5558168986532,915.1965627589295,909.4433899544015,899.9430555897809,904.8618809046732,911.6511234081978,927.7684464307205,934.3626694480157,950.211258516715,957.6724646668861,960.6432267807485,959.3908090496088,956.1627298128504,959.3203279973234,962.9739269997405,965.9722771753569,971.2085160203627,974.5355002672605,992.6632380295289,1000.5829255687045,1010.9797460434118,1014.3089975759794,1020.9829568938986,1031.4297201133065,1028.694364992697,1031.825440298791,1030.8987664981848,1042.5729531746317,1048.8126678855256,1055.5768204786873,1062.5611171350965,1072.3261570079753,1081.6764702042785,1087.147420042589,1086.909940953794,1099.3838007858656,1108.4279123869437,1107.4490700179724,1100.9113992769776,1091.3383879640564,1105.7472371580127,1112.7416315510338,1104.5972008613794,1100.90583260937,1103.3288574004357,1133.4289346855096,1144.0474140139438,1158.981873458965,1165.8314433335588,1182.0917470710087,1191.2782179079188,1196.9411425378814,1196.8237659036881,1199.7726636470766,1213.8784753064135,1222.4822172478878,1233.2901386421095,1249.7267607647966,1284.9949270206462,1313.9543719467003,1335.150185039587,1322.7368364092383,1341.8876175791356,1354.7744812902847,1364.1570231828161,1371.8164568288578,1368.671185712966,1415.9868963932647,1404.7037319838505,1432.2499502102214,1424.913102814971,1458.4377333878667,1456.1091461193348,1461.7411378343984,1455.9467388950695,1460.4242092660875,1464.7795134970218,1466.8557287202284,1469.352891485755,1477.988709908284,1484.5664486282703,1484.5437032993264,1494.4997861784163,1506.7455522786488,1525.2178349740655,1541.8763897124275,1529.2085889068776,1510.410586659647,1496.6664455161297,1523.2515039750895,1556.5646363185695,1579.2358813812943,1594.0813924675824,1604.683441768141,1623.595987561993,1631.6384209809896,1649.9121953273648,1638.5297938487547,1639.6618626335471,1629.313761907737,1639.791946593794,1637.551884447273,1636.3148148148148
2213,437,Columbia County,county,GA,GA,"Augusta-Richmond County, GA-SC",13,073,1049.9777651895397,1055.9445339018685,1064.062662299574,1066.0995279393828,1072.5893309299618,1075.157658902633,1072.0757119102266,1071.651521524175,1073.288274973782,1072.5490007026715,1069.6433446632188,1069.3420610191429,1071.5018196820981,1078.6251352566644,1083.2901098458326,1088.9086708321843,1095.9826691732637,1103.991925499989,1105.04693225232,1099.2434739628643,1093.955202476471,1090.1917213243194,1084.02756846217,1085.5814465943104,1092.124808575115,1103.2982284933487,1109.4403207999885,1113.9286707128742,1123.1558639535485,1126.0096384157457,1129.9460059201663,1128.529988571648,1132.3193683723546,1133.4888190134927,1132.4881497488552,1127.6569830951967,1129.878593830004,1133.8421805621108,1144.476295076748,1153.2207755344064,1164.6029374153609,1171.459670118352,1171.5714346518967,1169.2894793725848,1169.593391693503,1164.9954491123935,1161.3968281790444,1159.8733358971617,1168.083361310346,1175.6930235830116,1180.9463763643607,1189.485711631525,1204.7518687409886,1212.4270376685756,1219.121817674586,1214.859876277492,1221.3202203771739,1216.2193291304648,1219.9715367611766,1219.3813952092517,1227.464672004142,1234.1764930513827,1241.6599856150233,1246.4092367392605,1262.836914815976,1274.414843120787,1296.4849043306508,1311.860305201278,1325.7117028315854,1334.0962744254398,1325.2330663505372,1322.111458151401,1322.7592818743726,1330.845384872869,1350.7306465104443,1372.5671600285148,1393.990103572445,1413.5521149155932,1424.7220043186724,1451.812066555075,1469.0465853318349,1487.3293063728706,1497.7770378453301,1502.337697186522,1505.7826572607166,1514.2073199385363,1547.358915446147,1563.5963714684945,1581.2154735315705,1578.7826358078853,1594.0942940293799,1591.2112644993433,1590.7469683819593,1581.1612373465855,1581.1347692388795,1579.2663857303444,1588.3198122578,1591.359974655572,1602.2852038588555,1618.5669993939553,1644.4435458476767,1653.8816961904395,1659.0866771682586,1659.3081150760463,1660.8642028202455,1657.565380075895,1647.4346950637253,1653.367831693475,1654.1028444837023,1662.011563727278,1666.8906086927818,1690.8112382571649,1702.3022947380773,1718.516165673473,1719.6242069964085,1733.984631088768,1734.55960630024,1736.4321498236516,1735.396169377181,1734.7076233414073,1746.3841980728466,1763.4053900539448,1789.9046804141353
1544,438,Berrien County,county,MI,MI,"Niles, MI",26,021,,,,,,,,,,,,,,,,,,,,,,,,,,,,,,,,,,,,,,,,,811.367975368249,831.0540871440443,819.621275978238,821.145796561843,813.201723790118,820.2492057658623,814.2660233762283,818.4402149296939,815.2324023798328,830.26988370917,827.3564862800862,837.2484358212803,832.1635410782372,842.0436497524128,848.5708232284308,847.9586978396434,839.3839280815216,830.0218673897042,841.909486770568,849.175203430627,859.9633603587649,868.1961175091809,871.3913235555796,877.4550086206358,865.2491340806009,865.1144663593634,865.7635584632319,875.3776013597428,880.7893071262835,885.160872469008,893.0929640483893,894.2461747401301,895.2701358258477,891.1909348011653,,921.4977779878445,933.942915840131,934.6653632330467,946.9614477047135,962.7974440368077,973.8786530350345,974.4734098267176,960.844976234204,976.6744125646595,976.8562441727278,988.6299539176654,993.6864867496948,1001.5291790876563,1022.642827791603,1045.3453003107995,1073.5686235753076,1088.871194714466,1076.5792723212421,1080.5867147468407,1071.7647555668398,1071.8085118401432,1071.9941463802065,1091.5060776044645,1098.3064292430063,1094.6954845940502,1114.8683801454874,1117.9221261455552,1136.9130131823956,1124.941837278354,1133.6773825197024,1149.193936056242,1149.2933802206849,1136.9490031228408,1116.9702652365133,1135.2804071504952,1158.421236614546,1178.2102098544997,1178.469455743344,1173.6674210050753,1196.6203552248476,1196.3072935139137,1218.7701257133742,1201.938074904336,1192.2181634681165,1204.2198437976574,1220.7389890498132,1224.0380637132066,1238.4583333333333
2556,439,Stafford County,county,VA,VA,"Washington-Arlington-Alexandria, DC-VA-MD-WV",51,179,1354.7140974782646,1355.946951635207,1367.963531218615,1382.506475029267,1386.7415154373955,1392.5007547575894,1388.7576887837272,1391.319140274373,1387.7888110331464,1391.0402224029592,1398.7346948543423,1400.0788402934836,1391.4736887540573,1379.3370712451267,1380.450498664404,1392.177179009261,1404.1927153262943,1412.8446569342677,1416.430686069702,1418.30145626102,1418.6217897687222,1418.0082643927947,1400.258222856349,1399.143861585527,1400.0055819346048,1423.9273918994834,1423.9742422401073,1439.5155962682895,1445.9225027021705,1457.4467214892804,1454.5690514298965,1451.2880263926443,1452.2052392198973,1452.3836020177262,1455.9447815946612,1452.5241571153224,1445.9222855545108,1446.8207217835477,1459.8061671460523,1480.2200293742394,1485.9489504573303,1482.248063843002,1476.156100357663,1483.2764392981233,1484.0037228910344,1484.1053120946683,1485.5187263476373,1501.3948363208763,1507.723397841903,1510.944931100666,1512.186847987033,1520.2964492813248,1530.1189941123198,1521.903283100574,1540.9517260556354,1545.4234343908954,1546.6619814826227,1534.6867850436613,1520.1383084570402,1533.223243652583,1532.738784991155,1543.5247467092033,1546.35597667456,1558.8729121536896,1567.1354464680996,1576.673800450325,1578.8992386832124,1586.8276489116076,1588.7636730434065,1594.9384922919598,1609.842228549913,1627.1283559759725,1636.2902159590096,1647.6318351253078,1646.422898200402,1671.7458521995416,1690.1791424743046,1735.1895801997919,1754.5171573587359,1794.51962254077,1815.25391941927,1837.474093175318,1826.0911124096062,1821.2767894165615,1837.4031905758263,1854.573336031295,1872.59481448144,1893.8035388589972,1918.561256119439,1955.878645874114,1965.7355505973264,1977.5674438167098,1963.6649467497182,1955.8480796958418,1937.2662281781045,1929.0932741169117,1940.499696257406,1977.5668676791636,1999.832608714843,2024.6956769933654,2021.408491557511,2045.6984272045995,2033.9070359777195,2042.4238561351503,2021.2742625193962,2037.923313500005,2038.2952337911515,2058.0881018976684,2053.9694334881583,2065.557444878123,2095.3267748715657,2124.513982869398,2157.7802926294385,2180.0665216826173,2198.0657072273857,2196.894352894633,2171.56207514519,2172.88768985539,2164.1436777127924,2190.0178438542353,2203.9001603812917,2220.78187897835,2218.1254901960783
1220,440,Monroe County,county,MI,MI,"Monroe, MI",26,115,,,,,,,,,,,,,,,,,,,,,,,,,,,,,,,,,,,,,,,,,,,,,,,,,,,,,,,,,,,,,,,,,,,,,,,,,,,,,,,1009.0594571935155,1049.4797179994175,1074.137556917591,1092.5022386510911,1103.4648943733248,1093.3064071905426,1100.8222542239857,1128.0385991661624,1140.8119317706744,1142.0831109515827,1144.702906200254,1140.6898381833296,1151.3782653891606,1163.0543826546475,1166.3926818448358,1166.65659279437,1142.7662025357586,1131.6848418105626,1124.8907761123792,1136.658446540883,1144.6472723396575,1152.6728874500677,1148.3382688240174,1148.152034831817,1158.477767252746,1183.7939765513165,1205.403579200978,1204.0401252423173,1193.794676808373,1178.4071637520244,1211.9810372728784,1222.4672274103816,1244.2217974148627,1211.197886621288,1217.7800714404782,1239.8212843894378,1268.5287022949826,1283.646145594382,1272.026566795622,1281.5508676088534,1266.6542343661838,1258.5050401962592,1251.8961721434234,1262.586729120281,1271.6666666666667
3059,441,Washington County,county,MD,MD,"Hagerstown-Martinsburg, MD-WV",24,043,786.2641496849853,776.6006231484473,774.6179579633581,782.5735131121207,795.8805705366456,803.2554131128162,804.2701768891094,803.5612742061003,801.6751570155039,798.7028605648555,797.8006043257669,794.4598370094579,802.836764774303,809.4029322211549,812.363554664825,815.6790625650401,813.0639360962896,817.0817576069526,811.5272558482819,812.8861723033531,811.3353095695188,809.8983304437871,813.9203560600951,811.7547050825783,813.2231308677527,815.1870539523326,820.6946480701707,829.498777300284,828.0442836870726,827.8875274837749,823.8498947617932,825.5715267542578,827.5944261923063,827.7879989498927,825.8704703092899,829.9639836379905,830.7785604304084,833.531399152285,832.333502392365,838.8767474895751,844.3009048105519,848.6389768453971,848.5695302392759,844.3407101009527,843.7565775496022,844.0575458244708,846.5038289717163,846.4245488645433,849.951067961398,852.8908755780334,867.8901959663489,871.8910366994738,878.4671600974953,873.8030358881274,878.708183634652,876.1871913629572,870.3536381379047,865.061225394951,873.7389108206255,877.9278442957537,874.1911806509995,872.9870117217988,882.1052523488768,899.0557725239258,910.0842482907861,920.9693102950056,935.389454580159,935.883843078802,935.5322381282009,928.9239026138516,940.3927358752023,944.0502487579536,947.1267055165613,952.1175875073195,961.5967001096697,989.261796777884,1008.8835908554569,1022.4270657536606,1036.1932875446073,1042.7274290332653,1059.7004409125232,1063.7283950570595,1082.879750176634,1090.244988059036,1097.0826930389837,1101.8996366081233,1106.1726510340043,1133.2617535638303,1133.6012049378496,1147.4895716337248,1136.2120410895386,1163.3385202373147,1181.59437572374,1208.7633769159122,1217.1857257856377,1243.2906738671338,1233.5604850622026,1235.155838946874,1234.9909454053866,1254.3595392890672,1263.0515292748482,1265.1648276257602,1249.1995681074839,1250.4980878644108,1251.0600316793993,1260.8018237835138,1255.4705113644125,1238.4958034292151,1255.859501113005,1269.562879080623,1298.0907221952662,1295.9557432158329,1319.2718247764635,1327.2773899552612,1343.0660272116725,1340.1348892604897,1339.7498075360575,1334.266440427618,1322.2610269763293,1304.432454645567,1315.9627503228805,1324.548075419129,1350.5683275058275
2527,442,Santa Fe County,county,NM,NM,"Santa Fe, NM",35,049,,,,,,,,,,,,,,1165.5864633459134,1181.0862022984227,1140.2278993171974,1121.1246843415938,1109.4931395161536,1172.9976589999217,1182.146893162172,1230.8532953610122,1228.5652653971576,1247.9058301365078,1201.7780836245227,1230.2633202343832,1230.406348298853,1282.0956489690075,1265.2481657481244,1272.1475402071494,1262.8219192235795,1275.620870172511,1283.095645941255,1315.8777093821957,1316.9750142809635,1320.0539186993237,1284.3657070210304,1273.5142862832527,1282.1771814154038,1313.443999241645,1339.5697874550776,1364.6491334630427,1379.5238586129574,1395.1028067454017,1400.7875270381223,1413.7017728896392,1403.4698289090295,1401.5277820910976,1404.4169385193002,1421.1807160189387,1425.8299573037655,1425.5320250890315,1443.991826503241,1469.616325714782,1493.0735363498404,1517.4171453460438,1519.3383526769949,1537.9821591227787,1521.380447084121,1508.833854253355,1498.695851131465,1510.1081648287413,1541.6267419035491,1542.6416335303218,1529.0950762512664,1505.2066494778312,1512.0834680039566,1513.9954423921602,1534.1556096604886,1527.391671112834,1549.6187140819122,1553.3919350789583,1565.8886916701513,1575.5123870996465,1581.4900205516562,1586.0752766254964,1585.4218042957448,1610.9563505997814,1649.9785815373493,1713.4125822800363,1756.3487653020493,1783.1190949514698,1779.8263415520835,1784.3994090279568,1793.9701775103324,1810.1591325326422,1831.725335001565,1859.7717030065426,1891.0980543224393,1906.086979976733,1920.2874657657744,1922.7977283937194,1935.5357612574114,1939.813593241388,1942.2979253200876,1940.6935158718436,1956.1180406465005,1979.3160221185008,1986.70805890227,2000.117842510238,2019.824563017412,2070.2839705757274,2097.4911167641794,2096.346935350888,2065.582775493591,2057.6318082532166,2066.6699818675047,2070.004869025725,2058.1955765158527,2037.9619957455127,2058.4350212284276,2080.7403930173,2091.6866993919507,2105.3210050312446,2117.7239003631507,2164.377818051649,2141.6538519924516,2138.3766106350554,2107.599326356654,2125.800221631413,2108.8174406442313,2109.950218475404,2106.479801953848,2112.084965951572
2799,443,Merrimack County,county,NH,NH,"Concord, NH",33,013,,,,,,,,,,,,,,,,,,,,,,,,,,,,,,,,,,,,,,,,,,,,,,,,,,,,,,,,,,,,,,,,,,,,,,,,,,,,,,,,,,,,,,1428.0229224535776,1446.4467856250053,1510.9908047510066,1547.5122959870496,1593.184099593071,1600.2060615530354,1601.673905312816,1537.3289112325665,1526.9988179108275,1522.528315827977,1586.3965159630072,1617.8249166008247,1669.4161671188438,1687.1075198456033,1686.0270331437832,1673.4836606662636,1701.1119809188883,1687.5968869229423,1706.6742109084996,1679.579281379925,1688.9821041307002,1673.5338268103942,1706.071053501475,1728.756334054103,1746.7883755353228,1737.2900579085997,1762.2644618103802,1783.6230408548972,1818.2778296973229,1836.9980361437063,1838.514117527395,1826.3124834064981,1800.2140599387985,1814.9518970759036,1842.1913154466283,1908.9266341803389,1942.2646543661865,1953.3565323565324
2824,444,Penobscot County,county,ME,ME,"Bangor, ME",23,019,,,,,,,,,,,,,,,,,,,,,,,,,,,,,,,,,,,,956.4554335968544,971.3536133522847,980.0951039122439,996.913397281492,1003.2530424638494,1003.7737899973724,1002.8710862773281,998.5264154164176,1007.0259802020186,999.8111190074861,992.5819061697799,985.6173121041826,985.1463941007139,990.5876404199385,995.4832479142417,1011.1130029140712,1025.8586436515254,1043.7294588512912,1048.7405745890335,1044.3102748184374,1041.2415647219127,1045.2703942705941,1042.0098295513,1044.3978256413711,1041.3242374527783,1045.3003331526534,1042.5199254563745,1046.3022238202202,1070.2992999029866,1087.3057587137696,1101.870447271984,1111.775097713008,1113.5832301803257,1123.0313112718259,1121.731847769587,1118.8722762965795,1116.1732540887908,1111.839879871603,1126.7128313331789,1149.0941843272637,1170.5732968596556,1195.5400498953131,1209.7056957869354,1240.883551009956,1257.3744956546097,1265.4482150160932,1244.8709320389592,1253.9266861574731,1256.227912044262,1281.6915753317141,1265.1020909779563,1285.3985663161395,1296.129736357222,1344.5939908315952,1361.9859303623705,1376.4663887174704,1368.4126177553644,1381.7904816991945,1390.9567298569018,1399.25821496628,1376.458876715508,1373.7341564440417,1385.7935646895633,1393.9688907161596,1410.4456527558127,1414.5135220987684,1446.4933228308246,1452.676903094868,1447.6726419308357,1427.8042560929352,1429.9019811499727,1427.5411173647265,1459.9562655048185,1463.3505668812354,1500.3246357409625,1516.8329559809654,1524.0343153690674,1506.2984178267968,1481.6323516504515,1497.0262618147844,1510.9895304635368,1508.9344186230596,1519.1807181834583,1544.2649100255474,1570.6373707699565,1545.7855365635355,1541.6290724751045,1556.0717592592591
938,445,Citrus County,county,FL,FL,"Homosassa Springs, FL",12,017,,,,,,,,,,,,,,,,831.7919227057513,,851.0807381808759,851.3521808578452,854.3849811496576,867.9960363202802,888.2134335867349,906.1093931204982,911.1065621916297,905.2688652539925,904.067840547103,914.0455949183055,925.7160276760964,935.3135489877194,938.1320828072422,957.2454648875438,967.5229950735473,1003.1304823666535,1003.8728970860599,1000.846829436763,983.4473586604719,987.2783112092468,1001.3483937319647,1005.5274392553376,1012.6754267833162,1019.507474113907,1026.9461947153025,1021.9206086288401,1016.3228676065477,1022.1621836836636,1046.0628247004672,1048.090375087065,1032.80795762775,1007.1091999428177,1011.2926796409238,1023.3911320301659,1033.7953168806382,1039.3669273177313,1052.830613747759,1073.583095640993,1082.232750447028,1078.0925589681726,1067.1168229459927,1075.6968935155178,1080.2724374274069,1084.9144805553992,1085.9791549841927,1097.8401101945287,1093.751064997746,1072.4734221586752,1071.8033558482466,1090.614744982702,1119.748870289981,1131.4732140026767,1142.045299253786,1156.3565169239196,1158.9525721892705,1185.9699728454186,1190.8622635084434,1219.7825081991339,1242.6082189192425,1266.5012985671915,1283.8840265918923,1280.7972029404848,1312.9618662654477,1316.6480279562713,1340.644153112673,1359.4937801258156,1391.0166183943268,1413.784268302266,1410.3201058232758,1422.493587320215,1432.2277160970737,1467.3905982320914,1489.349961081977,1506.350499765116,1512.165785627026,1453.1617352335259,1442.1125711609727,1441.479297703897,1511.81940465064,1534.9466897304717,1554.7365365801052,1554.4044580385068,1545.1077674324815,1553.0924524543177,1560.3580090429173,1568.2370423396017,1566.5054896179315,1575.5657229683889,1585.8766573645476,1619.4605779139695,1624.8969725670547,1642.6711343529503,1612.3130700831016,1613.0198812048952,1612.198528488027,1614.4803073924702,1613.4926747567583,1627.9774632767774,1618.0380102593656,1602.06299551533,1604.9083838106385,1623.435046627274,1747.4043996371727,1756.716085028498,1764.9037458434914,1709.8070175438597
580,446,Kings County,county,CA,CA,"Hanford-Corcoran, CA",06,031,,,,,,,,,,,,,,,,,,,,,,,,,,,,,,,,,,,,,,,,,,,,,,,,,,,,,,,,,,,,,,,,,,,,,,,,,,,,,,,,,,,,,,,,,1675.2684044627251,1698.4673353205221,1717.6424104219886,1754.2824401663609,1796.8784577975619,1811.1756119703039,1831.995713010791,1794.8962133534149,1817.604321538957,1806.1738749508847,1826.1891686765537,1829.4416769909942,1845.3557430058036,1855.0298017952775,1844.1993185426716,1853.0370637298754,1868.7136972838082,1883.4797341769931,1886.763036852592,1861.7369023920642,1850.026692511556,1851.4091699131243,1873.8544555180874,1916.0551950206493,1929.4249649904505,1952.3322719351027,1939.5703798455854,1951.6396175262184,1940.2690294406464,1949.8927161736308,1922.3170724409442,1938.1249229189582,1926.0289162385404,1968.2667534696116,1984.5185185185182
1819,447,Johnson County,county,IA,IA,"Iowa City, IA",19,103,,,,,,,,,,,960.508107946291,958.1353304889242,969.5239529311933,953.7511122614346,964.9083279192915,967.951584022346,973.0619050778846,968.9497566267645,967.9427747686684,965.525183243546,951.2248296382172,936.5217471339297,942.1940260422348,973.3286044570033,996.6769363038062,999.2044992318885,991.8734264001347,990.3970663613733,990.6038274629608,995.4419697114274,983.7588872478443,985.4385105802754,976.4956081045757,997.4009357939476,1004.6883840942128,1021.4005726915171,1021.0068857928633,1022.0394610223688,1018.336134196495,1019.926298440322,1012.8003979111668,1006.6000283634008,1000.903199267384,995.0648120858895,986.9699761592816,996.9853552352458,1016.6074588583874,1026.9925636677544,1026.1014749119454,1023.2055321429885,1031.9974387199898,1027.698448584566,1017.3007769384094,1011.9743555809129,1003.1490582249802,1011.288652053079,1008.112361987786,1021.3138695311088,1026.828299137589,1034.4469424348815,1037.528246312275,1034.4042167908995,1033.6652069261925,1028.9464127030285,1026.7065238311693,1024.0128192357079,1024.9973775148533,1025.4325097351018,1017.0591770516014,1025.3619899047883,1031.0748447483472,1055.0744974787292,1057.2873564537051,1062.8636747452372,1060.8566231673374,1062.1833716533993,1061.049919987499,1064.2887930269655,1061.7499511869833,1063.7929029965285,1064.6404405563676,1078.3530356477272,1091.6719590999257,1105.5718955156294,1113.574428987631,1109.1821355909378,1102.9251904985715,1096.8793286183093,1109.8338025129447,1119.5399726740325,1125.6496422936132,1128.784282938894,1124.4750636445604,1133.9489587768255,1139.514207445255,1156.718589724091,1159.5330514402367,1158.8553143916909,1159.5136408253543,1166.5689678361616,1169.0229657863802,1168.6974434950307,1171.058706894106,1181.6368039057065,1192.012882942719,1194.3378760577386,1196.268331745115,1200.671552607701,1205.1578244966688,1212.9447151878658,1220.1019476056986,1223.3783390570245,1225.8867078217957,1221.0428111507144,1228.897659095017,1226.4508910990173,1233.4280665229658,1237.9358247686112,1247.0955949411987,1255.5170328731715,1259.223220151299,1264.3091395886752,1272.0416666666667
2173,448,Canadian County,county,OK,OK,"Oklahoma City, OK",40,017,1171.7502526254939,1167.960033473241,1168.5151608119131,1178.3986631660173,1188.332444583272,1196.061887090033,1188.6773486773384,1186.8610362204226,1176.1611380477154,1173.07751664139,1176.8656619873402,1184.7950643793922,1186.8145367526365,1184.4770517594136,1192.10229533373,1202.011042004822,1201.9192880146325,1194.422082096861,1185.5874071024693,1176.0722970940833,1168.9869658839289,1160.2179410706835,1158.0814548772667,1154.8494584322814,1160.1386164173493,1160.7001986289818,1166.8706790211547,1176.004292697182,1185.260200509929,1190.078238694535,1188.558939257028,1192.9934053948969,1192.4174415758612,1186.726666676613,1172.2039166654645,1174.4507180034936,1174.51777980271,1188.8306534537387,1198.614124428841,1215.2247375775232,1222.9501906001085,1219.0656770036128,1216.3254065267615,1215.876591839774,1217.4733241454292,1218.1799320833936,1217.291811889562,1213.741473343841,1216.5301321092386,1220.5047376823481,1232.0766758842447,1225.737265720238,1227.8029129683318,1234.5637059403791,1250.4225582365193,1251.252224381222,1243.731992370382,1234.5866085898244,1234.3361918555506,1230.3302155417025,1236.7081335069308,1241.1484097148718,1253.4088010452137,1258.0532676968462,1260.9281775120078,1261.3963210483694,1266.7618382947937,1280.418365233859,1289.0073870787787,1295.8338835306909,1288.2770213531628,1291.7919884603905,1292.3827304151569,1305.3526244644306,1310.8490687352778,1333.877456663422,1350.5239514583493,1377.9327165021748,1390.6106603368319,1403.6958405706037,1402.4750555682156,1405.7904417468565,1408.2352491274983,1417.3924406683957,1426.5630669284799,1443.9547989207738,1450.0264318820637,1459.2047065415816,1465.8303933054326,1488.9840143805657,1495.9409108436034,1492.852413248112,1486.3931149031416,1478.250069619405,1469.5299164189782,1452.2940637958854,1453.1031927034146,1463.9002378491232,1478.5990105574697,1495.2881675800866,1507.794328850058,1517.860710068524,1523.954240740114,1526.8062570891132,1531.1410667840732,1517.0762086541883,1513.793116112527,1508.9493820207424,1517.5622792530432,1521.5171409533395,1528.7106706092752,1537.5704097780845,1548.447528094407,1556.2401309303286,1564.8585078404808,1578.9557072295893,1576.8985917367966,1575.7206484756778,1559.3086971212792,1567.0319660202865,1574.3038658678588,1585.3233165711936,1590.7537537537537
2054,449,Tolland County,county,CT,CT,"Hartford-East Hartford-Middletown, CT",09,013,,,,,,,,,,,,,,,,,,1118.6819680041192,1127.6507808964457,1143.526004839102,1134.4781195506516,1161.7253971359164,,,1143.5942195059586,1160.9078255770755,1187.7043381171188,1204.1547129444214,1203.4364466037648,1190.0477026551405,1198.5381174437337,1191.6905616324761,1191.2217687084856,1186.2211205903025,1199.7230060193497,1184.371271545117,1194.1074533632705,1192.4744908961427,1240.3511864621921,1251.122996737131,1253.7491708637208,1249.2246876940605,1247.491919672779,1252.6850286698727,1242.9601740284888,1234.8873896034975,1237.2467495247859,1244.8628349020798,1245.4949099068501,1247.6558375444795,1247.6933086478239,1250.8625344878712,1262.0246785612142,1274.7903804276527,1291.6985401288348,1279.5586858425947,1271.186156693524,1265.497541804176,1229.5168626945417,1224.3055081343466,1230.9043376675863,1282.4715393822837,1295.7092786314477,1306.246371432199,1315.6113458350962,1325.674414742805,1319.0100044976382,1295.1425301887384,1310.0594144415666,1324.3377446118989,1359.8239911585174,1376.2848436728623,1390.1203219609679,1403.539808754269,1405.0983999683865,1392.6065029123824,1399.0544726753285,1403.3642034679444,1439.3135885556062,1441.4405617683176,1468.00926695805,1472.2574848204192,1518.8776800493317,1533.7576610996255,1556.9789059529644,1536.9380369921944,1558.0539471977252,1572.7376085764704,1588.287205221846,1559.593228671586,1563.9427312540097,1585.4110694992175,1632.1759641391038,1651.8497510019909,1674.227315777545,1674.121194714303,1685.8590610674994,1699.3824512694123,1691.831921176321,1728.4963059157371,1721.291336448694,1736.0823514583008,1713.4834548131134,1711.236600110577,1729.145288448963,1744.0426981812236,1793.9207631395223,1795.171878602477,1817.012453759581,1826.8402235164972,1845.158444935462,1873.6878449847363,1887.729226898002,1891.6009175243046,1878.8893735404567,1858.2861295592895,1914.4100916994985,1911.6290449326832,1924.4888044881989,1887.4169360184908,1900.8351993562937,1972.576557120697,2047.7777777777776
711,450,Scott County,county,MN,MN,"Minneapolis-St. Paul-Bloomington, MN-WI",27,139,1146.8744355473493,1167.5023808456685,1178.8441205306003,1185.959593319877,1182.7395173628838,1193.0703699686082,1201.3583801567809,1208.9527505232631,1196.8987151227147,1184.7416764055613,1183.1524879760061,1186.2901161061811,1197.6699537863417,1196.8261363544877,1215.6157271905536,1224.7001843911034,1242.0822730184946,1250.4836845873635,1250.1902642370264,1247.2064493992602,1232.884814950148,1246.5577593499254,1264.6878896867274,1275.369481219321,1260.2533940183555,1254.3719060202088,1260.8942173073638,1287.9000491299992,1301.2975573825986,1312.231967114838,1312.831227190654,1310.041638394308,1313.8422331110082,1300.819804856724,1288.6664173053925,1273.6705896495982,1271.1455658282468,1282.7055944209353,1306.4634257103373,1329.219236034917,1339.1003492814377,1349.4718401269563,1349.8255664452945,1359.4550166845588,1348.7541899150956,1370.0251713183525,1382.9028873750858,1393.3409401908582,1373.9874201509947,1372.4718422185765,1386.3304490487724,1413.7201216871163,1419.0125323500454,1420.8621889126596,1422.1702579877644,1421.0263141848698,1416.4697494375225,1422.3352881460994,1428.3004597545425,1437.9261691120578,1435.4567471161936,1441.6415884810356,1446.2678656715425,1446.885080896108,1454.4679001536756,1460.51728968166,1470.096642155824,1471.3560294239778,1471.9131974450813,1470.2018335667026,1472.354934988322,1474.7305967137227,1479.4215186119186,1484.2873463378648,1497.4194918967646,1510.2046200019408,1539.5265356589427,1556.5842423975046,1585.7597902012585,1588.435987981551,1607.5111144965836,1598.7865889840737,1606.3096153335125,1587.004643632546,1573.6269526620526,1575.1885453661168,1600.2075699572838,1638.8115398579293,1674.144129957951,1699.5239153771965,1725.329505239743,1709.2509188674453,1694.0051096894565,1670.2965819426734,1653.386430739732,1650.5812430746773,1669.0125134701939,1705.182128514351,1728.469096648899,1737.865469648225,1747.3915303305537,1768.062646678681,1775.7009232098806,1786.485832597923,1771.3489831719244,1753.2469584358753,1737.775543349924,1732.9238312640618,1740.5146126484387,1746.5774574438803,1750.4795475864005,1768.7847003187017,1783.2301298337352,1804.4352982998926,1811.2640575191128,1797.4220630879313,1803.7517837657776,1804.089765065354,1800.910172551466,1786.9835209136186,1777.8928185905027,1818.1223689243027,1831.5973148148148
2524,451,Sandoval County,county,NM,NM,"Albuquerque, NM",35,043,1023.5869212287333,1017.9707876702514,1029.504068203367,1032.6212735261176,1039.5729780870006,1046.2742995270908,1049.7850741284826,1053.204594066951,1049.633426370706,1055.7127992944568,1055.8946846545207,1056.0884226933265,1058.1389216113114,1058.4498568804047,1069.3321384580709,1065.5321327636057,1070.665585013639,1071.9587470084464,1083.721356525539,1089.6979496027825,1089.1910285053498,1084.44166381834,1085.8702242330096,1089.7524605588687,1094.754193809587,1098.1003418321131,1099.7710744253989,1111.733810217832,1117.0626317273343,1129.2031469999986,1119.9215047930904,1121.8267786304664,1113.2559767326914,1116.249555363397,1118.6173120536698,1120.0953367451946,1125.9123809085959,1127.3643612987291,1138.7248781086657,1139.5151936640377,1147.934881828775,1153.2504716504013,1163.7236973588178,1158.3651298078573,1155.3653201622094,1156.9221779608222,1160.6600086558421,1181.458821858997,1182.6076053502732,1200.1574982009724,1194.1241735732176,1206.8664710486453,1215.5732953768954,1224.404275999987,1235.3227017657578,1230.3218360141016,1227.6220334279406,1232.4363340216294,1237.14766894459,1248.0497487419582,1255.4559879661676,1274.27651613715,1285.6597817428215,1281.3200983339611,1285.1491950904551,1284.509186388091,1296.4162889455222,1307.3696067621931,1327.2077613837537,1337.3128378714537,1342.1634184803493,1344.3041249146788,1354.6309803461813,1366.768069455884,1380.038026411388,1405.6994877756529,1433.207148954912,1466.8755918196757,1496.13168481085,1517.2130414824906,1535.004630010215,1533.1040854229182,1534.7647916710541,1542.844196543493,1556.7773336966443,1571.2091009514743,1572.42617536378,1595.5440486625293,1621.6763063009744,1655.144449652095,1685.5027932008666,1705.2619481340564,1717.7611054364543,1721.2559077905798,1731.9410207902727,1731.9418647154694,1727.7278411150728,1720.9894119185187,1744.7017517875793,1756.9563669425438,1783.979399472664,1789.7979128903191,1805.8020112600138,1807.5088367202698,1823.0593597439615,1816.8918012077556,1830.0157791635534,1823.554413295532,1833.1481987829131,1844.74455075078,1855.9977086334939,1869.505302008654,1873.0405195910193,1888.3154097255665,1905.612020765367,1911.2321085823987,1912.212667633002,1884.0662491150506,1877.1381290349007,1881.7821214555208,1908.741552028972,1917.7203016640449,1921.0
1289,452,Orange County,county,NC,NC,"Durham-Chapel Hill, NC",37,135,1051.0641352018436,1085.4370602175613,1087.5345833649333,1069.8044633477848,1083.5723923297492,1077.5969223844018,1076.6574646496574,1041.3388993154954,1023.4520850581612,1031.8236927183145,1083.150064794784,1115.5243760712556,1121.0323251541513,1120.4618735762579,1112.9390662735343,1113.1430668561609,1115.0866280569733,1122.0328250109933,1122.7104819859894,1103.2138599823031,1110.9963909260293,1119.4490140825565,1142.4749046073516,1138.016083624757,1143.296113812427,1141.6993526661136,1137.3873259238394,1145.0710375450017,1160.4016899072476,1166.0138377271578,1162.9095669322644,1150.328404556751,1155.6761840122012,1162.6605300899637,1174.8801511160736,1185.2086420912096,1180.4847027928092,1183.5672345248709,1185.202441587321,1203.8076350629024,1218.8475352122584,1224.4357135166563,1212.6755263012235,1180.2179972859483,1184.3019959363842,1212.3355227141715,1258.4794366225774,1237.6337789636095,1228.340585642516,1223.2988899660534,1256.623051685721,1265.875053449478,1268.6478047021633,1266.303337969217,1267.217271815905,1266.3623993202405,1290.778513650717,1290.7082682586422,1277.902366772414,1260.866009392562,1272.9474043955286,1303.6624851628317,1313.2301550969971,1306.5109703602482,1314.9662600569495,1319.3106810094773,1318.2999945903334,1285.696746167069,1290.8455988102446,1310.9199081185145,1340.2879734788592,1359.4344350534116,1373.6421428412048,1384.7417495319762,1348.128223916679,1357.3890882527758,1371.4802946940767,1421.1714883737732,1437.3959540979633,1454.1096383633067,1479.820622852246,1484.101484231749,1484.8511126583921,1502.0986931615437,1521.1305834891664,1554.1209643895,1559.4219656533405,1581.3055865410265,1612.4905314454497,1646.1865038517792,1674.8756822473945,1669.6207600848131,1670.2337772681776,1659.71448775371,1679.0339866665195,1662.829618124983,1657.8033618547931,1658.294422169264,1673.0808923946856,1686.6820374351014,1686.1096570872376,1707.0332172553628,1717.3680475567767,1712.915834744263,1701.0195160201076,1700.6423868964857,1711.9766668943703,1709.75484972988,1694.9782537834258,1699.5551493458659,1703.0492299343534,1726.0081153358897,1732.0973100842227,1750.7660985516134,1749.921683578111,1737.9438848289992,1738.1472904342306,1742.3710715282778,1774.5794462221404,1760.3391669161867,1782.0196012489757,1754.731419192179,1782.5341695948737
701,453,Rowan County,county,NC,NC,"Charlotte-Concord-Gastonia, NC-SC",37,159,,,,,,,,,,,,,,,,,,,,,,,,,,,,,,,,,,,,,,,,,,,,,,,,,,,,,,,,,,,,,,,,,,907.3128040307785,932.9943332167612,937.709353447454,,956.4415075941439,933.6966229674238,938.5192554890058,,968.3467910329938,984.0437232125811,1019.3892308772419,1054.8377509018137,1086.3236489610433,1096.2340621542144,1086.0666591545737,1088.9723600941722,1089.8132737116014,1107.2524606557006,1115.5630483800628,1129.5870302523483,1141.8218454569926,1143.405931181958,1151.3370925410834,1177.5188114805812,1197.641417570064,1233.4376791430466,1235.1767780537093,1223.8079663916749,1198.2903895709364,1209.0663787999945,1237.2015318270676,1246.5013397224318,1260.9747978923797,1255.743393685682,1280.215453826611,1277.6984917754219,1296.140122945414,1296.6869785061926,1310.996103583919,1304.8845859642845,1308.7445323943805,1310.7948925725234,1308.2601541185697,1300.7856558829205,1294.615656644895,1315.0323024401646,1341.2448046575555,1370.8041398335038,1386.1902993316971,1398.6196591297878,1378.3763727770283,1372.393915067583,1353.7347310982598,1371.327016594402,1355.6299693159062,1361.5235558313852,1370.0145755219246,1401.6972934472935
1413,454,Sussex County,county,NJ,NJ,"New York-Newark-Jersey City, NY-NJ-PA",34,037,,,,,,,,,,,,,,,,,,,,,,,,,,,,,,,,,,,,,,,,,,,,,,,,,,,,,,,,,,,,,,,,,,,,,,,,,,,,,,,,,,,,,,1843.5954622270815,1789.6408272811223,1811.928938024467,1905.533668474545,1960.4044451238976,1946.9650061972895,1913.5717031467975,1938.0973658295622,1993.1686790511847,1999.2161852085271,1966.272240521077,1931.5581774347938,1943.61125740934,1967.47241903469,1975.362352468756,2041.2583375664392,2057.330759866742,2103.8604783615992,2072.9406677247057,2145.324268761423,2138.1504349806078,2153.7975094547533,2119.9401288628187,2173.6363309775907,2171.605480871655,2253.112186532812,2238.7069933622815,2271.6794175851032,2224.817286915074,2233.162267291536,2245.9356606981355,2273.307881312544,2304.8319646353734,2316.6259031667896,2299.5816656278225,2324.073876900529,2272.3077386151735,2266.1111111111113
960,455,Coweta County,county,GA,GA,"Atlanta-Sandy Springs-Alpharetta, GA",13,077,1011.8230325084709,1016.5006286217589,1023.7494288339033,1019.7671345178942,1026.6490512994908,1035.246693993077,1047.19945298792,1049.7042860324705,1042.307226059588,1041.3707499547636,1034.836576277298,1040.155274326417,1041.4834185513237,1049.9350104058553,1064.2567840313418,1074.6660878428575,1085.4982903993016,1085.4570524804492,1097.2380599815604,1099.2378872902457,1100.2847570749734,1090.2481237144482,1088.944526297186,1091.8776822962789,1099.806903790552,1100.1021964323918,1099.3028481623544,1110.7199674382573,1126.5489628599137,1143.9721737159139,1144.4584188064478,1142.7072729075016,1141.1632838114685,1135.7058018945988,1138.055024047776,1136.092241655402,1136.500234668897,1134.8862794661934,1138.7529159625228,1150.587299148843,1165.1174679712458,1176.585952870786,1186.949395119713,1188.857174160092,1190.4556306064683,1181.7829794264787,1179.6821130358285,1174.0587688689272,1185.6638812162266,1196.4673320321633,1214.253946665125,1226.05181322255,1231.3493406879993,1238.4519034830234,1237.2389236302868,1241.968234520975,1235.0609642951358,1237.4942258604808,1240.362253375264,1248.4955582182092,1246.399050080029,1244.4317318462251,1247.4523488528253,1254.5506040920347,1258.5604749055433,1263.3639242002585,1275.7652167037345,1294.9232240294375,1320.2610121789617,1327.1166826300682,1330.2529493934796,1317.6421561431578,1333.6683842062187,1349.7659556679314,1385.274241933005,1417.030385257525,1461.5136371488632,1503.63217045297,1543.351851473326,1585.3715516491952,1604.346409478753,1637.5456862976996,1647.2662738257895,1668.1024723578894,1655.0333638467184,1656.036617664944,1664.1019609151328,1680.5773508075947,1705.6233463895826,1721.6444364695005,1741.8969575483848,1734.6591011563125,1735.669142754053,1722.510158386657,1736.2882157991808,1722.915966491747,1732.10251276025,1719.7325802260839,1746.184165863087,1748.7910462581926,1767.8228476857075,1760.3229440175965,1767.9826777434394,1753.159155827948,1761.0041222396321,1779.4771761927975,1787.7966775300622,1783.007236984373,1785.3268239567124,1809.8757130786669,1831.21449384159,1833.6899426846076,1815.5766130989302,1797.1266719866321,1776.7006796417545,1784.4816184953816,1797.3079136577978,1799.527229562871,1803.542462685893,1807.46361410503,1811.77252690443,1817.5913019107934,1815.025653594771
2207,456,Coconino County,county,AZ,AZ,"Flagstaff, AZ",04,005,,,,,,,,,,,,,,,,,,,,,,,,,,,,,,,,,,,,,,1362.220975895768,1408.9040750068516,1477.7182401708496,1495.9347973079873,1512.1054934033496,1531.244428923853,1528.5167119453804,1518.731839005543,1486.1022619986447,1470.9119191094298,1456.0844131029419,1450.8987758237442,1458.699107672114,1474.1309755353284,1503.0844877305553,1543.3356565056072,1551.9785558064884,1559.8083432681308,1558.3063694629009,1557.4894464614038,1531.2416669618156,1519.878784738257,1520.3277250124133,1534.6174656220178,1542.8439780480724,1549.765486886387,1562.31350715014,1585.6973162508525,1613.1065317774012,1639.2660661234045,1644.7726648683595,1642.7959066655346,1642.213604717121,1608.8765802207315,1624.8586113577633,1639.7432466561386,1688.1969475628007,1705.8888051478523,1746.525472465429,1770.256004767491,1807.9654780891547,1813.2472398201987,1837.061472725156,1886.1964485431845,1929.861759982328,1977.8434902606907,1994.7732795377524,2051.1504756978266,2063.0056412367826,2076.1837657762135,2082.0560983456526,2092.6621105212503,2100.4523156272057,2112.5023796643377,2131.5018547725754,2163.9913282389666,2153.253741742362,2166.3632623166072,2121.55809842917,2108.4028422603787,2106.7239503312308,2150.963660930114,2194.033626469573,2204.5745470117336,2229.217593727049,2247.253928231107,2262.901252697126,2230.1336619141844,2195.5435607969844,2204.5714727473533,2215.2239551270854,2217.3365266697547,2204.6191696752394,2237.2820531121906,2285.757900796543,2308.40831737643,2306.089409895156,2286.181403562559,2266.482142224869,2249.0220264867608,2223.8061277656698,2239.7620234611945,2247.5949821497466,2268.9789324893322,2267.6262203721203,2290.5051577152603
1308,457,Parker County,county,TX,TX,"Dallas-Fort Worth-Arlington, TX",48,367,,,,,,,,,,,,,,,,935.5659042100892,957.8332968866864,977.8306196876489,999.4610500432289,1003.934765060212,1001.107991692639,993.3503423504937,984.3591862660126,983.9235623054172,992.2339081307085,1013.3367920171463,1034.5654999163085,1037.887051774027,1038.1274598564864,1053.3777342219444,1062.4674362001806,1069.024978418317,1063.5297537925555,1059.2349471314976,1057.9989455367145,1070.9935844545985,1089.378637199121,1092.016485531564,1088.8401159029459,1093.273165440222,1089.5085870490234,1104.2947559719237,1112.8560833035888,1129.9742024233701,1123.809322888654,1122.0461709412696,1115.7844886848563,1126.8872838613568,1139.0208638847982,1145.4128388268502,1149.0113775256482,1142.2616471583865,1161.7568952915299,1158.5471047084322,1177.8850454739377,1178.1630761861395,1192.3802147590116,1180.611803043311,1173.99280964213,1178.5164490418117,1179.9849041471064,1188.359739866387,1174.1534857282136,1183.3309199484438,1181.4524634313855,1190.5569938697145,1198.3923910304165,1213.0605285328138,1226.6552537920786,1234.708574229575,1233.176097974488,1249.8371509915373,1247.825195741408,1273.7175571572584,1274.6966599765603,1293.7564828600741,1313.7076108584845,1325.5385337271462,1337.073995612619,1349.070267786617,1360.8329521896605,1373.1768721001874,1372.2884686395191,1391.5812255526168,1406.809665303137,1423.277158834057,1437.102112094355,1454.6036457413034,1469.4068150460364,1495.6806968863775,1520.346342354337,1526.586114201137,1536.528363980689,1523.7689672610577,1532.6239295466871,1523.8187317953832,1535.5102224921682,1536.063405509425,1533.0376477276177,1532.8827234209589,1536.0615352974366,1541.9590282513868,1554.6139920237426,1557.6216033433548,1569.4705799543772,1560.3756857315518,1558.741328782105,1553.2552892242127,1557.9307122217235,1568.654726173135,1580.7850887641112,1596.4992299417352,1605.8253559773855,1608.8798519949137,1616.478171149866,1619.3551069762777,1632.3032531488677,1630.910438963187,1645.4035265682373,1636.0479825647171,1625.6256799514179,1616.681125592519,1628.9755469755466
1496,458,Wilson County,county,TN,TN,"Nashville-Davidson--Murfreesboro--Franklin, TN",47,189,1202.9046230454665,1197.8928495115388,1203.8450891639807,1199.9312847055096,1212.6109433622223,1221.8657066657918,1249.2175134447402,1276.6469637263679,1277.717026771517,1282.5365189865247,1252.4739236289513,1260.0640706376546,1270.306951206189,1282.0766471907705,1291.8775200963505,1283.0466278335796,1300.364701358745,1301.8840153524739,1313.919126872027,1317.948541501011,1317.0858268655475,1307.645320466015,1295.680571658729,1288.5595098905967,1293.0268014219037,1303.4616854370886,1325.9499848385196,1323.0001668842956,1334.120600287582,1331.3483938474164,1350.7841942031696,1350.2284042646177,1358.2973511121943,1353.4540742570373,1359.9754071410612,1352.4282843066155,1349.965165240738,1350.6382616102396,1365.5839507021858,1386.0389360229303,1402.2093790184056,1411.395817868028,1406.9747657648907,1396.2550642743697,1383.1341296284202,1375.8562928559898,1371.8658535511865,1370.6332452339786,1383.4229620980914,1391.212632912546,1412.7156572700662,1422.4032699501638,1431.6823826256625,1431.3127670374276,1428.9293753825937,1432.4585568425086,1435.349079722587,1439.304225565896,1436.3643893757187,1435.4073589856048,1439.1519352100872,1438.981072639845,1463.524680893312,1479.2741940861079,1496.8533986586006,1494.5574993624982,1498.2527045668658,1508.2389831417556,1504.6284385324545,1502.2008689070556,1502.0106702659511,1502.8269224275373,1514.148070505293,1525.7165290597657,1541.8133721351976,1553.8239830330633,1562.274631732761,1579.5652420188685,1591.3763541961048,1615.8001272261056,1645.4135281930326,1663.7023178666723,1679.606873919621,1689.8432385401195,1724.401168621191,1750.229135606224,1749.5613735135805,1745.7440082111857,1743.8875833073969,1777.7641698933226,1801.3835538965232,1819.6045258919748,1809.5156724868195,1796.7692922462509,1804.0236010032495,1831.102880501873,1843.1794264458952,1839.0070174774587,1834.7531898713764,1841.14462625268,1858.5361117606533,1863.523913943566,1881.427515878741,1876.0260541979446,1872.1568174213137,1848.3004361759258,1867.510955981913,1870.4965060799013,1895.9049826646472,1886.0177989968117,1900.2877728825265,1901.5573929055063,1899.0286473036597,1900.6580586508906,1914.5812698221175,1940.0947983629915,1947.5876876573725,1943.6830746542987,1944.1565604797313,1949.33978472782,1949.349820148724,1950.0306920325686,1945.81544011544
3119,459,Rock Island County,county,IL,IL,"Davenport-Moline-Rock Island, IA-IL",17,161,,,,,,,,,,,,,,,,,,,,,,,,,,,,,,,,,,,,,,,,,,,,,,,,,,,,,,,,,,,,,,,,,,,,,,,,,914.1228425202756,923.0364527108966,913.750880346109,922.8972425819808,920.7361724856974,926.772432978631,934.8416721714868,951.10464493721,998.0840402123274,1012.5858108630938,1016.9236267779615,981.3320729064251,986.4955213881389,978.4474077615874,994.721747994983,998.1772875051984,1019.2771903544786,1036.662044885031,1045.873732553064,1073.2990468625396,1096.465315772081,1078.129102122015,1063.7705549130633,1045.2865975985906,1054.3927152971994,1041.8059808540452,1042.2622635335517,1064.5588216767603,1109.2064731240528,1108.6126761445507,1101.7456389345273,1066.7897071251582,1069.6514843424925,1077.0176144323814,1079.1452600106397,1080.3788590192137,1071.4244559957526,1093.9278681950918,1122.5165529989372,1155.6603239242493,1135.4079263192095,1142.2789407363582,1132.5944894342085,1172.9684506785268,1165.3027562908123,1186.802725571106,1179.4397354389046,1177.9977089660115,1153.3361094503375,1149.13915878574,1163.6350686350686
2495,460,Randolph County,county,NC,NC,"Greensboro-High Point, NC",37,151,,,,,,,,,,,,,,,,,,,,,,,,,,,,,,,,,,,,,,,,,,,,,,,,,,,,,,,,,,,,,,,,,,,,,,,,,,,,,,,,,,,,,,,,,,,,,,,,1010.7851480955434,993.2528670722608,,976.2220241277198,1011.4850318419002,1020.7184392254813,1062.9679356407864,1069.8634395436975,1083.7172751238675,1085.2416519029582,1079.8051006561084,1098.3136590370289,1098.2234471432798,1114.477316475017,1099.525972226245,1114.7054648768628,1121.463661593827,1143.59617765983,1147.784115382735,1159.590437291658,1148.7955747762671,1165.8582233272261,1176.8094980640747,1164.3099932624764,1151.9007417950056,1146.7754902880974,1177.8568233000567,1186.888888888889
1671,461,Douglas County,county,GA,GA,"Atlanta-Sandy Springs-Alpharetta, GA",13,097,998.0413966524519,1000.2755667267776,996.0809405030988,1001.2655696899984,1009.4780581989061,1019.5424983951442,1029.5484313668424,1034.162694507839,1035.7334972235178,1032.0805098451394,1033.4464024582358,1044.9678998866689,1052.114143856481,1053.3075845048409,1046.6191416133227,1055.7542466317818,1062.5800334580415,1080.028038226702,1081.3911063506853,1087.6528123099467,1082.3253304369448,1079.2511780430364,1076.2895798725212,1083.017315517188,1088.6768657708692,1101.345673526543,1107.9320844548658,1122.4632777381864,1123.9467848578824,1136.93726895812,1151.6057199275454,1161.9300395961081,1157.1053343926235,1147.9598585388712,1147.5217722248783,1151.939247642934,1158.8457209501137,1176.264817891604,1190.2247066157663,1198.1899020304463,1197.8244857672835,1202.7351317324838,1207.7760124661877,1213.194736620514,1219.1859036921137,1220.2409757982284,1227.0621079307261,1233.457244086258,1239.4726336993374,1244.554960373873,1242.0002095663972,1251.1086510501166,1263.2095151365716,1281.8987002089998,1296.2648111965286,1299.7640365614548,1296.1593428830956,1289.1217557811365,1301.165303166316,1308.5140429758487,1311.5137248196397,1311.5675458504018,1323.9763408048193,1343.9538561281825,1352.2156081558696,1359.5048807106928,1378.6034057807262,1399.4196910898722,1416.9931371785165,1419.6830948175557,1424.391960833037,1432.6237817604583,1455.7277581541916,1477.5752608806995,1498.5949250764984,1520.7345179237007,1549.281650470168,1573.4047386350512,1579.6426631007876,1604.0193150766222,1625.104502644154,1652.2787743263423,1665.934206131101,1678.8792571728807,1680.078454074734,1662.3991661281761,1662.0304929956505,1688.2250872415832,1722.4443802062833,1747.5615783374114,1763.8601660181916,1783.529800690427,1806.4947546531175,1811.2055086650741,1801.0417940851198,1793.7257403603676,1779.4404543900662,1778.3514943949533,1773.9619582210712,1783.541728831132,1787.5083946937807,1798.6891067589067,1809.6633275360864,1819.276611722195,1802.0111175871436,1789.9885976249436,1783.6100239509612,1784.792253364454,1810.5962354320534,1839.1862435813375,1863.9236965594273,1872.607271991147,1849.611805951522,1859.3227406534527,1842.4396905756405,1863.1227548072884,1871.2268033865346,1883.5401835996754,1875.6909734069689,1853.589405175647,1844.2870197713762,1857.498725002619,1888.1243217054264
3028,462,Schuylkill County,county,PA,PA,"Pottsville, PA",42,107,,,,,,,,,,,,,,,,,,,,,,,,,,,,,,,,,,,,,,,,,,,,,,,,,,,,,,,,,,,,,,,,,,,,,,,,,,,,,,,,,,,,,,,,,1002.2048413005459,999.6196947522698,993.4354461250804,1001.5110754240604,991.0029021581033,980.0861389727451,976.6312068878427,964.5513402235251,983.945593248058,1003.9537595687917,1030.5845467463012,1039.6933684197588,1070.9923275794915,1086.2587616563392,1079.364016088635,1068.2603610646331,1063.6061570611014,1053.6592456590292,1049.7326812161202,1056.1535408693896,1071.1100487513625,1073.915810881993,1092.4584239286344,1101.7504674410459,1115.1963926275193,1107.7420597138628,1161.5746620095015,1175.8329743998554,1188.7258679911004,1181.5747862142443,1172.0448558587948,1189.2528333704324,1170.5962680715163,1183.3669469723134,1203.7407407407406
1805,463,Jackson County,county,MS,MS,"Gulfport-Biloxi, MS",28,059,859.4113614186524,864.471797692489,868.0749787119553,871.4360560596207,,860.7355013213158,856.3191447106913,859.397436812012,861.2615410972562,873.2220952691505,869.9296164790201,872.8891899865278,875.782802847144,876.8633987197819,875.4893599484313,879.3682154147019,881.0734900986694,894.4184652085413,888.513554195573,892.3097664768228,889.7182228739421,890.2907878993623,888.6961034051435,873.0524680439154,882.8528329496074,893.276140415608,909.2684703206081,907.7878219163655,897.944209865165,901.1075025589961,914.8209336983791,922.542771143764,926.4715868954054,915.4909827105225,922.5270742277322,927.077556656728,935.1090785386511,938.8044144939206,936.8110647189583,933.9372156837568,929.1220512446396,938.3431854215686,943.9347543084443,947.4845710779019,940.5792609181865,945.8808563948006,957.5294739924209,965.6112641644888,959.6033886540205,956.2845660205294,959.4354086431889,974.1030373594731,977.5652495969229,971.0384695845732,966.5017671253314,978.2131488988715,989.064325441204,990.016169853895,985.8699063165582,996.6940012683525,996.1237937979054,1005.5506979669153,998.3705281690202,1024.2017451418592,1023.9208693950111,1039.667362126822,1046.8628963642443,1045.7913034971086,1064.7789829208093,1065.9205072645952,1081.195661540538,1089.3087718329525,1092.902452821086,1099.1148856465015,1067.2550122788696,1083.0689434432174,1094.4902096390294,1134.21419494808,1158.3874230666831,1179.0768005183602,1194.0581048450601,1220.55406515333,1245.4783290459754,1292.702175482444,1291.9769513874976,1285.4750536325207,1261.7653303424408,1251.1827193596102,1272.4582532919046,1279.0852862440818,1298.8263057164306,1305.2933718329962,1324.9116803090162,1331.9971857066,1331.8208159672397,1338.4415831080928,1356.4232974569215,1363.1472200339072,1367.2547958571972,1361.3757977157713,1390.288075544178,1391.570228571502,1396.6343855772107,1382.7642763935487,1395.1918042380055,1391.3691800883655,1390.3725289626495,1387.1887193088037,1409.8556480178327,1407.419430108438,1419.2273901243675,1408.2944523268604,1439.2806341993905,1450.2424858315737,1480.5147509632352,1484.3564608950876,1501.8036106747618,1485.0920625445408,1488.4867312341162,1461.7353739251748,1472.5614315625014,1452.8321454881284,1474.4626784352185
1854,464,Lebanon County,county,PA,PA,"Lebanon, PA",42,075,,,,,,,,,,,,,,,,,,,,,,,,,,,,,,,,,,,,,,,,,,,,,,,,,,,,,,,,,,,,,,,,,,,,,,,,,880.5731396720211,936.4688184164859,951.7635101145731,959.0882944946837,980.414702275538,974.871161684477,982.8471713620706,977.5593877032678,1000.7549503753996,1018.9654574893074,1039.9628737283197,1021.8501850824741,1032.4951009908748,1025.370547301781,1055.0954231907533,1073.1949002036656,1109.277938439999,1110.2196814119025,1100.8888360770043,1101.933111043201,1105.2407691594144,1105.0732819090274,1143.410991489538,1154.0079658177085,1176.7656960497156,1162.3596690014638,1194.4065506196384,1200.3673903444108,1180.9856758117498,1185.1369911383956,1198.4750002503686,1207.813218710126,1191.636250954828,1200.9210196058468,1227.766906302897,1241.7813233678303,1243.7277661065461,1244.4525886381218,1251.2367668306088,1253.792460747473,1269.8798557702696,1260.2627810053275,1242.448910313713,1242.9563291568027,1273.7862500493911,1332.636733838462,1368.3623281369016,1356.1163548310435,1332.1481705041565,1296.5207440220538,1323.4347643097644
1423,465,Taylor County,county,TX,TX,"Abilene, TX",48,441,810.5769553519475,811.6920652464993,811.9518195859426,814.8931971818374,824.9856973566298,830.7895430128764,833.3963661571222,829.4892824593857,828.6610159410375,829.2551346370853,832.4163146122207,832.6045101388064,831.6131533013412,832.9334302894396,831.2077940396316,838.7678867992684,837.5909848853229,844.3324330488654,843.5367933654916,843.3926468617096,843.2113067835381,843.4990480962706,842.8936921661744,838.7193834856287,838.6788236836823,845.9135189750001,859.4101101051796,867.4068118996462,876.3431671573355,881.1425002605453,881.1245886013297,878.549683492134,873.7272143959415,877.0585740942514,876.0484295202725,881.4810334603735,884.6329476471778,891.0916286005452,891.146326114132,893.6888410404864,898.1578315679435,908.7791970447687,914.06092699513,915.6985043129287,909.0184309015777,906.308056446441,907.7547402057938,916.3601172981818,918.2841730292075,919.5293661856995,924.9852721332426,934.0798766878264,945.1641059776468,950.7667925730019,952.6424130773047,951.8575523008652,946.1095867460505,951.7372916379643,950.1151881927686,958.1944422302334,955.4878038061374,966.2988874578639,971.0701885420001,980.23342468235,978.772639167445,988.1155330895779,994.6386951546406,1005.3511990389406,1006.4565838194166,1011.5418749597798,1014.6822917436817,1021.9256535646688,1032.4570784221614,1036.9640917894853,1049.3222214729328,1051.2694299037664,1063.6782707935183,1065.6784673360257,1082.093673718769,1100.8812209596128,1117.625995557417,1131.005437444629,1130.8293836273983,1118.9174249411478,1109.879394543958,1113.7941853131883,1132.897921837658,1153.7309905404654,1172.2681750190209,1184.7439117681147,1189.03272981692,1201.5955076176172,1212.5202686866637,1211.9304631089262,1209.5298431027886,1202.4635950357635,1204.899206060385,1209.4254049110782,1223.8900862318078,1240.1728788092512,1240.4958214251972,1247.9793052158307,1249.2131883006377,1253.9726714507506,1256.0993312934534,1257.7329412963104,1251.8030225884988,1242.9162660982968,1240.3124678034212,1240.9880038363974,1245.6197417474339,1261.3800347049953,1270.6922953878993,1279.7997483134527,1282.001709495515,1299.7220737130012,1304.166479385956,1309.1050920829898,1302.0217397797871,1312.8408966323943,1315.1228100744875,1324.2757223932585,1329.5615348891213
2958,466,Livingston Parish,county,LA,LA,"Baton Rouge, LA",22,063,,,,,,,,,,,,,,,,,,,,,,,,,,,,,,,,,,,,,,,,,,,,,,,,993.9970427103407,994.1520689244206,997.4475063022843,997.7813055194539,1000.4635013445547,1008.9758604809117,1008.0473003388963,1009.1250539564847,992.6696557384015,997.0013766170281,998.6324284781053,1012.4431136467686,1012.0286725927706,1001.7562648406382,998.1493892650245,1004.5909080354321,1007.1685115964632,1009.9943911767798,1015.9604592014826,1029.7990611233397,1025.991276435878,1025.221920612847,1025.8663928037165,1046.0101554549008,1048.7951104207061,1042.9420007383885,1048.752074050029,1060.272511219766,1087.8227865512158,1088.7159124388197,1103.0775625262504,1099.9649123177396,1109.1701432620007,1138.7264904367933,1161.5915482052928,1173.4724160251642,1156.5613694303556,1147.845481669214,1181.5314363567338,1178.1094307023639,1195.124306309381,1177.4154837524814,1181.0723881326355,1183.746436564669,1192.8087031510609,1207.588083617379,1202.6681640388867,1200.5127823155271,1205.2935218126534,1196.9327977819828,1187.8393957392464,1174.8025803051235,1204.7269949976162,1220.1204572095824,1234.8940412448937,1220.5511001882994,1229.2808556006842,1217.9066426454046,1223.804857201492,1219.9462214533055,1228.9053008474584,1242.6725258061626,1225.1767153092158,1235.592292153187,1233.3861202326625,1241.2832181031845,1232.0447684861992,1253.713605878438,1272.8061816324805,1289.7438272669367,1275.7414640412635,1261.1192453701576,1252.608347778048,1239.884139884657,1244.8969315805086,1255.9259259259259
1218,467,Monroe County,county,IN,IN,"Bloomington, IN",18,105,896.7882019756455,889.4604871207393,874.166424835266,871.1311344333155,873.1968851832168,878.1107487872446,,878.2833090490285,894.3131345681037,897.4011443020657,913.3224421426941,914.6690745758675,906.7257403697178,893.6468472708727,888.1333902596778,889.0651822477214,903.6257582719834,900.5635514302792,903.5328897347869,902.796566815396,912.0022208191525,918.3916839188329,927.9227429434176,931.8664256544901,935.3563336799093,932.3306636944881,931.8304615903878,928.0832360317479,935.8991981968702,936.4682898899498,943.9761700828492,935.436426566556,945.8277495913009,954.5323026920046,969.155114021969,966.7638735791921,965.9903277559123,963.1406366475898,963.2644604613863,963.3142211125133,968.1690628069917,977.8807637990088,979.0885063963299,975.9871411759274,984.4344123018022,994.2041233961977,1006.5317665161568,1005.3163474866958,1009.1441138687588,1017.1511677998815,1026.5029760390908,1027.3392219132463,1031.615577115665,1035.444009590246,1037.3354583767996,1034.7861850131808,1035.1625772429963,1042.9240659325258,1049.4762154616953,1044.9181075103718,1050.843358795332,1053.0262145679326,1061.25868000479,1057.44004124056,1062.030168704003,1063.910118289892,1072.5646490572074,1072.1277604039424,1084.62570772299,1090.4737408310184,1096.5199993389583,1098.184284650995,1105.7018387131998,1114.061042185097,1122.8058063037777,1115.3499869486704,1119.404707286701,1121.0132574928023,1139.2034974082353,1163.2696926904139,1185.8070507267398,1198.7804502317124,1196.8362720372636,1178.8552425294586,1181.4493238376945,1198.7608031458287,1246.2447912181055,1270.2536667988816,1282.3341813454888,1277.3716548137008,1303.3380526828578,1321.693875465347,1326.8224335750026,1309.3172349479887,1292.4827054350767,1319.7728293407354,1324.9189430102467,1345.5213115287095,1330.8288118955622,1345.8771369071183,1341.799316403939,1335.6723339640569,1339.1447014723872,1342.9607732229765,1354.028959683069,1350.235755331261,1346.5761816983759,1356.9109699330645,1368.3380811560671,1376.638745059245,1371.2599704989764,1373.2131679599277,1383.6744094588908,1392.564297707496,1403.9630220879567,1418.6204067238514,1434.4536099028658,1439.0419085017625,1432.4119545457486,1418.67586752999,1423.4984799179447,1439.8800913254563,1454.2478821991017
1833,468,Kaufman County,county,TX,TX,"Dallas-Fort Worth-Arlington, TX",48,257,1193.9341089552713,1191.7289860159772,1197.1437633244427,1207.5835753135025,1223.8248211785221,1231.6339186080395,1236.0048941411487,1246.5050663777192,1246.6642166021618,1261.6900606513675,1249.6397277356687,1258.024411764452,1254.1487585233801,1270.545159484598,1303.6119775991008,1319.5261431107535,1324.1693493888647,1314.0517197301538,1306.9504722256045,1324.933402262677,1316.1913428562132,1332.0278864207146,1324.5192952137018,1328.9189785337655,1323.734303094819,1338.1588763725354,1345.9220212917944,1361.0598537123876,1370.091251059029,1377.2530711551995,1378.1339898549304,1363.5049957825954,1368.7120283318798,1384.2651066070553,1385.6310549259924,1390.9866400753463,1381.8499789309371,1398.2310687324646,1418.1216440916915,1426.8791243328153,1441.6937251219933,1440.3051327245173,1447.0891810850753,1453.04563735644,1449.0713469885518,1456.3116748934235,1442.0653159334352,1446.396744685282,1448.287141368972,1463.0105285439022,1475.804798992948,1482.3169643438632,1499.1181023299227,1513.2626085495106,1519.7342167338454,1502.7730664913897,1484.1090305809305,1488.003632041652,1484.371554792204,1492.4297451099028,1489.3887492827757,1519.2829696414476,1529.963029776769,1536.3850454472724,1537.7571444672055,1558.9825860965593,1567.1026748056208,1573.9051469909164,1573.9409084661875,1591.20770521478,1612.1210223492267,1611.236952092137,1610.8961443807443,1601.208875630854,1611.8944624018122,1629.5046371445246,1652.2609417591898,1685.5765573877036,1710.9314665977668,1730.0303427706117,1774.2383653070206,1790.4517923231438,1811.1401551968656,1777.0870439025744,1780.4405804139801,1786.0639833349578,1816.2563120427,1830.1182911529386,1845.9590969591998,1864.633875359686,1888.7766725470474,1909.034393472969,1915.3084934798917,1918.5432111559635,1901.7542826511713,1892.3222511917213,1893.0495749552185,1908.2925926036385,1933.9292378412754,1940.3888814692568,1954.2344871946045,1940.5999432560784,1946.7853819907907,1943.1885418047682,1954.906119873049,1950.3318342009024,1950.8628379016643,1939.950231540875,1945.0397586945119,1952.6536909944848,1973.163700532136,1984.4186879111335,2009.2225694957249,1995.491097680164,1989.8811270126084,1964.796307156733,1971.4927269141815,1961.4252558094981,1969.507596815553,1966.503733636365,1970.1702478273116,1964.9139601777522,1980.1179050860276
1500,469,Wright County,county,MN,MN,"Minneapolis-St. Paul-Bloomington, MN-WI",27,171,,,,,,,,,,,,,,,,,,,,,,,,,,,,,,,,,,,,,,,,,,,,,,,,,1275.7150722430436,1272.8363179268165,1294.601890948405,1309.468987541853,1344.549181970618,1354.1092281944127,1363.562740904321,1353.972676924967,1359.6776919202096,1360.7219620082851,1349.2908848250327,1341.3641498878424,1356.754061126585,1377.5508148427607,1376.7072159817099,1372.339977259607,1391.0312563242696,1424.5068090219204,1432.6765179846866,1419.3152426498837,1413.2111852086264,1405.3820187900162,1415.5793457139505,1428.7991438339666,1455.7770936106908,1473.584011358656,1487.280767370122,1486.8971430085082,1490.2080134577814,1501.5706739406717,1520.7929453372037,1536.7266732786718,1533.855932157989,1531.4395048482356,1509.2349597036414,1530.3187559774617,1550.3413079945665,1603.1610483406732,1606.0262610629031,1610.6152146487273,1602.5904602258945,1601.7556723309772,1617.976931424214,1619.0620421532137,1638.6319715931122,1632.0138231408107,1646.0923639745497,1637.564723961203,1639.2223466351127,1644.2188873443697,1666.2918550676484,1674.3707160507295,1662.4152551137965,1661.3668671650012,1686.9925270743647,1727.6888708034046,1728.1281978723753,1715.3909237793891,1724.358161556989,1693.5786351684906,1686.6161947249504,1674.0358620160757,1722.4204478041158,1758.1709589091017,1773.8280003241703,1801.6165341362764,1782.8821215266935,1779.9795009387724,1765.378624709002,1759.2800564999657,1745.185673350722,1763.6270181147675,1761.145957364798,1783.9347868040904,1784.9805194805194
1991,471,Randall County,county,TX,TX,"Amarillo, TX",48,381,,,,,,,,,,,,,,,,,1105.464255306104,1108.5009131101506,1126.6388872540847,1126.4871197122013,1116.7373103503649,1106.471052711433,,1096.1387153722715,1095.5935143420427,1103.972147190713,1114.5080230132276,1116.7265645961083,1124.0600179529574,1119.7924303169345,1135.8862567094113,1136.1151604500583,1140.286654043148,1130.2556464430113,1117.0386555759137,1116.5952676121542,1113.6059338624402,1123.901331381914,1122.0681734648551,1131.2714425568024,1130.0151260566868,1132.0611280680523,1137.0661707929348,1142.2957372271705,1143.4172424738488,1134.7403934911079,1134.1131267060007,1133.7637486380008,1133.83356552539,1134.506558817914,1138.907895195623,1149.5966927194788,1156.2696852692147,1159.1214920936316,1159.6045316616044,1164.4514768579622,1163.8207488235587,1165.1360080292084,1157.8453833722574,1166.480015574126,1173.7329591626233,1177.511105295582,1175.066148651337,1175.944042507364,1183.2129786750147,1198.1219860903982,1198.0450835891352,1189.8216957080128,1190.3487602010482,1202.4537811728394,1223.3234810614254,1214.5256499622365,1200.6918314764841,1222.9048108933835,1247.1612524144623,1277.5393079406015,1278.3593689858321,1286.929641779363,1296.2934562750038,1310.960105654199,1326.3070726569752,1342.056714249959,1330.9879053333882,1338.43706745573,1341.5609408468354,1371.0342650870662,1378.664825220691,1395.8648824861177,1397.8995895872267,1430.834154934038,1452.9681680765448,1460.1877312575775,1439.182188071274,1427.9209036269594,1432.3513897908665,1423.476309319085,1422.984356088818,1428.6065933642026,1446.0578543509473,1458.2092749901794,1461.2438531541154,1461.3117830332792,1459.1029371384227,1462.6640444657146,1474.3809252656117,1465.4249577707726,1461.9369013330854,1461.7109200145205,1468.8303080718424,1456.1473114680248,1452.0695711575236,1454.784047033201,1477.137716853247,1485.6681576127573,1502.9450998399136,1511.1772464473013,1527.7231810212963,1523.483772948096,1522.8944113923494,1514.3051751353528,1517.4508295077928,1521.1775978159596,1521.9659565580616
255,472,Napa County,county,CA,CA,"Napa, CA",06,055,,,,,,,,,,,,,,,,2009.2735340943275,2014.9016698581781,2041.380660364329,2080.9471970897666,2118.318274863166,2110.804876924632,2089.7025548428924,2096.8988977524714,2104.7582456322007,2098.2950712910933,2093.691383351753,2097.5460209513044,2125.802095335898,2134.1081526432527,2146.246405399878,2152.204248995276,2161.9109132687763,2159.8643807160975,2187.086264843894,2226.061210262837,2274.910348502696,2272.8116091695297,2255.4948089596364,2226.2828291241663,2257.6083951074843,2279.1870830788566,2312.2630290445127,2315.3297669558583,2334.01556371602,2331.073372633173,2328.3937512113444,2298.5344342255203,2312.4019386498167,2302.1961965392875,2346.451289165695,2356.2160874682822,2372.4720476476587,2376.791838815757,2382.7043080877993,2404.37759256295,2409.9118851493513,2410.5622925389152,2389.607973480719,2379.6152841091684,2374.259164302381,2387.070009100143,2388.35226877035,2406.5137235400343,2390.481019496919,2419.581007821531,2415.5045729840162,2453.9093911401505,2457.4201198689652,2507.106120603884,2554.3512166172227,2566.599201509871,2579.920350774355,2545.7177274801356,2542.3408183962265,2514.439036596986,2508.2458249273645,2551.524521311374,2582.00924861686,2657.4501262872227,2713.1842936473145,2746.964010841389,2743.5926149101774,2722.2996584370912,2734.0876351458655,2741.616021663051,2740.118904034548,2763.3374139454418,2816.452142684426,2870.0157714486963,2893.3559285281444,2924.140277168466,2916.545518167377,2920.146771656041,2885.02272839344,2865.6677595472,2857.9472176818686,2856.3805980629236,2887.3386122807774,2910.1667215161374,2957.969306144567,2954.149113090489,2958.510087285982,2932.0649554555703,2941.158651776488,2946.555489071538,2954.7560082510554,2926.864628029857,2907.201837797536,2902.9228924932127,2939.257392231303,2965.2650335490343,2987.2136425174717,3006.6001873658865,3026.476206244889,3016.3530290500407,3029.0334590700386,3008.6344519060926,3016.4549105536153,2989.812194723506,2978.814154059855,2975.7554095743676,2994.1531594467338,3021.3645502645504
3193,473,Spotsylvania County,county,VA,VA,"Washington-Arlington-Alexandria, DC-VA-MD-WV",51,177,1196.1995827834755,1208.066211566537,1211.7937939913702,1203.9468705037887,1203.6712075971896,1198.0099118925307,1207.4345592848567,1203.2213608414854,1212.665971725064,1207.9176660816652,1207.5193222516666,1195.4010867897307,1192.8603440758686,1200.0044192114958,1217.899835998677,1225.1586710474269,1235.9693350371133,1236.77855142454,1242.1187894165917,1238.7138700741414,1233.5550930319284,1220.462607189274,1219.9380289334194,1228.6017682630838,1239.0802608789575,1244.9625304602155,1235.8910691532392,1249.8491314150945,1259.3202493855074,1275.7043973999912,1280.7907805694101,1281.7008979764723,1270.272956917143,1257.1498691855272,1248.3486245274378,1262.135472461868,1273.8217404997743,1278.9500505926296,1281.8866181998735,1284.0482613064205,1291.93866300511,1297.3079247803992,1297.6066172001833,1304.0205128609298,1307.2994230159825,1310.1373952413546,1304.6965669006813,1298.5171600819954,1297.7922792704499,1310.2718099305614,1321.1898773137248,1333.3563116867108,1331.9097644746637,1337.5510183785818,1342.8640018985898,1344.2792804366038,1344.7160040643512,1340.6612627181958,1344.8468621859313,1338.7029553370296,1347.9764263241375,1348.2564890629355,1371.567314134543,1367.1287444923366,1373.0347149075774,1361.6408726632703,1380.2683006783002,1398.9750756755698,1420.577254721599,1419.1633562701525,1418.2814080364835,1413.0238415228002,1433.918879085929,1463.7685018149,1512.9479590038316,1561.2514720786435,1591.0317583863584,1607.3995891478353,1633.169182334858,1661.858872745656,1679.7033361105455,1653.0160286475436,1635.6059104150854,1628.0453311117285,1640.8200918292632,1667.5610042845533,1705.1463478821684,1751.7446608413957,1779.9099709775976,1797.9494326038955,1802.3006472450375,1784.6690705647045,1795.6101986803985,1778.4795831273636,1764.1635521563944,1739.4454957041464,1742.5332231075788,1762.2912260360551,1767.3117510538175,1772.6683944177018,1792.211448004085,1804.206791174729,1807.13599390306,1796.582858604898,1815.0586393676294,1813.1223646519572,1817.1442770191388,1796.668437584408,1806.1975307654102,1817.9787069467043,1820.1497554520026,1844.939340486312,1854.723281049383,1880.7267435455562,1884.5325717596845,1894.6863063517624,1921.2596799184564,1928.8275280780754,1945.0489127758362,1916.5612091195178,1908.8844564039325,1893.991365633466,1917.2429920116194
2401,474,Marathon County,county,WI,WI,"Wausau-Weston, WI",55,073,,,,,,,,,,,,,,,,,,,,,,,,,,,,,,,,,,,,,,,,,,,,,,,,,,,,,,,,,,,,,,,,,,,,,,,,,,,,,,,,,,,,,,830.3698247663717,842.2852679004577,849.7261560913524,863.8179881546666,897.652805461797,915.2622627663582,917.2126715504677,894.3794825814372,877.157397052169,868.3049721591309,876.5199465827209,896.8828439464464,902.4896986844011,895.8012465845788,898.8273126073918,917.4975333503405,928.0986208199449,925.7283861077548,920.1031999304455,919.8667118549436,915.933998457164,911.5265910853466,903.8999156183856,888.6960402721957,895.7558951266334,902.1196260443393,923.879870782862,941.7724138771239,957.2261982509291,961.6385251011975,950.3657185418934,943.7121855438066,934.4183852219592,926.9290338943405,933.0869177256915,948.6085981129186,953.8315465560362,962.1190476190477
2266,475,Florence County,county,SC,SC,"Florence, SC",45,041,,,,,,,,,,,,,,,,,,,,,,,,,,,,,,,,,,,,,,,,,,,,,,,,,,,,,,,,,,,,,,,,,,,,,,,1120.5472423814904,1121.1557729390531,1124.119238167174,1146.8004041548936,1164.9842182842913,1171.3834400736087,1164.1182775881257,1161.0579217642191,1184.2703900642503,1196.581277616552,1220.1340403944682,1208.436397597327,1225.9316795973314,1222.3227946939287,1243.3884790779116,1245.1904667549281,1259.054995382241,1281.261532612452,1285.461680016796,1312.3407424203886,1316.4266060543512,1342.0632842921473,1362.9365325798865,1389.3331719197577,1381.2192014549105,1375.1478600459416,1355.328204230858,1377.7752903643545,1381.6144713240426,1399.2651435330345,1403.37539954295,1416.4951816243265,1436.4876608452048,1426.7396923394772,1416.0874019169626,1382.614192470406,1414.5386443073053,1438.484744957481,1457.2361368278325,1443.128858193561,1435.8361182970993,1447.6912180436989,1471.7825195976852,1500.5342595001716,1524.5725484535644,1501.3190694513385,1537.2227153512238,1532.5749090735603,1566.7784219938594,1524.2095395742206,1524.91393683621,1538.3019014004808,1551.7542087542088
2351,476,Humboldt County,county,CA,CA,"Eureka-Arcata, CA",06,023,,,,,,,,,,,,,,,,,,,,,,,,,,,,,,,,,,,,,,,,,,,,,,,,,,,,,,,,,,,,,,,,,,,,,,,,,,,,,,,,,,,,,,,,1300.9735753023187,1290.359132883156,1282.216556276745,1300.9191179357113,1365.4045872796153,1389.7223395239612,1400.616340159251,1380.5500847201415,1441.3855936103814,1464.786089426958,1471.2930580220168,1374.4957778771727,1332.3978665855066,1338.9806746221336,1375.0531107855657,1418.0136432171123,1444.163028111605,1430.6989205331665,1430.5328321762386,1402.9904813137066,1403.800141194707,1436.2964839566098,1464.7840520422683,1513.7797457689367,1485.6493547694627,1477.4115618278174,1460.257457482613,1513.0489684047668,1508.85192444903,1514.1260967919245,1468.1455344548572,1474.956812940584,1491.6185438862228,1513.323316937035,1526.351511075259,1496.3888888888887
3164,477,Hampton City,county,VA,VA,"Virginia Beach-Norfolk-Newport News, VA-NC",51,650,936.8300719482609,934.9668530672465,941.4032810597967,943.6416264912062,949.9388732671664,951.6525595803699,955.1311963021708,953.2658192402043,953.824420083925,954.8838081672452,952.3262136353613,950.9596079860972,951.9663460432186,950.2927295407176,953.5510734673585,953.36726040078,962.5842694169436,962.9207550381163,967.6221379149317,965.2605765289183,962.3143571070652,956.6220080111135,955.2282541725918,957.9371370472035,962.5676759258212,963.9015708316383,966.5408216867119,967.8529344794723,973.2741112446222,974.9981684014307,976.5604109476003,979.3131656881613,976.6587639705867,976.0855975566986,964.6387901158436,969.2718256112634,971.7964077443621,980.6643383313972,986.2782972392839,990.3397525685059,996.7602878549554,1001.1757440842795,1003.3902025023691,1009.1962466822646,1001.5868549321855,1003.2898016385108,998.1588729954864,1001.7467156018984,1003.5009989134185,1003.9815315358305,1013.2457289390743,1014.6795218632913,1022.564733173937,1031.9424806105324,1043.456372303974,1054.8895436024654,1052.2392784197286,1043.4235871287638,1035.8297054678203,1037.5351210669992,1040.1466798962606,1040.5080575721697,1019.3291412256348,1023.4725821682599,1030.2823152782403,1060.6960793122944,1083.431691105326,1100.3895211994243,1122.2280056441352,1124.1275347402377,1145.1391870051366,1146.9969124328645,1159.1155091749251,1162.3059531790045,1177.9089198203937,1201.5370648424716,1239.0302667537057,1276.7931211138523,1324.2245450615294,1348.2593563788705,1364.4024313053137,1372.10493178562,1379.5611846614195,1390.2180939970983,1379.6209113134298,1363.6254439317563,1358.2914858267882,1361.1093198067563,1372.7703239374334,1374.3828907302222,1381.6720231394459,1389.147205722074,1411.8949813981967,1431.36977081065,1436.8126113650842,1432.6635774156098,1412.243157781947,1407.6566811342982,1405.6417812558432,1429.6049180890739,1444.3730471999993,1458.4960338897192,1463.4563525801668,1468.7112924211501,1456.131086009539,1495.0507330444507,1501.1469760857713,1520.4797418122162,1471.086162109461,1494.3288977957152,1501.2929363396968,1541.5480686816945,1537.2339134696726,1540.5036775107974,1528.2696424207256,1528.7793199668395,1537.1018928233868,1540.042864513829,1542.2415034537557,1546.9506135517781,1559.9668819535495,1570.234689344659,1556.630876068376
3077,478,Washington County,county,WI,WI,"Milwaukee-Waukesha, WI",55,131,,,,,,,,,,,,,,,,,,,,,,,,,,,,,,,,,,,,,,,,,,,,,,,,,,,,,,,,,,,,,,,,,,,,,,,,,,969.214601414327,1003.3313579491276,1000.1127838586352,1004.7123019874979,1007.9415368788792,1020.6491615996553,1013.9355049229675,1009.5844668051967,1005.4576054593821,1018.2918805031167,1024.9890024343156,1052.9454504020644,1077.913645834781,1108.9429546339854,1125.5815860310292,1136.332017650379,1145.4533183978683,1147.1472077877218,1147.9976322927414,1135.9075326199288,1147.7655004118644,1149.9823484704189,1170.4145665495143,1171.705463809499,1178.4254728775595,1175.6818919765979,1188.8567302961922,1198.9001944286788,1216.9674798218034,1212.5463808118036,1215.1928082808467,1221.7852974050138,1205.1101459305282,1215.1467340347374,1210.8332192025314,1229.0303103058873,1220.965224094132,1236.7163144929134,1276.3015303597472,1297.600120952579,1292.2151601445767,1270.001212078309,1256.498958967564,1282.9561970201144,1288.4385016618608,1301.0433519210426,1305.3213434003912,1292.4199520791196,1304.2108349753335,1298.0444444444445
446,479,Clark County,county,OH,OH,"Springfield, OH",39,023,,,,,,,,,,,,,,,,,,,,,,,,,,,,,,,,,,,,,,,,,,,,,,,,,,,,,,,,,,,,,,,,,,,,,,,,,,,,,,,,,,,,,,,,,776.5338482123007,782.4314075809882,818.2343025815085,831.4563991797959,832.4768165848199,844.0733406018043,,872.5720386125533,855.8396730846624,845.4696095681887,865.217327334892,886.0780701307402,,899.8223051153045,887.7076466167105,907.1593553501815,928.8825576979558,985.3302537467152,969.635174485575,964.7102216141066,946.4425541084584,971.017861600973,988.9881452557308,1003.0396219760094,976.3443177175933,964.2148039112996,977.5607141071386,1019.3579919290037,1062.5779243668808,1047.9213002423753,1063.0402757835814,1056.4026488940574,1070.4022595055314,1041.720104535452,1052.5992063492065
394,480,Boone County,county,KY,KY,"Cincinnati, OH-KY-IN",21,015,,,,,,,,,,,,,,1148.8568010540657,1160.3301001927994,1163.3730522941453,1164.8304083721475,1160.6688431317907,1161.0197896129391,1155.1876598036113,1158.2923936500365,1174.586454514915,1172.4463540683016,1171.230000783679,1160.77752838449,1174.368976389173,1174.2052871173876,1177.9737609639217,1187.7167462412083,1182.2511235256727,1182.6896125503742,1176.6790130696036,1183.7524230474874,1187.2526140748655,1195.9346299986105,1189.714142623084,1186.9661829574468,1179.9106054671333,1195.2314989576648,1211.5594911615074,1227.2661775473316,1233.9933494892025,1227.1532186902177,1220.7755228868127,1220.2452469322927,1218.4533722012316,1216.7507137408381,1215.8087100067894,1226.9453603201466,1240.1862843696933,1251.140389416004,1260.247866160445,1269.558457723036,1269.033794704161,1265.1249232282676,1261.100995315315,1276.947471353104,1286.4341546397682,1289.612907637921,1275.5594089080219,1272.149048552004,1276.2586269583792,1280.266508330775,1282.938222091029,1283.852507713611,1302.3095285085692,1318.8093469134383,1330.0032945543153,1338.405059606801,1345.6953137122457,1370.5305127598933,1369.680911946278,1373.2819011434228,1382.7229964778587,1398.9286031749107,1410.673868026172,1408.7701941978303,1432.6996820353056,1458.6934590652597,1482.4810641414388,1507.0113303739981,1508.3792138917668,1513.811679874435,1500.6005389373222,1517.7774101953587,1518.4788909011238,1519.3529318986264,1539.8373327689217,1556.129889470485,1581.1770071926112,1595.9887907680645,1611.7480396346964,1609.7015373723334,1599.5860979490053,1586.7888443929212,1578.7644546449194,1560.3047055617942,1571.884561841694,1598.1494752102853,1635.5856324069553,1650.9854766936892,1672.6702871712046,1665.7350572389857,1668.0504961441309,1666.8694506933941,1663.1396182248363,1675.869374339144,1667.9571297566567,1691.416176742197,1694.958374842652,1717.6938719701104,1726.826749074795,1743.2656686111313,1731.9215161653337,1737.1004352394782,1769.2566442772818,1795.373332042797,1814.5594930379805,1793.6968441307388,1791.4588473239094,1788.5588963070234,1782.2047494837552,1786.4820512820513
1575,481,Calhoun County,county,MI,MI,"Battle Creek, MI",26,025,,,,,,,,,,,,,,,,,,,,,,,,,,,,,,,,,,,,,,,,,,,,,,,,,,,,,,,,,,,,,,,,,,,,,,,,,,,,,,,,,,,,,,,,986.5383029862431,,1001.0947013096937,996.5030078574894,1006.1583468254502,998.2574670599947,1000.2121137413494,997.5605173990077,998.6979885758615,1013.6324881018369,1022.7584662712941,1019.9733355064988,1013.6733873388358,1005.0042355996286,1025.1427029979977,1034.600551238701,1043.4690319035144,1038.3152857242483,1033.815901742505,1039.2589036281431,1032.1044233153334,1051.1245565186205,1058.5341168553416,1076.9546570513655,1078.604939927053,1076.6586675164408,1072.4471461068392,1074.1745598095933,1082.3660739958332,1092.1015160394418,1089.0120003885231,1099.1357853632176,1103.9956124277196,1119.548920459511,1116.6860402462928,1123.2701298701297
1733,482,Grayson County,county,TX,TX,"Sherman-Denison, TX",48,181,,,,,,,,,,,,,,,,,,,,,,,,,,,,,,,,,,,,,,,,,,,,,,,,,,,,,1168.2096885747314,1163.0843204760524,1157.3877384095574,1167.9195186549566,1152.7296394702826,1154.0961994970153,1143.0315383864968,1146.9993988241642,1143.7328706966834,1154.065007858377,1156.6803011287648,1166.442487284189,1173.7951165376626,1192.5319051061883,1196.0992443855255,1202.8261374017882,1212.9644242292768,1218.567914819638,1230.3857541150721,1238.5626170460173,1253.8547485702777,1265.0470132750352,1281.4567196827295,1288.5327141069615,1296.389006147378,1326.8792464981716,1361.5401232472636,1359.2670521070343,1338.0578700591743,1335.6746793527416,1356.8396535729116,1362.8939516284777,1370.6811668872247,1397.9785467379238,1419.682601429538,1434.4996950162792,1433.886868778018,1450.0360298535059,1467.8450030447486,1478.9235499200693,1491.8147867987595,1487.1789297778205,1484.4410543295105,1475.9071412321102,1467.3251982112806,1472.4466195926495,1475.9266996128702,1484.9779878844893,1496.7545522224189,1511.156979981257,1524.8851001980083,1525.1488870437213,1530.57903003281,1525.604572051002,1528.6890316263514,1530.5395372470764,1530.9626814042595,1528.0908817137342,1540.288249257968,1546.9012503099884,1555.39514601731,1548.478525679397,1543.462603804358,1546.5085535182918,1532.8021562631072,1534.9023296244263,1519.2261454059553,1513.8843688976458,1523.8113589470474,1543.7095527865895,1562.0619690154924
1582,483,Cambria County,county,PA,PA,"Johnstown, PA",42,021,,,,,,,,,,,,,,,,,,,,,,,,,,,,,,,,,,,,,,,,562.3220179171065,563.9733501005087,554.0393343409457,553.5286436686647,553.2682458262022,550.9152907999368,554.2445352568419,542.1893183806712,550.2689817420436,552.8528031613178,569.0706275470642,574.4543669742433,571.2356307233233,570.6779228468673,565.0058966763231,582.0933219660425,587.7037783700569,592.7414571105029,577.5747164068179,575.8194417721152,587.2764373271134,598.5097740736197,605.6565890872871,599.2986141485379,603.2150738483822,594.8110909002569,595.9421609562246,592.3843425424285,600.9760408195533,610.1768563306738,619.4390743211274,637.5960985773164,629.2382190256315,627.5802299175385,633.4057852940755,643.3803402803533,651.5891933104159,637.4775005394404,643.8730900012742,649.058211864038,663.3517041743213,661.8710131543958,658.4395308460292,651.6164902413354,659.4277566249594,668.3185328148227,673.4538801030509,675.70469754835,676.121281098702,688.2614777145961,692.791922270638,706.0222694968363,700.8673221218505,707.6431249581299,709.6077186926557,713.0433763276519,728.3474846022937,730.2642908799776,747.8132212369021,728.4978560567994,726.0404345173347,719.8371845389044,729.8877486759181,736.4688109309618,745.2070849837837,749.6469425006086,759.4658432704939,777.4365698537754,784.4263307102009,770.2092067380937,739.0128259979483,736.1558061434465,728.397761488765,734.4082643062891,757.3638443472961,787.3269724958681,798.8323215989682,787.3782201414737,788.1934378064215,807.9038646878166,815.7837875847442,827.0638554869251,818.3401998312763,833.6666666666666
884,484,Blount County,county,TN,TN,"Knoxville, TN",47,009,,,,,,,,,,,,,,,,,932.8519470274064,933.2314740566815,943.3711540822057,957.4684018270466,961.6665788576247,953.9775698874256,941.0252224052912,946.8333635833678,940.3408852960519,952.1153709058291,961.0663093113124,972.0546893005696,978.208601629615,977.2652358503541,990.1388927323029,995.4981166680758,1004.9299193276323,1003.254312206593,996.8650876088134,986.477437387215,985.4711812210336,990.9512608441546,1010.2335254829287,1021.3583808977089,1028.9025483545793,1033.3923173457122,1034.623113453919,1046.5578369081734,1041.3402274704863,1040.744062054079,1045.7494613952335,1050.3014012171802,1059.270164588392,1060.7883105984067,1068.9244723782624,1073.2401782771637,1081.2931806905583,1088.163586313927,1096.8040009664667,1099.4310476038877,1104.6222791568393,1096.1141445149879,1095.464086728153,1102.7031654737973,1108.945898545796,1111.8970806281209,1116.635657286458,1119.5517810484987,1124.7581906154248,1130.3432661100903,1158.7409768354457,1178.744854329696,1200.4551698879652,1208.569424778084,1227.4211492279694,1216.6042849093199,1232.8391733173573,1261.2664890985068,1287.146365873079,1301.7982429535718,1300.1786815239177,1329.315969311101,1350.8709726327772,1369.5374738910198,1386.0980680701923,1406.7751306211362,1441.111553302961,1504.2362977975297,1533.5169255825951,1550.211822858831,1530.1637834390344,1557.1431135647056,1573.0785888437968,1601.8151485072533,1608.9296619950921,1619.2426384190446,1643.5698002281538,1655.3726092661345,1666.2597624128434,1644.5052626693398,1657.977985526178,1673.6325233058308,1694.3576435371415,1715.8169398244365,1728.3503957914556,1755.1660539417849,1757.4278401670172,1767.3344501503316,1766.5854541179224,1776.937339690745,1800.9981348286744,1822.0392638933254,1809.4472372621144,1794.8237363507292,1783.1437324524416,1813.592920844689,1808.4350226749837,1833.7592385251387,1822.537010399134,1852.7339142265716,1846.342714110954,1854.0366619593383,1864.5427387429402,1862.5782542056847,1868.4467149208738,1861.6559731597129,1869.191287878788
2640,485,Brunswick County,county,NC,NC,"Myrtle Beach-Conway-North Myrtle Beach, SC-NC",37,019,1014.3956213436885,1013.2737103264903,1015.3699654050301,1018.6787828258354,1022.1570252385038,1027.9011903870646,1031.1776762478933,1045.2398807091517,1043.8178717273297,1049.9414382025325,1050.2686405943891,1046.2568453769616,1056.1658782911743,1057.7155581488726,1073.0657913875652,1073.5235133415877,1082.7521337514452,1087.7522806634333,1088.8523491951037,1083.2764203735198,1085.862095257787,1128.071469781024,1133.5956477327986,1129.0201727982144,1096.8083001612363,1098.035135878253,1112.7318068696277,1114.773583167222,1130.08611936208,1139.2784069081627,1146.5004894363187,1145.0576594589095,1142.3666911241007,1144.6521510760997,1145.760948538516,1144.8422061020563,1155.0757450405656,1164.6064371695584,1171.2096472872397,1180.4298819219819,1196.2592648547393,1215.4911072166742,1216.4088912932236,1215.4026912594625,1203.9765103930795,1222.1118955969735,1226.933493948509,1250.13985452146,1232.8496885489553,1250.0032357316059,1271.4815396708066,1286.1269375851539,1285.5976293339043,1282.1798162379434,1274.0005445688248,1277.697113460682,1278.9111781956,1308.875015669735,1310.5650582708033,1310.389824980846,1310.07161182626,1331.6660153796047,1352.984796886069,1360.717364527282,1345.7851138030687,1331.9135353222,1327.8295754990245,1338.3981095983495,1340.197545307877,1353.7577913575128,1373.7808002244394,1391.9620849081066,1394.7850728432538,1374.0582199212902,1370.410169613989,1383.9981710955744,1407.7615126055575,1428.1132476752784,1478.4323822165738,1554.9158261708199,1616.2333802932012,1644.016256256632,1618.9200685529822,1616.95061126259,1609.4059639538627,1636.4789677209756,1675.7586769355644,1689.0066246994409,1707.9053917140777,1715.2160052854865,1735.1104971309212,1767.7361465805877,1781.252077052834,1819.6728065268214,1813.5279952145731,1828.7332258123308,1809.724227371329,1813.311076567543,1799.3861575140322,1808.428711691011,1819.0089633007417,1839.9960637747838,1871.7182726589112,1881.396118545314,1894.550783891465,1896.3089135804255,1889.5083687701297,1882.3079343159118,1853.5601579959289,1844.4678022481587,1842.1701136738147,1868.295296890312,1874.5610575398653,1903.0593315633591,1925.1802311411889,1962.990452069215,1946.8692543476502,1928.5391116214605,1935.9647007792548,1933.4052829107357,1934.2279579840147,1945.9093447734538,1957.9728325801254
1762,486,Harnett County,county,NC,NC,"Fayetteville, NC",37,085,,,,,,,,,,,,,,,,,,,,,,,,,,,,,,,,,,,,,,,,,,,,,,,,,,,,,,,,,,,,,,,,,,,,,,,,,,,,1399.7836103220566,1421.5298159307447,1460.2488096554418,1497.4617519170017,1496.3590513863073,1487.6013458819966,1490.4493561723536,1512.9255956386633,,1550.86868990919,1570.8222885641883,1585.3153990652254,1612.4819793081617,1636.9235765035057,1660.7156722046038,1659.0952574996663,1660.7876850649693,1644.7112466774608,1654.105314328197,1644.7887171670363,1645.780143799083,1648.6871085937187,1686.027646912444,1721.5669230610342,1740.5887891134626,1740.5655768645809,1735.1240722256052,1711.8823375513168,1712.978823322695,1724.1089397679386,1756.4698448354234,1755.928657632654,1737.8514448118747,1763.7645765961042,1760.8728306640924,1774.2405961894178,1774.0770419782973,1800.4196164735245,1809.8076594180422,1807.739679966898,1819.5026144214426,1844.5504289492449,1852.2565547869033,1825.2187791452932,1818.3929608360618,1799.5128428219828,1813.7115876389946,1815.2084623323015
1474,487,Warren County,county,KY,KY,"Bowling Green, KY",21,227,,,,,,,,,,,,,,,,,,,,,,,,,,,,,,,,,979.0213331941785,962.130153965475,958.4470383759402,954.1419600836781,953.8154253548379,953.3863484063309,944.136801751856,945.7046886378465,950.277341885604,963.0717242709364,960.2260739222286,959.2197736018016,951.7959506353229,951.0590281214508,951.4489146277765,967.8940076075975,971.7218879252971,974.7495446657126,967.6773755375095,971.9220338673748,972.7505999484745,981.823904745627,991.7229433677521,991.1892821777395,981.4342890616423,976.373613738247,985.0841137740558,991.7308060950314,994.7130606098125,995.413740190882,994.6334387187137,997.7379729248989,1001.1651206015337,1015.1353881076474,1019.310257379291,1023.1609438133368,1020.6514799767033,1015.8775541887547,1011.0206607421873,1007.6414768215601,1013.6884636900303,1020.622771750842,1031.7667561963679,1042.404243708841,1056.7345016383524,1076.2466911890463,1095.1997360508942,1112.9041708261059,1123.249963940487,1125.3773392860182,1137.0918461017316,1148.716298882512,1163.457804718666,1173.7614448960846,1192.3013573015705,1215.3231325304462,1218.2759154845385,1219.1986953384223,1218.621658213438,1223.5397863143826,1232.0595128221755,1232.540288255953,1230.6820367163932,1221.4024942195376,1224.024471568284,1219.6327416918518,1226.268729130981,1235.8567479760557,1264.3494264148273,1286.7910313570771,1296.8356069313827,1298.9433220852077,1287.8685670516372,1283.6645713387943,1273.482084616823,1265.6368760105643,1259.6714076906844,1283.0652665534278,1295.1097575513863,1329.3151648964977,1323.4111526747793,1337.43980281626,1339.8295374756149,1351.078204654698,1334.6879333514662,1316.512751267332,1315.2557847011324,1323.8564728140332,1333.2494766430207,1349.428904603256,1351.876984126984
2572,488,Tazewell County,county,IL,IL,"Peoria, IL",17,179,,,,,,,,,,,,,,,,,,,,,,,,,,,,,,,,,,,,,,,,,,,,,,,,,,,,,,,,,,,,,,,,,,,,,,,,,,,,,,,,,,,,,,,,,,,,,,,,,,,813.8467493542577,826.6479986478628,826.1301139463134,823.5714990264219,834.1505023852786,845.6024520290356,866.696970869896,849.8014480821299,853.3158839414253,853.1677583807628,872.4797635909846,888.1107574003013,906.6210183921968,928.4228107057384,933.4030214478167,929.8786262354122,930.3715075992419,911.9929010411934,906.8105178852447,886.3496253968733,905.1800717080026,917.0541776385228,925.6008003374526,932.0398476805669,943.4722222222222
3072,489,Washington County,county,TN,TN,"Johnson City, TN",47,179,,,,,,,,,,,,,,,,,,,,,,,,,,,,,,,,,,945.7581464059311,944.9672236572056,947.1815991564146,956.1824270337532,962.849525493653,969.865406491551,973.0495052890801,972.1325510643211,976.3509034032039,971.4522795812921,977.4900147639784,987.0447288840834,991.9936370915242,990.3347904118142,988.7440836618205,989.431179958679,990.5604521990061,996.2046579417319,999.5970293848612,1014.3759124582499,1018.4729514888453,1030.896563399129,1031.6640178064877,1029.993229658914,1031.7183273613698,1041.3458543725637,1048.4854282666745,1049.888242418883,1054.909372260471,1047.679255584698,1047.3084806906118,1038.4906440592686,1051.8174079611495,1067.4222711285302,1078.8199103062775,1089.0341878222239,1087.4372538618154,1078.0683423004577,1082.02307094369,1097.7303036827946,1116.670534711796,1118.8959045089991,1119.273485012867,1129.7042486642194,1164.4963524632017,1171.4427872889246,1213.5815709404496,1215.6696877545653,1277.7908100960778,1290.9381826014626,1316.7453360116058,1306.6198849155735,1296.6421974589307,1311.7223424689207,1344.1032108695442,1365.7495673502935,1394.9860545489773,1383.5845388452851,1423.2873670774413,1443.699565347108,1483.6327993598004,1477.3771823076827,1469.8339002401049,1471.29574655783,1479.4728850278352,1484.6490092090912,1482.2329684048598,1496.0054390246273,1507.981392137339,1519.830056207023,1518.892897608824,1537.1484639349585,1525.8478559799396,1537.568710399061,1525.4647572052438,1543.8778649013877,1549.6802473704045,1563.7673133052344,1580.2694624819524,1597.897686709615,1600.9052862566868,1594.6110772143663,1593.8428891996473,1589.3318082174778,1599.791540748259,1606.9021411223832,1626.2996320748737,1647.0941951464713,1650.2723026982276,1658.0739316239317
335,490,Wood County,county,OH,OH,"Toledo, OH",39,173,,,,,,,,,,,,,,,,,,,,,,,,,,,,,,,,,,,,,,,,,,,,,,,,,,1137.5528958386908,1149.2463463977208,1161.5761544673428,1171.0790136373885,1178.513014685406,1196.840217527653,1205.3021632282268,1199.7755759522738,1185.4757055651417,1166.3640868028888,1166.0470305417741,1157.415105675926,1180.1844234278337,1182.507505264777,1200.4425360933744,1207.0188943591527,1224.8069003399617,1232.8485368389295,1230.6607178313645,1233.158255953974,1234.3455047436519,1231.627652118903,1243.6178440073238,1256.0261966717542,1294.7143820891717,1302.9027376815632,1315.1211292566336,1328.872200427395,1347.991978965844,1382.5568091721607,1387.9654546523143,1429.9403715936683,1435.7468747037906,1455.6392725576986,1430.2143527689107,1417.2360589878128,1405.3749340893985,1414.8355780187699,1432.6195206603686,1459.6084987384875,1519.7583664927818,1577.1107976597095,1617.103011774896,1582.5462559767213,1537.4151261680026,1502.6281654239688,1483.153295093808,1471.367644693462,1444.1237614796325,1466.1994649771366,1484.3064140088889,1521.1573015760289,1519.6271308850755,1543.8944914240712,1548.9457521767201,1569.6763668957972,1556.9413045333479,1551.979062459255,1550.8925097539552,1557.7982878117864,1567.9105439097748,1559.5027878271162,1573.010572178571,1592.251345095594,1601.4562958580834,1604.1996422172904,1600.5982969107622,1622.1539205762926,1617.2125513129845,1624.9903884156558,1584.9446132958738,1562.298665449336,1522.211096773875,1528.7222222222224
3039,491,Tangipahoa Parish,county,LA,LA,"Hammond, LA",22,105,,,,,,,,,,,,,,,,,,,,,,,,,,,,,,,,,,,,,,,,,,,,,,,,,,,,,,,,,,,,,,,,,,,,,,,,,,,,,,,,,,1097.155500977519,1115.856397012445,1165.0065897166492,1168.931290204699,1199.8893362321376,1187.7317831420849,1193.2903454799864,1194.7794835032544,1212.6379028380888,1214.6776513499128,1222.8887570453983,1205.0817475157287,1211.2030750924505,1201.2559158539932,1200.7444530221524,1194.860940210892,1199.8113286649138,1203.0073103222255,1207.1505804001254,1214.1958994796883,1224.3152894416382,1234.6378542173818,1239.9636536461537,1251.6078545042815,1238.9893582135992,1236.0918216542987,1226.1882424257876,1241.962181717107,1245.6828343234304,1245.5969808078391,1247.490223652351,1254.0048410147629,1259.8353244743414,1270.4304735475987,1275.7463246519253,1277.622796562265,1270.1543216771795,1281.380044569225,1298.6441573839943,1311.0996641857496,1324.6495768403743,1324.938398031277
422,492,Cache County,county,UT,UT,"Logan, UT-ID",49,005,,,,,,,,,,,,,,,,,,,,,,,,,,,,,,,,,,,,,,,,,,,,,,,,,,,,,,,,,,,,,,,,,,,,,,,,,,,,,,,,,,,,,,1273.0095213143986,1284.2243727558548,1330.1737769085635,1420.8106192510133,1428.9141175327738,1434.085924595864,1410.20855501286,1410.8667938158867,1407.5222485394463,1445.2061769768125,1505.094894889976,1530.9774450232949,1515.1322375813054,1481.9036345925556,1462.097185084969,1461.9965169162983,1457.214349869438,1464.2576863963889,1460.2288160944406,1458.2573924191336,1455.937931353174,1475.817870761077,1494.4115764251505,1487.6579277113315,1500.581363780018,1511.3158201100453,1513.7261148575801,1496.7029657973892,1500.9812052596512,1513.14971171732,1537.930976297682,1550.6669627334513,1556.9301819347809,1547.5331847154762,1510.6030835196989,1498.5995959136421,1496.210637677729,1524.4179894179895
2890,493,Black Hawk County,county,IA,IA,"Waterloo-Cedar Falls, IA",19,013,,,,,,,,,,,,,,,,,805.1246698550261,809.1807502493822,821.0767808839304,829.4293118684626,825.2607926487177,812.8802382481358,815.9262282921122,808.9755796386178,816.6557482924316,815.9193603205813,830.5983427548047,835.9467983034498,837.9182395465584,836.9347618969526,839.7673073186437,841.0159582800552,846.4766785622711,847.4499938985493,844.4235971106175,841.3931072877095,836.4159753627927,841.7901319773281,845.3851897763616,847.2678199770753,848.4907188132505,853.5627709273881,857.7303585389967,855.3609134276293,857.0693083355332,861.7666516095479,870.5708937621116,871.1308669475221,869.0840355434448,862.9076285014478,860.0724864414656,865.2657705889471,871.762278010549,873.7946936806306,869.488120985064,866.4098653789061,873.434949406193,885.5015959044231,892.0437216982847,892.7643354996304,888.072149221354,887.7022902274282,885.9058597102386,883.6221608273895,884.5767814755762,885.8189968006842,888.2635212738785,885.4201197345416,893.3981684159913,895.0721435752622,901.3325844127435,900.7085790420389,905.8282431855105,910.8190676582859,917.4791846764581,923.9696648018214,932.5989603323933,932.1178652031699,940.1516557474718,934.5327234717568,940.2583932828093,948.1887510373309,967.3758516202514,975.890160035599,978.5935444324203,974.4723639155051,974.1618999263935,970.0617333992116,970.4689326624177,966.7523778323908,976.152605310734,989.2808454610015,1000.1642098904455,998.1108601927633,996.720194975319,994.6231791831257,995.5563614441064,997.3334778230374,1009.4375382689095,1019.040318323424,1022.0280949873695,1036.0952869128323,1040.8861975529198,1052.0494964570378,1056.2506019610735,1062.4836702295509,1061.614540283198,1051.715291620501,1057.1023513688451,1064.6833966768609,1075.1376639044577,1085.2080894135117,1096.7156697512387,1096.8957477749311,1097.4240181503246,1081.8611102251814,1093.4606432812384,1094.319916716872,1109.1485283563384,1108.273568832752,1110.2349670680094,1122.5009735352014,1122.172181372549
1835,494,Kendall County,county,IL,IL,"Chicago-Naperville-Elgin, IL-IN-WI",17,093,1393.2727546437707,1398.9194667454833,1400.693514796116,1401.1891141193505,1413.1463590467847,1429.4880204431058,1435.319866583469,1431.837361939478,1423.806774380543,1419.786298550841,1417.9672487420942,1424.003186676171,1431.9004010589779,1435.6193704863524,1448.6889246733342,1454.0077278288356,1473.8896533843233,1473.3282842716064,1481.7820220247297,1480.441282154555,1471.3485137386062,1458.5519138155755,1442.862182903718,1443.110521488994,1442.480690404781,1452.2635546190513,1474.0012234317478,1492.165380330268,1512.2435953902814,1507.9575286972188,1515.5336062770596,1518.7297243823975,1509.0152717057308,1504.8150654105896,1505.3590822846556,1513.839238316804,1522.68909911019,1512.7070353746442,1532.1842062705286,1542.4604124748148,1562.9625791894318,1560.0943884466449,1556.8356091200728,1552.6511379892634,1566.1671832118739,1566.3053134318525,1564.6088320056654,1556.7430545007426,1566.9667069691366,1566.9891935360586,1576.6778592862863,1584.146228654285,1602.1732909720001,1600.6208083017007,1600.549720079899,1599.2706525197227,1621.3670405898977,1632.4512722489799,1618.4687375330504,1582.7145199500217,1587.0466087524417,1600.4169419228979,1634.4037947030474,1619.0190920441787,1632.7925353203334,1630.2074444525506,1650.6308838311322,1659.637139694629,1669.7668338564176,1681.5973809294383,1688.1171242849427,1701.331590919833,1712.83730151111,1724.65089507179,1732.6645296034355,1734.6022271814018,1765.4662730447626,1781.1731252684917,1811.3851788920813,1806.8819389366831,1823.690268409287,1850.1635423179669,1866.9156334414836,1878.5596861441725,1865.0041813568062,1870.2017038248011,1872.763903217159,1905.1911989376333,1952.8037443675378,1998.0489704663476,2007.3013539391936,1991.636132320396,1974.4531806787375,1971.8421662635808,1966.7793316634582,1990.7002130844417,2006.1765068505254,2034.2418331818628,2070.5439176073396,2085.2032422655684,2103.2471401672988,2128.9905141668246,2136.2671099514914,2157.6961182618325,2155.8612206286907,2174.097712043664,2180.9938386162244,2176.0727784793266,2198.303693966983,2217.7782049033585,2222.647437757327,2243.405547440181,2220.148558933345,2262.9557691333744,2265.3716723284874,2292.785533405737,2245.582052554018,2232.6434057929214,2256.9371851900846,2303.5983308096347,2312.6009371455725,2305.4155863224473,2287.024747474747
2851,495,Strafford County,county,NH,NH,"Boston-Cambridge-Newton, MA-NH",33,017,897.455719056769,933.38076955459,952.6094545778087,967.9970571893869,979.1334938558579,976.9653197883575,984.3804026363628,990.9579234118048,991.6031432615379,990.6980675590341,983.2881549824099,989.4342789711385,991.5352011030994,986.5900112140895,978.8345341383266,986.9783166629039,1009.2434976978959,1023.6133285927901,1031.8415621507581,1041.880847791217,1041.4149819419395,1034.6139369498917,1024.6965658982401,1029.4603888897511,1051.228092796161,1067.5507755866572,1076.9609528612857,1069.4130334445001,1073.0525869477617,1083.0299451129674,1094.9751154224086,1099.6389591965324,1105.3074395902993,1102.7937246722665,1091.8098003216464,1081.0827425974003,1080.7325702281462,1094.7971487106506,1104.6001007100604,1124.548165281851,1131.5482466825974,1146.2510869562304,1145.8824451712833,1149.7759324856095,1149.1014687673135,1140.5485637334866,1135.204872596672,1134.7383801608469,1138.875723248383,1144.9837598008546,1179.5196893361551,1197.8998366774742,1216.8785082971506,1205.2804457873926,1214.0637223164547,1210.0609298851007,1219.8926065440533,1222.9679988541166,1238.0146792274084,1223.6654069278513,1219.2864683403031,1236.2056883333676,1272.3044126586485,1269.922240699604,1260.5414019017699,1236.397413595177,1281.1998594119525,1289.9139136777571,1322.6480667652795,1320.829225553132,1316.4000557469733,1306.6414905186318,1310.4204007327935,1344.8343553795569,1348.0108787763795,1349.2578547517235,1382.8946973416116,1425.887165059179,1466.0754924866624,1453.9946186844847,1464.0318380451304,1468.927758913923,1479.985199436137,1474.776377586599,1472.3305927062288,1495.6942633486292,1531.418458930378,1578.1924069083004,1602.7299181304215,1638.0023974073144,1673.9216587103097,1690.787820076623,1679.7953048662841,1636.0652252861194,1652.073086973207,1662.8427405296152,1684.5836001057905,1677.1430874338291,1695.0494478980681,1725.4910637748271,1737.237305917475,1771.673790484442,1789.0571891602515,1810.4649940187435,1794.6198691666007,1784.3154188991991,1778.6811363500776,1809.8551944280212,1804.2791026554926,1824.2981611316193,1865.289253966013,1906.7666714152956,1930.77427132324,1902.7931557965753,1914.0035715511622,1938.4389709080115,1940.9183767487827,1958.7084499883197,1913.188721421055,1909.1904335094828,1903.2104101355176,1920.3796300964564,1954.48782249742
1992,496,Rapides Parish,county,LA,LA,"Alexandria, LA",22,079,,,,,,,,,,,,,,,,,,,,,,,,,,,,,,,,,,,,,,,,,,,,,,,,,,,,,,,,,,,,,,,,,,,,,,,,,,,,,,,,,,,,,,,,,,,,,,,,,,,,,1113.2558352966287,1124.2009081634205,1124.4788193562626,1147.6811413524495,1140.287488111896,1132.4213969321866,1111.0315161755036,1123.6459990129858,1133.4162961416273,1142.6865876876998,1170.5733149251437,1162.2199854242697,1186.5716658895412,1172.7792269443926,1187.8008576073803,1176.1791518262764,1170.2563449041008,1159.0348462600357,1158.147648009335,1155.350997397888,1159.5995215154796,1205.7986164701301,1229.1666666666665
1901,497,Madison County,county,IN,IN,"Indianapolis-Carmel-Anderson, IN",18,095,,,,,,,,,,,,,,,,,,,,,588.597588655077,584.4002618114934,571.9137929169217,569.307617123598,567.4835169873152,576.2842369898473,579.3663845976904,582.097517787167,583.9560376533599,586.7502352122436,,583.5776145899108,588.226627150582,595.500122814894,599.673646134093,609.4873900208495,614.0907432123342,615.047386338605,608.3720142436368,609.2802517454124,617.208394070842,616.763558502507,618.4400846070009,617.8925286714205,617.7940244149497,613.9336176334148,614.81813044983,622.6282923199743,628.3344627809225,631.3485866500325,634.5092266478993,643.7421014481292,646.096925677958,649.1786294972223,648.3500437727765,657.0280178946997,661.9866370669836,656.6925984689942,643.3237734874232,635.4439185579134,640.4014470938758,650.6117599621872,663.0976488541489,670.587968923364,681.3735209549137,689.835871719033,701.4283341475976,707.6578067260385,705.8897047347842,708.110661329198,702.4696181915531,718.7989382530662,716.1178392536391,724.9124378815918,724.8134735537378,736.4477034077419,754.6809036507508,757.972664084147,775.2988122441699,794.3569811120199,814.2581856907668,814.8007836643723,810.7260745689381,809.3981272996926,808.8214560242922,810.6399941928933,810.7387884857031,826.5939532471175,837.293223006469,853.3282905404391,861.6218028313532,869.358327571777,873.501831174649,875.732148107462,879.2763513444365,876.8914088442451,875.9728261810706,879.8908246892682,899.5033820606196,917.5418291064137,925.0942071664977,921.9063139137057,926.7975024441427,924.9415740033693,934.8140601335285,929.72380454552,936.1048754331722,935.2491597807708,959.0390246189966,973.794202131975,980.764154410096,968.4474470718931,972.4316582552243,984.0899254889506,984.6842470847195,984.5134426946003,972.977459677459,977.9405700824778,985.8513598663238,1000.2563269601745,1008.5501685843687,1012.0416115648962,1015.653409090909
3071,498,Washington County,county,RI,RI,"Providence-Warwick, RI-MA",44,009,,,,,,,,,,,,,,,,,,,,,,,,,,,,,,,,,,,,,,,,1435.453486786943,1468.3183270311163,1458.776267370445,1468.615130473762,1469.8701892814213,1461.7341374346017,1454.0159014201615,1436.3200340608046,1457.2801585209259,1476.7623083943424,1501.8247729816767,1486.743274777776,1481.7537982910403,1492.7625475653374,1492.7167827102987,1492.1787819203082,1495.602796346222,1509.8692514038323,1505.4974288460817,1524.8669691344487,1526.5532247595065,1557.4220778379465,1558.6845837612707,1591.5725706444764,1601.6253198804152,1617.7859300161651,1591.9006296857788,1594.5743272909817,1594.3829113086426,1643.6599900855479,1666.8811983838025,1681.981310686389,1678.656215746601,1692.1193698992874,1687.0168953926313,1707.9709717186367,1698.0822410550297,1752.6998551295726,1789.3623734123855,1859.8798670151566,1888.3475774570456,1936.5149945220626,1928.7058532604347,1891.6228922509583,1851.1011955707552,1892.9765290359076,1944.6102224426234,1969.0158343425587,2034.8667510623227,2086.5537090789608,2145.4448095475013,2116.5256046426357,2112.3939554368458,2121.8741313247037,2063.8508340049166,2025.7779468834567,2013.1428851223823,2057.344672938595,2076.6770024237753,2130.5382814141863,2187.3087417485935,2265.2944825865416,2258.7435724205957,2272.5839199428806,2256.0328060595452,2285.2846770488395,2260.5646938745226,2260.237100485335,2253.5619242328057,2259.2283021380463,2275.332207126985,2271.579553205658,2301.6457733915486,2362.585209045956,2410.1452133229004,2439.6306794216234,2384.1977057999393,2367.0640471256165,2371.4162098233824,2416.3211248010693,2443.5328022098506,2449.819792795027,2444.205087841177,2426.9677544677547
1972,499,Pickens County,county,SC,SC,"Greenville-Anderson, SC",45,077,,,,,,,,,,,,,,,,,,,,,,,,,,,,,,,,,,,874.9289064241995,895.3709486618698,899.2566468154434,887.5968856579584,878.1575765938283,891.9740483869206,872.7041320591151,881.811329638093,876.2905544713644,921.2577805419933,,917.7296961471961,900.1343937599446,908.9507818884772,936.0840964674343,957.6696666847412,962.1719302571606,967.0523328596679,959.294676995735,951.0635262813538,957.1947297785662,953.7513776363834,962.5795669425675,958.0584217796055,967.5823798571956,957.4508317611127,963.3857052348104,976.907804612567,989.3786364628983,1000.5906651851411,988.2872763136626,996.7117204610169,982.2666471711242,992.5197000094237,1002.0166710062248,1027.5462977575835,1040.7815004139422,1038.7128471282242,1031.786908700567,1034.0881249410384,1037.8747674816045,1053.623065700049,1050.5181333851228,1067.7109481101022,1092.4564305242745,1134.8363492186927,1153.2568895382801,1164.7421978458488,1183.9082640269087,1184.532818413111,1192.3487008259483,1197.8182459042869,1216.5871099866447,1229.9599594209958,1230.614289711693,1261.8956377003744,1286.4570973207424,1287.9375327967464,1287.67521467601,1254.0821439318404,1265.083572531416,1241.2998012223406,1262.0389357902052,1286.8587472608433,1312.1807281764065,1316.8197005266104,1300.0639794688364,1313.183208775721,1346.8226259360283,1371.3087025928392,1380.759010920161,1387.2639498319543,1398.396184013007,1401.8535436171633,1388.0230668198483,1368.5986495779234,1365.3405218719663,1364.1806663088298,1380.593691329977,1402.1063362865807,1428.0853913020087,1432.9917558850775,1436.6358579611856,1435.97348085371,1500.6254629391342,1523.8767355811174,1521.148084210813,1503.181689334273,1483.9437908496732
2095,500,Wichita County,county,TX,TX,"Wichita Falls, TX",48,485,654.6731152781632,646.2042402565738,648.9122978831799,652.853857430833,661.6357093376356,665.4429866151467,669.4855847397781,668.2399669814855,674.1910867622261,665.4369580413919,657.2832192857171,652.8258937970531,657.4061796667918,661.9590422607022,663.6132781962714,670.0869530231896,675.4546284368311,679.343323398279,675.0560565404828,683.2921405868464,686.1800677553086,688.236877614503,679.1481271603216,680.5575995718626,684.5058700559646,694.6387942611557,694.8078618776435,697.7269548518444,699.2379574708865,696.8467682898746,697.4355323048825,696.5204047686091,697.5830802633179,706.1088178113024,712.7886511709663,724.1046812130846,722.5403208669268,719.7696237818169,720.0490917650656,722.879617633298,727.3779202136478,726.8013925294612,726.0665432481379,726.1565125654699,729.0061510347255,736.8259910264421,740.9656587558047,746.0001345777719,742.3399537315014,745.4282441091652,747.4432971977626,759.2989297582437,773.942415510795,780.9983771840034,777.3163493847395,768.9010884184447,764.2296006645711,768.3085189406777,765.7463154691209,772.4520736764705,779.1251440690173,794.277769655486,794.1545719161196,800.6803863277497,814.0462173373493,827.4031003878735,824.8917256002991,819.9723744173441,823.6139385386986,826.887558117792,841.3544646075593,843.1308379240919,867.7460468600007,867.816545120453,867.7377060194316,867.5306325960156,882.0704684649907,928.5099492512088,935.1215583528149,937.4669543178924,930.2856539955504,942.1773125071304,946.1883939148015,941.0438905695835,957.9357119220118,979.5190703571307,988.7152983727468,995.7903935898179,1008.3080681628271,1038.7152860253743,1039.1968865546723,1047.9536964980311,1043.3727601959913,1047.389312299254,1034.9130891694103,1035.5804307380447,1035.9378162428995,1045.4575898815983,1048.013444580963,1070.1728493358141,1068.5500989636112,1085.1625227225945,1089.9288057328777,1090.5166635478301,1091.4392289588407,1091.6702980487366,1101.0169476114497,1100.7525589933773,1099.7910103312668,1106.1808930572483,1108.7017766373212,1105.1126168971334,1108.719448893751,1124.700211898018,1137.5991305789055,1144.695955484293,1134.7509836017966,1123.327484092315,1127.7081295179667,1128.9129993330646,1146.839174343615,1141.3191391568137,1152.0814393939393
1703,501,Fayette County,county,PA,PA,"Pittsburgh, PA",42,051,,,,,,,,,,,,,,,,,,,,,,,,,,,,,,,,,,,,,,,,,,,,,,,,,,,,,,,,,,,,,,,,,,,,,,,,,,,,,,,,,,,,,,,,,,,,,,,,,,,,,,,,,,,,,,,,,,,,,,,,915.2485637302182,889.4023335048998,887.0875782459226,898.3333333333334
2628,502,Berkshire County,county,MA,MA,"Pittsfield, MA",25,003,,,,,,,,,,,,,,,,,,,,,,,,,,,,,,,,,,,,,,,,,,,,,,,,,,,,,,,,,,,,,,,,,,,,,,,,,,,1224.5714414257625,1261.647348339844,1302.8443818340652,1323.447510084079,1340.379927857976,1381.7752514659492,1399.9178758638946,1402.194460616745,,1361.4814879995238,,1346.7351790142168,1381.534881130018,1400.175991871875,1401.6345436818442,1417.232783309876,1434.7599092005455,1481.9156353738524,1473.104011095131,1465.418873109144,1460.7540157264864,1478.5261753886473,1537.8943351037458,1553.243736506553,1578.585126144789,1579.4315870298938,1592.343284697012,1593.5495792613622,1555.1060306474244,1548.7032044851355,1553.6572111463233,1595.3257493908136,1600.4451839675437,1633.4355145761047,1655.6877191064766,1653.1165888158907,1647.9827192485386,1635.505462133489,1687.664183037556,1692.926254832412,1728.140239984435,1695.9817019351235,1692.680641192127,1645.1382500951472,1633.0234403117468,1685.0088076067525,1700.4049675946528,1760.1455389269017,1721.527777777778
2729,503,Hunterdon County,county,NJ,NJ,"New York-Newark-Jersey City, NY-NJ-PA",34,019,,,,,,,,,,1657.7044577266322,1645.6282674118365,1698.1326374400921,1708.872020008266,1702.0288315536818,1696.4365409436552,1699.1565363015334,1717.2486177638682,1716.6669009411123,1716.5906222601916,1711.935563776483,1745.283155153039,1720.5297660743097,1752.3319789268362,1729.8409288723142,1748.074751484853,1726.7105918651123,1715.156569145984,1711.490903536665,1729.2574343621538,1779.7918368504877,1820.2903243904207,1791.9370558279843,1771.1753439245317,1787.854051177671,1824.0280351104545,1826.8385611763483,1814.6991416113385,1840.0602475026171,1849.0171743850653,1849.73263232636,1816.6664680033643,1831.0612012756228,1812.725373816833,1834.5226932270639,1818.41867570178,1824.8199655147773,1826.4994993135617,1863.1215846063894,1894.628212975558,1887.4973571614275,1880.979063114558,1878.0021627728506,1903.7436232685309,1894.9999280425982,1901.7915359306253,1894.2267305118637,1889.1799883254432,1907.6208161592192,1872.6331075476116,1890.1881065198074,1882.9194897214445,1950.3062319462654,1957.5129479897535,1970.2092379057237,1976.5736420683158,1958.7956927035186,1968.839746047929,1972.8279545202897,2020.958294140461,2018.5645158436425,1993.6435398066044,1982.5090094014067,2006.185622162016,2041.7151903701283,2079.1841445310242,2091.0555688002937,2099.0148223183487,2102.355420087253,2134.3828702784235,2203.0567193721486,2245.2316765361784,2282.042830237993,2255.200109440943,2273.040130438047,2276.4634624810624,2322.9950477515144,2300.5924915675996,2332.1756876316413,2338.636637668816,2411.2577724833573,2431.0309168193367,2442.508573574327,2441.6236649691928,2430.9537243928135,2458.860636775892,2485.8011525668207,2504.0667540889813,2512.0431758967907,2476.8437442275244,2478.553941858398,2478.5035581221136,2502.901624648275,2515.5275123457754,2522.564418519132,2550.0574885170017,2570.8552796789495,2577.9487896362034,2646.5540603070513,2650.9198145141827,2655.289379769173,2586.8989000098413,2594.314502201455,2612.621347899732,2616.229942451536,2623.877779077651,2645.025106559837,2729.5689352395552,2747.6799932940044,2835.4148448440505,2803.3912904275435,2835.4015991149945,2789.06369889904,2754.0
1393,504,Skagit County,county,WA,WA,"Mount Vernon-Anacortes, WA",53,057,,,,,,,,,,,,,,,,,,,,,,,,,,,,,,,,,,,,,,,,,1387.5103770323647,1412.4774927552448,1418.606249454821,1412.7015601127541,1400.7264040358043,1404.9582808380865,1401.4893642045015,1397.390884732673,1396.3830300077773,1416.789356273126,1441.5493459277793,1455.029758749253,1460.2340284622805,1473.3860405877035,1467.7142999105054,1479.6046430312108,1475.0405618136658,1483.869624902561,1468.1956358220034,1464.0193124298241,1471.1693257428824,1484.552597333825,1513.7511425939092,1518.6357094888351,1550.5412835002917,1560.0133634355782,1585.1643063222143,1597.0825785247127,1609.8100097785318,1608.6814545079305,1605.330806890418,1591.0946958399493,1608.930896784294,1621.0071764244697,1675.0523844210622,1710.1294184598437,1754.5334823230737,1766.6640102616693,1782.8056228524003,1776.951994516438,1792.8124961823967,1825.1973791010619,1851.1499554343206,,1892.7442472880778,1918.603645908844,1912.1813611811208,1911.556614045104,1939.3867884414465,1962.5600398476633,1978.1043986460852,1943.8948311946106,1936.0019667029806,1949.4168632207923,1981.1783243795787,1968.438073313969,1968.7840511898603,1974.437560479206,1986.4634071216221,1989.4185779588363,2008.8327676374238,2032.5115739404816,2041.4807260028206,2035.8713084721892,2012.4846662376826,2025.9593821302942,2027.582780608088,2046.8341941734388,2059.7498300137972,2085.0009725491955,2088.4955973316482,2095.7356681352853,2109.481737703824,2135.899656229941,2144.8749051678215,2148.505838524161,2136.2240395448766,2131.4738580260696,2135.744541136261,2137.7739863877773,2133.199945321016,2096.83371540199,2068.348148148148
940,505,Clarke County,county,GA,GA,"Athens-Clarke County, GA",13,059,832.0768874004882,836.289091149907,848.540381851498,863.4222776907,866.7636267199422,870.9098404833027,867.3725996956599,862.0736308488717,865.2792062158927,863.4568344153182,882.1707651799557,876.1139690404655,882.4442949505981,875.4758997271028,885.1001110590718,893.2376530166961,906.2928976453259,914.4319146541405,918.7706658341032,916.1121773781318,913.1854542238964,926.2515187963708,939.181874688727,945.0458997701277,940.8576062159187,943.5626616254604,948.8199238541101,951.2520906573957,945.5856182163444,951.7166447706891,960.2695207352492,966.8035210733685,977.9946307470244,982.193744800575,998.569430732141,1001.1098828119743,1017.521017076979,1028.054997685049,1036.009945637491,1034.4527967789074,1051.2385414948203,1059.81125335451,1076.3514226088646,1061.2212265820945,1066.173841537752,1066.7563256466108,1085.6765471168678,1099.7615564206185,1100.4801767410459,1101.9823140807848,1091.5177677524455,1096.2030048349657,1114.0064323025417,1133.406194410905,1154.3415334459423,1137.8657604912307,1162.742751308649,1179.0728658251198,1208.9879531818358,1205.298714506342,1205.090654437734,1206.282654791798,1195.1647808522846,1187.9016317366738,1194.457742206933,1205.3209411690991,1218.51641342483,1225.8325176676365,1242.0689183728462,1264.4227913305199,1272.5075840519526,1286.7758554665106,1287.9093770835755,1302.6718649603308,1304.6566450736416,1314.9528365624699,1323.384513102143,1334.2269620336383,1340.8808146388005,1374.5878224516127,1398.4172657120935,1422.1178743280038,1423.9403805799745,1439.6213376493863,1450.8656399274041,1456.2204673309427,1459.1792021654182,1479.7415351066509,1505.4718698867046,1535.519139971499,1557.2356935014784,1564.9470439546499,1576.4937598271467,1575.516696782337,1576.5005722549938,1581.681449942216,1597.3438768240308,1628.1513792307444,1647.6724802243086,1662.9738834446066,1655.5786748927758,1672.436666932051,1684.662935506085,1700.677902861628,1701.018823327566,1702.1533868360102,1725.8977555707213,1727.913156444367,1726.1455994946987,1717.7976043086871,1738.4501267340904,1751.3298082199956,1772.8507064642718,1781.4457321628436,1778.0471874495413,1791.4215753797866,1785.925636869204,1813.3324832597602,1804.180248272737,1808.451158361512,1808.906677662424,1804.9320120795653,1802.0293589974456
2900,507,Chautauqua County,county,NY,NY,"Jamestown-Dunkirk-Fredonia, NY",36,013,,,,,,,,,,,,,,,,,,,,,,,,,,,,,,,,,,,,,,,,,,,,,,,,,,,,,,,,,,,,,,,,,,,,,,,,,,,,,,,,,,,,,,,,,,,,,,,,,,,,,,,,,,,,,,,,,,,,,,,991.6763020045519,1005.6758046788914,999.0344995054621,968.0732199783598,953.6111111111112
1548,508,Bossier Parish,county,LA,LA,"Shreveport-Bossier City, LA",22,015,1034.6862601080618,1039.8479842477661,1041.6787272741387,1042.1333263646761,1046.5997553342768,1047.6162490393176,1047.906904357154,1039.3400717889479,1022.4018243779221,1015.5516010412504,1019.201617192841,1033.7686860431568,1042.1919548507126,1036.7637269585002,1030.8105788485684,1026.7780609267027,1028.0336127708308,1033.010754178359,1036.5526166898235,1047.9210631481644,1041.757831866155,1028.4308337940531,1018.8977583767817,1020.4747221958578,1025.932880935404,1026.6089867383257,1033.6940996560957,1048.004130425496,1052.3681540799869,1048.6369842198046,1042.0258560343739,1043.506793804451,1049.388309504312,1049.4865892219627,1049.7458627032595,1046.920107156511,1045.9689386371394,1043.9234678852943,1040.6681490058525,1041.4615863956467,1046.1019343703383,1051.9626098866397,1058.3659544413397,1055.805744360313,1051.963824667152,1045.9851097432602,1048.9496073236605,1048.4235276190047,1044.0744614940206,1041.2614587819207,1043.4455558114264,1056.7749243722353,1060.4692350785847,1067.3191407774361,1068.7157580692976,1070.5652118872608,1071.1675510629443,1064.9262069906545,1062.7538369017907,1057.810646551201,1066.400001716091,1061.1586149253787,1074.3526474801051,1066.7891472701126,1082.5077898903426,1085.348966011827,1100.828285535037,1110.0566471938434,1122.116884183612,1120.4451766026737,1117.6663501974294,1110.3694243839925,1107.840851556526,1116.3547421257965,1121.567915902597,1137.7046692913773,1144.2756043970726,1169.0390549969381,1199.9625532703337,1232.812680397595,1259.5329551741345,1277.6421982474676,1262.9853379931415,1249.5799513343757,1226.566246021052,1228.2257083475288,1217.85944114709,1219.950739077439,1242.9208173399522,1259.9140246863858,1292.9054556678211,1306.3741884333288,1323.6561213865727,1327.4143405375619,1300.2059699498875,1288.4608942567286,1276.5316881868835,1306.741659685726,1324.8392042365467,1334.8622465935323,1337.033623840079,1344.2062921838858,1358.883404642019,1361.7239824315059,1361.0770446288677,1360.0716283461825,1347.0536412022861,1338.9439215418433,1325.312736321564,1336.3392415457752,1340.666108858376,1353.1589617195348,1366.6294304209066,1380.8314994745663,1395.2211130545816,1391.9784533226941,1395.5194578979608,1388.143108326433,1387.4394409232345,1384.1948191772756,1379.1535140055396,1374.4205360430387,1380.7974365991606
2844,509,Sebastian County,county,AR,AR,"Fort Smith, AR-OK",05,131,,,,,679.434397509584,676.456891972177,682.8490609897034,681.358314542297,690.1533246309015,686.6189299954694,686.4510987500942,684.4994430549733,688.9871483407227,697.8317192984922,701.3664172936312,706.9650709359261,705.9826261902796,705.2338084652566,699.7657446592087,698.3568782000718,693.8350708587128,693.8788504884534,692.1135776630448,706.6339434809659,710.3882198632463,714.8656927484219,705.0780291432654,703.7643257763847,709.6090595109303,712.7154460545412,712.5576349146443,710.9783708259542,716.9312907550596,723.3247848078411,721.1918156634965,721.2246333134757,717.9806334481693,713.2681286232803,712.2230478762473,715.1760496980634,731.1593721718108,730.932166517757,732.8961434239924,721.7528334664613,728.5782713533737,731.3494567037044,736.8242475011468,734.5723749302088,730.9790223467807,729.4461994375952,737.8685124393919,746.3754003495642,751.0365915335964,743.2930852149881,746.4249716113831,747.156444208548,752.5864178354261,750.1474309405523,748.2739939088756,750.5848728061115,749.4973763589423,758.2058311090443,765.3746146237781,768.4510195842685,771.8747938898227,770.8122708290458,777.7096860331849,782.1360732689832,785.7361287606398,796.3238777602561,804.1819836531813,806.8345051857328,806.381447136927,807.2620367073129,823.9752861377486,831.7783278914739,843.8678316696263,856.238235115592,872.1048440493595,886.4007320125834,887.779540991444,887.3565587742871,890.0244283257784,901.2315673984875,915.0142952602205,932.0843010305466,937.9337347743486,947.725338625437,949.9935678802906,952.0499752280873,960.5978832338334,952.5493981407432,958.2428169820264,956.1466543524899,972.9825636413356,995.9753073791555,1005.0623229763588,1013.2213717541757,1003.1053789289186,1010.3772229829996,1019.9844404388367,1019.0292293001023,1020.597517056969,1014.0979416516362,1014.821066606279,1019.59899565186,1020.0896820925325,1021.1176063531789,1015.4293332685307,1022.0946982924203,1044.1089038135938,1052.31312669534,1069.0161977103403,1068.6423633894199,1080.1622223646368,1069.589175531629,1070.192739335188,1067.0946868284404,1072.7071595596692,1069.096916015617,1068.3561826240766,1073.6563487469004,1085.4916815210934
1409,510,Sumter County,county,FL,FL,"The Villages, FL",12,119,,,,,,,,,,,,,,,,,,,,,,,,,,,,,,,,,,,,,,,,,,,,,,,,,,,,,,,,,,,,,,,,,,,,,,,,,,,,,,,,,,,,,1629.3077897218723,1640.8912731287521,1655.0162875778356,1727.4705689130665,1722.5666625879269,1794.3702604217494,1772.2174604174907,1819.6855091124858,1845.1173220984592,1870.9712196379987,1940.0657945043308,1980.9213112876446,1970.2402224791965,1928.290566084481,1853.4765205250994,1862.5956246161895,1869.4093670184209,1877.1350295091113,1874.9784747378887,1879.5281959581941,1919.1534557805549,1940.5217351919853,1978.9160005974336,1992.9520306098389,2021.446923789526,1993.3312552535974,1962.836434179969,1942.1709536583332,1952.061533412848,1964.9135274367816,1971.2095098728375,1959.5848029507524,1980.4992540007825,1988.287920774749,2043.3398390666364,2116.436477303367,2108.197397026805,2084.8355512758308,1974.9740740740742
238,511,Linn County,county,OR,OR,"Albany-Lebanon, OR",41,043,,,,,,,,,,,,,,,,,,,,,,,,,,,,,,,,,,,,,,,,,,,,,,,,,,,,,,,,,,,,,,,,,,,,,,,,,,1230.2568849973711,1239.58295100618,,1272.4007470537435,1280.458815977823,1324.0519676089373,1333.418424178564,1367.6943031806998,1357.6151373510702,1395.893274240452,1384.4249509931644,1410.4750400743312,1409.746394280078,1447.8536737405318,1466.2088956369378,1456.740963091094,1476.1326142990388,1495.9809155385437,1536.74794132494,1556.0580526180897,1570.0175144143998,1579.4747099290414,1566.664585124772,1563.421774689562,1585.8531211342906,1588.1119619317835,1598.5099533083553,1588.492517647657,1587.6526890201744,1585.1283896094565,1598.4899634142716,1612.3357557410707,1622.679963871168,1611.7453370500857,1622.8337240147666,1627.025329089617,1633.746783577551,1630.2160010563919,1627.2904135581998,1629.1662344923757,1625.2502194410802,1643.1071773918989,1666.0292875162768,1687.8283577576256,1697.9142437856187,1679.455316190026,1674.6531385983712,1671.7508218583168,1683.3999314056948,1693.3186813186815
2623,512,Ascension Parish,county,LA,LA,"Baton Rouge, LA",22,005,,,,,,,,,,,,,,,,,,,,,,,,,,,,,,,,,,,,,,1485.9661589193477,1489.150316660389,1483.8228323952221,1487.458719775004,1481.016573394889,1465.7850172077597,1470.8792534674942,1457.1879444129465,1446.5761100502027,1448.1985295138377,1460.068539446709,1461.3376189924734,1460.830739779879,1465.623550355414,1477.5052162340312,1473.5873636828449,1467.5915596042903,1453.4300053947106,1461.333549826146,1466.070569710461,1464.7172839341392,1453.670579951494,1434.2945450119244,1438.6330695501824,1445.5892732536454,1469.8243105134015,1487.911932978027,1500.0507411725043,1512.522174010651,1513.8658848105372,1514.0602359011793,1508.1342696091792,1506.207975553671,1501.195993133593,1509.0698219359415,1514.3741816182662,1529.6341357380686,1537.7353385440856,,1574.374352094357,1589.6690009807783,1565.7769908200437,,1577.3180137597767,1604.4500563958838,1626.148187774572,1607.7194062357412,1590.4461942104026,1604.185936349263,1647.3742342592404,1660.8389599423685,1665.4695002204144,1689.956577781515,1742.2997914063128,1759.3773674945028,1751.7618666351586,1741.7159575973142,1723.9388005201085,1698.4501824403294,1685.7096987095624,1692.8275923563706,1722.4999294154068,1732.5142341833446,1755.1787801911998,1755.0478623851948,1758.421700509358,1745.771763036287,1743.332548815627,1732.283551492947,1718.1768091588972,1720.967885137436,1731.6687172266686,1744.017710485681,1755.6662290977024,1763.5448601654357,1777.602704433572,1783.2636390283915,1786.2200817316925,1809.8656248124078,1810.3851981979628,1819.0552608461041,1802.4128389646453,1790.996672521492,1789.2341305002724,1785.0267279143054,1788.9950980392157
1634,513,Cochise County,county,AZ,AZ,"Sierra Vista-Douglas, AZ",04,003,,,,,,,,,,,,,,,,,,,,,,,,,,,,,,,,,,,,,,,,,,,,,,,,,,,,,,,,,,,,,,,,,,,,,,,,,,,,,,,,,,,,,,,,1204.9061995965458,1191.4421979815213,1181.818435920771,1175.5016811483201,1190.7313516478353,1174.9760450430003,1181.4993644588963,1175.9289497729994,1238.228685646043,1264.7833552742281,1294.124514513394,1259.0709204953323,1251.6063630631857,1245.76532358216,1250.557949239121,1242.8474669634707,1243.6883677808023,1247.6267586517283,1250.9634589980392,1257.3323128383302,1270.3095648577569,1297.2460930422242,1302.5565819830354,1310.1695605898929,1296.531443213294,1288.1968714124675,1294.6935840004319,1300.8832043741688,1322.2339257439676,1313.1638951490359,1319.2803772574118,1308.5836226727865,1300.4800042466534,1312.1938725413343,1322.9011869489575,1353.6675213675214
2506,514,Richland County,county,OH,OH,"Mansfield, OH",39,139,,,,,,,,,,,,,,,,,,,,,,,,,,,,,,,,,,,,,,,,,,,,,,,,,,,,,,,,,,,,,,,,,,,,,,,,,,,,,,,,,,,,,,,,,,,,,,,,,,,,,838.9188900354629,847.807468951908,856.2084658330249,857.1506016608457,859.4796731612445,864.0481406291177,860.0341644532677,872.6654136266116,875.8999011455833,894.9592852737139,901.6115835260397,919.3523676222547,911.9065707489065,905.2547241650378,960.7266420708519,1002.4255311278541,1030.9319767242926,975.8052758248242,943.7298665309426,922.9076548818907,937.2400115739888,960.2720700718138,984.1666666666666
548,515,Gregg County,county,TX,TX,"Longview, TX",48,183,,,,,,,,,,,,,,,,,,,,,,,,836.1155818668956,829.5226910559311,840.134811368704,856.5342462803095,866.6508211400338,866.2345901448824,872.6092763316606,867.9191104136269,869.3019159181048,866.8159464143473,871.1795545759487,871.4922195609928,870.2137963827674,865.6381297339058,870.0108497765067,877.3024895340501,885.8601555899883,883.8039028720825,882.0014260256249,873.9427229491635,873.7455965109389,880.323284534459,892.6739362796686,898.2884849456842,902.4435897071977,902.3098021152217,906.2501323112147,905.1254646991159,913.1607136552058,914.913623874839,928.4846419757698,915.761141148464,924.4351230819336,913.5562430584783,923.8562561037985,920.9715110490491,925.595266392959,931.5526347121463,948.50395141176,947.7422244694436,956.3570743565838,946.9340407612553,954.459886936978,950.9929603731129,967.8268892265417,973.5990743018641,979.4917636856029,975.522337781038,982.9699752598391,989.7631055848391,995.6349109142926,1000.9464892948351,1005.8308316271977,1007.0142455380951,1008.777060507651,1026.6922394013316,1038.6766803898886,1050.391921854474,1056.3734867043097,1070.831879442765,1087.0666303105015,1096.0317978735081,1103.0321268968855,1111.206891064997,1125.693798562763,1134.8761841804896,1146.3514071690333,1158.547417100427,1181.4762575680354,1185.8385585807655,1182.274171154775,1175.0822132563692,1172.7468537914287,1177.1822443966055,1179.4015343073856,1199.8323140952994,1214.7810694529094,1214.217823027789,1219.424619289039,1215.5428362106393,1222.4393224847354,1220.2917280657498,1214.7008837558994,1219.543429246765,1217.453331097532,1228.3676326460204,1230.949407390975,1234.2700022437893,1249.3519239137577,1259.502695900628,1268.926527816485,1246.642496073911,1263.4826184911979,1262.991239622159,1276.061341098561,1271.022283287704,1286.00445702065,1292.5373917035522,1289.6622484612724,1287.0874819624817
2364,516,Kennebec County,county,ME,ME,"Augusta-Waterville, ME",23,011,,,,,,,,,,,,,,,,,748.5682634293985,773.0984296958363,766.1628814952165,785.8420263762449,781.758907759788,783.0849351575846,753.8202012488422,753.8802963356815,737.7171941138558,746.6776152758882,750.3556203524665,769.0551783092852,779.4512030235289,793.2046080276345,793.2830883505725,786.4077279048853,782.6660600165154,787.0848353174453,795.5927571919174,795.8163251383037,801.0940131083925,803.1645140970106,801.8391616363108,807.8469496477235,814.1168297334897,824.1680203207806,828.4953094632399,833.3406646675376,843.2095344293243,845.3570517305924,841.3329199672722,833.0000294049134,835.397958466508,842.2522439195437,851.9396393952206,854.0895840270209,867.994539216972,878.9869977499606,885.1801927527887,882.4550733879267,890.3409070911671,901.7928637777109,908.5755683478606,903.6117880165824,897.3026629522914,894.3992691403921,899.0060305506956,908.6811016831512,905.679517290001,920.4787764459962,938.9453917588189,960.8317209034349,974.3966495687223,979.0226756643452,1002.8734319994619,992.7339716035257,997.7006142871976,995.4880684809569,1024.7181428183503,1043.4543216277036,1053.6502405555716,1048.4049071900722,1058.8674853703353,1102.2867893659002,1126.3445648191653,1130.5966268377856,1116.6448347982068,1135.1090014115725,1156.4112795415424,1167.8175820774607,1167.2690059342194,1183.3327375936888,1209.156981667503,1223.1804061641378,1219.4040262887854,1193.4000362659183,1207.7466457247137,1210.8499938972434,1232.1163510793067,1195.1136174951805,1220.7465267947707,1239.6439788032744,1290.9944118381002,1291.6670309359674,1292.9620440560484,1313.9948602256852,1307.543096873711,1310.8016561354225,1318.8649838968,1348.874132571141,1358.8347123838528,1356.7495256111863,1349.6339010424736,1352.9625437666534,1331.4321298290793,1353.1040637048748,1376.855247466171,1412.1147207658591,1399.8029542197298,1416.7558196341936,1414.8444018309935,1439.8724369355014,1410.245960526025,1391.1126760286993,1389.78265358508,1403.7005454973691,1441.0761904761905
2260,517,Faulkner County,county,AR,AR,"Little Rock-North Little Rock-Conway, AR",05,045,,,,,,,,,,,,,,,,,867.6116380503005,883.4626547523998,895.2658344570822,907.1037418275334,897.2446870162784,892.5558565323273,876.7917673181112,881.7880387189434,883.3756633283919,888.242324537708,884.4901545285235,888.920900882561,894.2772645917439,902.6687176190017,904.821881050428,910.4866163676035,915.7434700554303,912.2950429884096,912.9129548733761,903.9010768554683,912.1520912634567,911.3347548725434,916.1449573521334,913.0090443072604,912.7254463907757,919.1002755107972,930.272965515099,940.1993329756732,940.1276073557773,942.0190781897659,935.271924997357,937.3688096435708,936.0323376809969,941.7822965218693,940.735338018305,945.5544614421955,953.433711514011,969.5575820718922,975.9354170323509,973.1819997240161,965.629146704159,957.4709436524936,960.5051070960105,965.7642318706106,976.8828004770237,983.1594735172539,993.6169194491225,988.3430071286051,993.8097425169741,999.3878563581034,1013.2578375170347,1019.4141401586614,1026.163952199328,1035.9619387617622,1051.8058627117894,1056.9751171525897,1049.7959277861567,1055.041507967615,1070.0189949783405,1091.0074831257784,1091.137139004359,1100.237335750784,1121.6885483904628,1139.9283646511637,1155.5514957917144,1156.3283931499202,1165.7807595811742,1163.502912916853,1171.0383201337966,1173.9243702184594,1174.4708312904302,1187.4846550859427,1203.1806490835916,1213.0511458981732,1222.2664048036993,1221.3367646657985,1238.381852451719,1239.5042447772125,1246.7868647602488,1232.4842787732055,1226.6268337745246,1225.315209172458,1247.2300224773485,1259.8078156071704,1267.5175255110287,1261.5322803975494,1271.7112851102704,1277.097272649068,1285.5300498127972,1282.0307479606365,1286.2546831435864,1295.3121814736878,1306.6161597983792,1304.9069476218763,1304.2642655334612,1311.9373232208425,1324.785305855704,1336.3469630177049,1332.884171324224,1327.278799856406,1328.3426924000214,1338.353213043267,1345.284285197985,1340.6410963161861,1334.9958309995743,1344.2484089206528,1351.2537037037036
387,518,Blair County,county,PA,PA,"Altoona, PA",42,013,,,,,,,,,,,,,,,,,,,,,,,,,,,,,,,,,,,,,,,,,,,,,,,,,,,,,,,,,,,,,,,,,,,,,,,,,,,,,,,,,,,,,,,,,,,,,,,,,,,863.1449876992239,860.1692845653745,856.2159330683955,868.7529264274564,871.1420924643767,870.1215588631482,859.3940229238176,855.3996542518773,861.9241558586323,860.5885383593834,878.5644435179299,875.4971555445042,899.5476170342091,891.9101856451009,893.848288501623,897.8681453791992,897.7649940107076,925.4894284858398,930.4035947295763,947.7820161461459,935.8595204982335,937.3262414606991,913.1561625996386,918.4613793612117,899.7222222222222
2519,519,San Juan County,county,NM,NM,"Farmington, NM",35,045,,,,,,,,,,,,,,,,,,,,,,,,,,,,,,,,,,,,,,,,,,,,,,,,,,,,,,,,,,,,,,,,,,,,,,,,,,,,,,,,,,,,,,,,,,,,,,,,,,,,1083.3990970400728,1099.1818100332725,1105.650848090104,1123.1978209246906,1138.3344902721014,1146.9572739713367,1185.5815702433322,1184.1156291124107,1207.802573035133,1188.8171035368857,1198.8618161062425,1182.9564793623954,1205.67391305795,1193.2804794036238,1183.1037684855646,1189.7455382763562,1200.719490128541,1227.9043341644476,1232.0721161816232,1223.3228173252842,1239.3059256306083,1260.3176758494503,1296.7234525467356,1280.7539682539682
1229,520,Morgan County,county,AL,AL,"Decatur, AL",01,103,,,,,,,,,,,,,,,,,,,,,,,,,,,,,,,,,,,,,,,,,,,,,,,,,,,,,,,,,,,,,,,,,,,,,,,,,,,,,,,,,,,,,,,1002.7733824813778,1028.1816799275618,1061.828393379583,1060.5103235966683,1069.4282028859948,1072.6600730647078,1079.7149739476852,1072.9603732322555,1085.3787359699581,1097.953431409171,1120.538515362229,1123.6781934095873,1140.0791405376306,1148.2777266627686,1158.1284248915674,1154.4445963283222,1165.6075018341082,1164.9842218864026,1164.56600144872,1164.63014315933,1172.8536585620968,1181.1400228267191,1176.9122194120941,1190.057007309772,1203.3327092830468,1222.9344379533077,1241.5045781878962,1256.6459952039822,1274.3168137486164,1255.1467546527463,1244.7052355141595,1232.0409521033002,1235.2503024524765,1233.307593086974,1230.5390159524507,1242.0961953718431,1248.1944444444443
1362,521,Saline County,county,AR,AR,"Little Rock-North Little Rock-Conway, AR",05,125,,,,,,,,,,,,,,,,,,,,,,,,,,,,,,,,,,,,,,,,,,,,,,,,,1068.1734396761367,1068.7151840142028,1071.3750448244261,1072.4616426817138,1078.2024419576321,1086.1447452239959,1089.6630837308119,1095.342012611844,1082.5341514209006,1084.830555772648,1084.4568502855334,1095.9044823733627,1095.4175558683,1089.5225954388304,1098.4353724441994,1097.75608393065,1112.8017645039438,1119.5625098375494,1140.099624633453,1140.4595573389158,1147.5160859871435,1147.9617920332892,1150.410162835175,1158.8190816599088,1155.3152222048834,1163.0646719349552,1163.3721418531184,1200.0885101491078,1208.1810135894175,1216.622670013937,1211.4217664270939,1231.8338198360452,1249.1980998579318,1258.6603419059124,1266.3392088419582,1277.607585814115,1285.8813840578673,1284.048401923612,1292.062749851878,1293.0952078786202,1311.4367281614664,1320.2804454262784,1340.5234450186977,1347.4755028195564,1351.3717157000563,1355.465662774669,1365.7148649519243,1363.9987359285196,1358.8229550226436,1348.2120889804532,1353.340174677166,1366.3331223115806,1386.6995873927747,1408.1458418356076,1414.7442758601635,1408.5872235325285,1406.8379435844515,1408.2283095090543,1420.63947596087,1422.8363067842733,1430.7989142248111,1438.2377271264731,1450.6873407870212,1456.3722584689247,1464.0542602309042,1482.6933920482807,1493.7695840876675,1496.9117977681417,1495.2561766200995,1486.9261369031326,1510.0202790407177,1495.320126751988,1512.1122821029776,1496.869532064179,1503.887445887446
1118,522,Jasper County,county,MO,MO,"Joplin, MO",29,097,,,,,,,,,,,,,,,,,,,,,,,,,,,,,,,,,,,,,,,,,,,,,,,,,,,,,,,,,,,,,,,,,,,,,,,,,,,,,,,,,,,,,,,,,,949.4124660348821,957.4544292972597,956.0287987105602,928.7735254371014,940.5702939640117,939.4443869123393,955.503461942157,959.2052843802971,977.5526894443293,976.9770955719259,976.1712867993305,988.2176087567298,995.9170774040595,1008.2078357447555,1009.1492342792732,1017.2628244092364,1020.2872352888205,1015.4717099479494,1026.2484313210612,1020.5687194510303,1015.4172000758513,1005.6392712753877,1012.766294492278,1039.4284300980457,1050.7430709435453,1060.5864478596627,1056.1054558001795,1055.6848514886376,1054.9857762157003,1057.6045684327921,1058.4762208416964,1073.8179307163464,1087.0953894587947,1110.904761904762
2892,523,Bonneville County,county,ID,ID,"Idaho Falls, ID",16,019,626.807920816536,,644.8842386384739,655.4191213789229,656.1719045675793,660.7878890855494,662.7014477634215,662.1896482246796,660.7715498233995,663.1373287536793,648.4274359876563,644.4549152495832,642.5320209768411,652.4580534339176,664.6059683104402,667.7510693287179,682.195681187158,688.8859178002918,699.7938415359223,705.6274072839631,700.3681804756073,698.1567756145198,688.5674474232338,686.0648294332586,686.6564674729896,699.6271477885418,707.746131377142,713.417854260562,717.5483847180778,727.807612578639,734.0583233957127,738.5638278234495,747.5602417036524,747.5522762320527,754.2253907821026,746.4896235852784,756.7240692229732,755.0731398558344,767.122542173151,764.9810093300854,771.5655847096641,776.078192686807,783.507602749181,790.2030272004374,797.2202980831629,802.2520035479619,808.5333827131068,807.9164336822307,811.1105209561184,804.0062958114847,812.8054540972221,817.3612947415838,832.9546089644592,841.8727667924888,856.2627465213596,860.3806733533535,860.0804940926682,857.8616425801264,860.1282457776871,867.1641562954754,871.8208678179467,874.3868784992281,875.9472290022612,882.0145315255384,887.9471013512785,896.9009166292309,906.704329959013,924.6548033293404,933.8706421115614,948.1319035657225,959.1588338236592,956.1321637530219,965.8387647078866,984.324449810527,1021.465678895463,1039.353492048699,1057.6594417493568,1072.0668518132625,1093.646332339437,1116.2512475967387,1143.6834646062182,1163.343795771366,1169.1210833069626,1171.9366863832456,1180.4771596285739,1185.8440158011904,1196.2299611456617,1219.92375754706,1234.9413670499528,1246.405170346099,1243.1021694091733,1242.8521304995154,1241.6609149307433,1231.5666456052634,1225.5649314354207,1217.1456593133046,1210.6969585184816,1217.8328812228042,1229.6550405435798,1236.9258417129665,1248.2856162089195,1250.3367403122702,1260.952782632409,1253.4515203855804,1262.438036915922,1255.1642951045212,1246.909591930343,1233.926403473858,1240.9588996890548,1254.4345572296022,1267.9775935602447,1275.7064915335952,1282.5561171782679,1293.4685151913025,1294.6868738162075,1298.697378708499,1299.1550479797124,1295.7087209591066,1287.4769389033204,1271.708788330443,1270.258165650339,1271.4180677367608,1283.1686159844055
2221,524,Comanche County,county,OK,OK,"Lawton, OK",40,031,689.693247078149,691.2831022102973,697.4466810828877,697.3648125409215,698.6618202619227,697.3992576433902,697.4720106930056,698.9877142881246,700.7076539711725,702.0873854529176,699.980108565225,697.2754499602496,692.3456257569151,690.3806324393162,686.6909033167767,685.8629732823538,695.6535485504238,700.403604443487,711.1803712810449,705.4445345132075,703.8027945360226,699.452315655517,697.0709518358093,698.5386889021007,699.1863630967541,701.2377474889689,704.1767640746531,705.1066254109545,706.9686768912288,706.9205693287188,708.9822071792796,707.9173205727151,711.378945268486,715.6838335331837,718.4055664649064,716.978448592599,711.3740801585429,714.2407796220033,715.7323055626605,720.009598166525,716.5510155042214,716.0268944395169,716.6795744812307,722.7819795936583,731.4390972309766,731.9244213435172,734.7157120153549,731.3413325934899,731.8941950623656,726.7885643049757,725.0422290402381,728.3002679132119,734.6981717353978,736.5640289919457,737.684015934702,736.0702201242572,741.0482365689214,740.9811705875018,744.1336421434756,743.0750317012765,747.412447174976,750.6962605992863,750.9778820118748,748.9546546174706,749.7989651279775,751.8512291808908,757.9424839474642,757.3662568561665,772.166336499174,790.0345039889444,800.6679481176767,803.4099655687247,803.2782199669966,804.1713445280566,810.8332979194116,812.5631447828376,828.0771858698472,837.2256370590903,850.6588330510257,854.3081016972452,846.7192402876466,847.1450098419547,850.3801918487851,856.4848838121328,861.3316962094144,894.4474703701567,933.6107052542171,970.7907316503,969.535442065796,976.3661912164328,959.4312297094381,968.14077238232,960.8549698142589,972.1638629858223,965.4523689421408,985.392942979269,991.7637030247829,1002.4187383800758,997.1004756584766,1004.2011633317142,999.4477597415292,1000.7849807472312,992.6030537212617,998.8294413591809,1001.3476299535066,1017.7673538148944,1017.9442420927684,1011.9854237905577,1019.090588255991,1034.3979211868655,1038.5293400911135,1035.8216040911952,1034.1002264876076,1050.2225311328598,1065.5315082955026,1072.8624717391992,1067.7096955977415,1065.913175873738,1067.8461433345933,1073.67764584993,1076.603788694804,1080.6767351424928,1096.43538647343
2142,525,Berkeley County,county,WV,WV,"Hagerstown-Martinsburg, MD-WV",54,003,970.9453904250627,996.1943135329075,1002.3000529126672,1004.3739881515116,999.0008093849015,997.3549542350707,1002.4565531224121,1007.7724471196207,1008.0440706711856,1002.447894541987,999.5810901560901,996.6356664071261,1000.6890495129046,1006.5354764154184,1004.6116059971343,1008.5362872570239,1004.3220317096138,1018.5317749562998,1021.2568698767327,1027.311385836719,1027.2976694691918,1021.8708144497424,1018.4253177769936,1017.6551017138768,1029.3090613872025,1040.6610141121791,1059.3223414091703,1054.617357234085,1059.0549115743465,1055.9693297383094,1070.0407756185048,1072.5007705816577,1070.602421302982,1060.9682416483151,1060.8580364646787,1062.8883753709083,1072.370996196203,1072.937363873734,1075.3050895180127,1079.4400928461569,1088.4443686726406,1097.1013828742307,1104.9694630763809,1107.8738055247109,1108.940089262668,1106.3947049202723,1105.7814381979797,1107.2482806910039,1114.1759945448616,1118.9100448784422,1126.8246673695928,1131.8732266208528,1137.7165710262627,1135.1858053205058,1141.2188664101807,1140.8264527762208,1143.6546426449013,1136.8182953469484,1143.4091747217383,1160.938058565639,1159.1745878327038,1162.0379921616245,1155.2429498553306,1173.001388953167,1180.5713989346593,1185.0929984922159,1202.7184719073787,1211.8950036434996,1228.8250372266903,1219.4851982148646,1230.7986754971012,1234.8131558922887,1270.4172394919813,1274.2301061131086,1280.1875883624377,1271.957199213874,1295.0139117895785,1317.2566569870194,1345.6475464740845,1354.6256685350486,1382.1397707293077,1390.2476835642167,1392.7974289368453,1409.8083532179967,1421.4997272532812,1442.7674625353243,1438.2340947107111,1446.4322749995981,1476.5741184624621,1497.394831361985,1532.4908067171914,1534.7577318175554,1528.8766324057806,1519.0114469119032,1519.1316001753125,1547.3520022517769,1539.0246357772592,1537.1957318130076,1520.179524701998,1537.6238759479327,1547.2791975145306,1558.5081500631509,1560.1712810523316,1579.8512654222623,1591.5709280578187,1593.0368546704706,1593.71130105358,1586.2908069369691,1605.8099520348514,1585.4571337615885,1591.8705630527231,1594.9163682933445,1623.6668649757935,1636.5318404846034,1658.4900004042504,1673.987889078921,1681.1458979375052,1668.910015144709,1680.0621396359318,1700.2995544303853,1697.7334510421454,1690.2385048748883,1681.1510989010992
2767,526,La Crosse County,county,WI,WI,"La Crosse-Onalaska, WI-MN",55,063,,,,,,,,,,,,,,,,,,,,,,,,,,,,,,,,,,,,,,,,,,,,,,,,,,,,,,,,,,,,,,,,,,,,,,,,,,,,,,,,,,,,869.5502036447043,850.770500301637,862.5129431161702,880.2312658302283,914.0543440541379,919.2361885437516,921.180566755896,931.2874396531122,944.8406309354685,952.2759480869126,950.557868025142,951.9532405916948,968.5970126518578,977.6168571409646,992.8569786122812,986.6303020942191,996.8017759782952,1002.3191255655897,1013.4850683059663,1015.726203920875,1021.33752545097,1023.9408919356968,1027.8005088767973,1021.3946050525558,1016.4413171682675,1016.9413769979313,1020.632588652105,1032.34852999572,1041.2367026315767,1043.1110796123967,1051.1974160489758,1056.6458232508628,1069.151133109301,1077.6273709282536,1080.907103751083,1094.5820068347477,1090.0933110985352,1084.6371287246604,1067.9720970834237,1067.142857142857
441,527,Clark County,county,IN,IN,"Louisville/Jefferson County, KY-IN",18,019,,,,,,,,,,,,,,,,,,,,,,,,,,,,,,,,,,,,,,,,,,,,,,,,,,,,,,,,,,,,,,,,,,,,,,,,,,,,,,,,,,,1198.6293813680368,1193.694719749614,1185.3585755511795,1184.301024964572,1186.4779547244498,1219.026585558587,1246.9053074508313,1268.5700559622692,1265.4067725884458,1255.0897893362444,1272.2494658060878,1261.8472079000628,1274.8894551044687,1268.5171149438695,1271.5321668905283,1284.099681286747,1292.5524135655894,1313.140510326796,1332.0551239759684,1327.7897301096386,1345.9760250293373,1337.5593719250676,1355.874237028411,1350.1144481000183,1355.008708176842,1354.8849748084551,1344.9264558601105,1346.670934422532,1341.8249837702538,1350.1738178417982,1361.210660238485,1358.411162319556,1374.035441399563,1370.3973144511813,1384.3344511779187,1372.5808322988546,1395.1354840395893,1414.67243008281,1430.5733303613258,1420.2736755892802,1426.4021164021162
1513,528,Allegan County,county,MI,MI,"Holland, MI",26,005,,,,,,,,,,,,,,,,,,,,,,,,,,,,,,,,,,,,,,,,,,,,,,,,,,,,,,,,,,,,,,,,,,,,,,,,,,,,,,,,,,,,,,,,,,,,,,,,,,,,,,,,,,,,,,,,,,,,,,,,,1364.3230355682335,1338.2759385894205,1369.8333333333333
2855,529,Tom Green County,county,TX,TX,"San Angelo, TX",48,451,,,,,,,,,,,,,,,,,,,,,,,,,1011.6890654303475,1013.1780524830594,994.4560896614296,995.0175241664955,1003.9880881288423,1003.1685669989439,1013.557581833071,1011.4494236363117,996.3592527452515,999.6867797286856,1008.1087023523804,1038.6743377810867,1042.2082800002702,1037.4638852065343,1022.6357854235143,1020.7086116001403,1026.580406065211,1038.6993489991405,1046.5814909556118,1041.3579150825155,1036.4598662415422,1040.522066411161,1057.317622098771,1067.3133773181264,1067.8158356686074,1065.4891863359746,1077.5491429796264,1082.5996549941058,1093.1815874937754,1087.1468896546776,1096.221895599566,1093.9024967208131,1091.8100812108949,1090.9420342743863,1096.2027630439509,1105.2621299479458,1101.5778535676395,1112.5345810704741,1111.74149952215,1118.0320851440522,1111.0843197096463,1111.3762144176053,1119.35759800259,1129.91017999596,1139.9461855156783,1128.2621130083926,1123.1242215341547,1120.9326962231623,1138.3012457370075,1149.2045597146398,1174.1471407355125,1176.4616394240677,1176.0443042920595,1165.732547942406,1177.012720995509,1183.7600958210137,1179.2720688110608,1184.719722169722,1196.6836453608307,1201.4321747663494,1205.79528113383,1212.6444215420731,1225.1014848548139,1244.5164595345645,1250.3904332610539,1260.9627473296525,1259.9059316882256,1264.970736123737,1272.0920857422877,1261.0703678560267,1261.8497497161695,1259.8635284849834,1269.361656797454,1263.4368720188984,1277.0697077355003,1283.3179814462155,1299.0910614290628,1292.2724990079453,1291.9551410278793,1287.5899709347832,1289.5741189360745,1290.9843674379229,1284.1650021098374,1278.071226208546,1273.948723193479,1280.5621688904964,1293.3602357613763,1309.0239312788506,1328.0314390924725,1342.8126776681854,1346.4446934808107,1334.0707692275598,1324.931504986737,1319.9915554934096,1335.3459860874557,1339.1835982833757,1341.2658710043222,1331.311887920818,1333.8815850815852
1333,530,Potter County,county,TX,TX,"Amarillo, TX",48,375,,,,,,,,,,,,,,,,,,,,,,,,750.0573361225972,747.0220629899147,735.021942055811,758.0948407013267,766.9152076001258,770.3790693856685,772.2794530328017,773.4718749146357,775.9958540255515,775.2121221310564,750.2539167644621,745.6799987366004,742.738431580655,760.0272787779836,766.9975502913899,775.5384431703171,776.125280225899,794.1294820717571,793.424249557269,798.2833421126512,795.7151821078089,797.3562742025734,798.7967809910878,787.0415819040596,792.4739267353052,786.3801271351806,799.3936979939393,794.142330431823,796.1356970562,803.4717422779502,814.2534601204263,833.1868059570709,825.891943818835,830.2885228662971,823.1702317599786,822.8303507377256,819.3706513734425,817.3775673620748,814.1313789840851,814.6434620124322,821.0045057133327,820.0278101446505,833.8443333485383,841.6601343630772,861.1308585974209,862.8227777239985,868.1295357129051,867.813566321893,868.401285769137,868.6535053193321,871.8069457025979,875.6988745460815,868.7134906282735,883.8775240645426,,907.9730175488772,904.9351936240374,917.9299334195065,918.6187651676393,936.2789874506951,934.3232668033259,946.9444301581713,933.8319059709024,939.1049708645146,952.6846086083448,981.4260316465228,1001.8488445837925,1007.3347512252849,1006.193854344754,1021.1172854797743,1039.5666732184209,1042.6931904797939,1053.8482935489988,1032.7084357283516,1032.1901639532207,1026.0597138563835,1031.7928024704033,1044.9305907353976,1030.5225020326295,1037.0219218719112,1040.177120247659,1064.6745592095122,1076.752920537199,1083.3089593515137,1067.4985699135455,1059.766169750868,1061.5707902117401,1073.4485754466266,1096.6417786284396,1097.93134713649,1103.0961178613143,1100.0049099664504,1104.5068161798092,1099.7410598087633,1100.7949121364172,1096.382515766979,1091.9874757219018,1089.723443419988,1103.546489776361,1134.5604575163397
2001,531,Robeson County,county,NC,NC,"Lumberton, NC",37,155,,,,,,,,,,,,,,,,,,,,,,,,,,,,,,,,,,,,,,,,,,,,,,,,,,,,,,,,,,,,,,,,,,,,,,,,,,,,,,,,,,,,,,,,,,,,,,,,,,,,,,,,,,,,,,,,,,,1045.757285873702,1035.9933847237348,1030.7035080838764,1042.4382360861266,1064.640706794647,,1070.0151724612058,1047.066636349073,1108.3333333333333
1673,532,Douglas County,county,KS,KS,"Lawrence, KS",20,045,,,,,,,,,,,,,,,,,,,,,,,,926.3550868498116,928.806930448581,927.4006154860233,928.945260593414,942.0615285498634,946.033537077686,945.3208264030757,945.4322022588693,943.5546004417739,949.3194332723856,946.5819498351998,958.0575530137875,962.2090736445289,969.2775157744221,966.5309810782528,969.8913560907961,974.4998229481449,971.781390889372,971.3172513138913,960.0416252055415,967.6089123545779,972.3919247316463,987.5208861772611,992.0506044986467,997.6264334519001,1000.9975085702791,1001.8548900849454,1000.593522376633,1000.4331562047876,992.574618203994,989.1840066423791,992.1036811579411,994.2216794258782,997.0264533278903,1003.7132459274445,1021.1650562060781,1029.8917774922393,1035.0433347457822,1032.2399404873258,1040.501358272295,1042.3541115366702,1044.591562677876,1044.4245517327324,1045.5719622567308,1039.774567171126,1047.4316848550889,1058.1646856637824,1075.089851292327,1068.103105702915,1066.2605548097754,1067.3706958404114,1074.8583325347847,1072.852977671837,1083.1762618905648,1096.7157785954116,1111.351356345929,1110.34006470235,1113.3037815330752,1119.8452667131387,1127.9097759992442,1142.9715401020574,1150.649064050585,1161.4123899846347,1160.4266262237243,1163.9319143184575,1180.4146923580602,1185.1818543317347,1191.2575947930686,1194.935268830699,1210.4199549468917,1216.1878132576642,1219.085227225002,1223.5370465824653,1232.0251579611322,1240.3521339051306,1250.5099360698455,1263.5090465333622,1278.1085694471778,1280.6306002565325,1295.985322054283,1309.0729245911773,1323.4410532121778,1313.9496291788757,1310.9087342427417,1309.6049515008701,1328.8538324769445,1332.0598165761337,1346.5971365627424,1349.3126446857789,1358.7588305174945,1369.451314305801,1384.085413941204,1394.0227535624147,1395.4371543301886,1407.0511398005845,1428.8684855281385,1452.2634741098932,1448.4378336383734,1444.4005249280926,1424.748948106592
1590,533,Carroll County,county,GA,GA,"Atlanta-Sandy Springs-Alpharetta, GA",13,045,861.1446721410056,867.4206757625208,859.3647016883083,870.330980001103,876.7305057366153,898.4076501975817,901.9872826715783,906.8765135969782,895.5275866670295,889.9529919741802,891.5220583464019,890.9554937357012,896.5237639448657,,912.9589342298533,924.7209673892754,920.3964853216069,930.6645681339428,935.2776464449746,944.7013010132783,951.8870246278291,941.779424939423,938.2147820477032,933.6575973667065,937.8426070193854,944.301253736478,955.3759866640737,970.812085460369,974.7870972272477,977.0057238647413,983.9640700947498,990.7597676624742,993.2465697220605,982.780834462575,983.7242970385037,983.3902981732147,992.2605995836412,998.6339864826904,1009.6469441643147,1028.2754673661968,1044.5260854200103,1056.7258483664334,1050.3847227557417,1045.0683100628162,1035.5243326215718,1038.604480562669,1030.652400465534,1039.3966632601177,1045.467000699569,1061.477619109309,1062.8817760692498,1077.8641193760736,1073.102299188409,1087.7472731860234,1096.8927149539784,1117.545743679106,1129.5815612741044,1117.3178439845951,1114.3514881395863,1100.9757181239588,1113.651831984756,1118.226720588836,1130.252470238339,1144.3189638994847,1172.6582730392713,1220.5994333885917,1241.6777300679248,1221.9194700447003,1218.4734663918705,1234.4933075985678,1277.9354551020062,1268.7752509087866,1266.6079394031565,1287.1976846311043,1314.0781181549378,1344.883293687322,1344.4801188922877,1374.868181652421,1394.2289358835858,1428.0999951134918,1450.5704919945968,1460.3025153740352,1480.4345567174494,1474.6006817997234,1476.2611555661967,1464.6269955303865,1492.9214320846747,1510.7539059408075,1537.1363876089686,1548.3586409572638,1582.2097696005171,1611.8895418524642,1624.4126279197608,1614.481739273149,1595.8957527086054,1591.0784178750328,1595.103724611269,1622.2175188678505,1634.996045242571,1628.4636841184272,1618.388202074468,1629.4247966356918,1643.0527305620071,1669.6079436698021,1652.0984653014284,1662.8330657691997,1639.8692265405866,1654.9315447405274,1676.75756939135,1705.747980645528,1724.6470234366357,1711.4977513533108,1697.534740574407,1695.6140153487809,1722.088394958536,1754.5410718172643,1755.8003833826317,1763.3582477530642,1740.0644705984841,1765.5579604852685,1762.5771425743133,1773.8670177112424,1759.145238095238
1296,534,Oswego County,county,NY,NY,"Syracuse, NY",36,075,,,,,,,,,,,,,,,,,,,,,,,,,,,,,,,,,,,,,,,,,,,,,,,,,,,,,,,,,,,,,,,,,,,,,,,,,,,,,,,,,,,,,,,,,,,,,980.66171709605,946.0507795559048,964.3221691614717,1006.5799675466787,1025.007822696263,1023.9508270063467,1020.4924441852581,1113.536346192396,1123.903639787182,1180.8800125535258,1070.6021947302886,1093.5516547014543,1047.4257141371131,1112.225268518942,1122.2185653985077,1173.9500235660123,1197.9841227780425,1246.5921312293879,1276.879936331527,1255.3173654027878,1263.0757895127851,1228.4386744633684,1291.5282437118292,1263.9467697950688,1280.6010535135565,1252.248321481419,1251.960973464563,1310.281325145798,1362.5815959484814,1410.8354127214536,1444.861111111111
794,535,Wayne County,county,NC,NC,"Goldsboro, NC",37,191,,,,,,,,,,,,,,,,,,,,,,,,,,,,,,,,,,,,,,,,,,,,,,,,,,,,,,,,,,,,,,,,,,,,,,,,,,,,,,,,,,,,,,,,,,,,,,,,,1268.9645421690025,1267.297383853321,1249.2958591858128,1241.5282260143697,1248.1552182615744,1264.3275684102653,1279.7055729522856,1272.8675709730098,1260.3745841956325,1246.7410636169807,1260.380792161098,1304.7939220914998,1330.471399595525,1338.7412345638454,1333.8254205915184,1355.0749700908975,1378.5989365449955,1364.4544333888882,1354.616002981167,1350.676417788807,1371.7389378030118,1380.1356042120951,1374.8371093554374,1362.8099951189868,1370.5336245024628,1427.2649075697118,1439.6666666666667
1697,536,Fayette County,county,GA,GA,"Atlanta-Sandy Springs-Alpharetta, GA",13,113,1261.0692301081674,1261.7035630678818,1228.895467358785,1249.542628119216,1268.3883762431715,1306.720430098399,1319.8266398374435,1313.6079250142939,1308.4961506540224,1297.806567221469,1320.9660776705675,1335.876147279125,1339.6082572676544,1333.8218881721873,1335.651886509873,1343.3167124788097,1339.3787090233993,1343.5574452148007,1343.894416902325,1364.5581007817773,1372.9027429152486,1386.609077234516,1386.181813469912,1395.1749146132306,1381.0205836043801,1384.170105095539,1381.6891685242372,1400.0375925859369,1410.601685938401,1421.9492215485816,1433.7389175608491,1438.5650027693764,1445.7529876650192,1441.9136911891692,1456.3127601400186,1447.8105471211593,1440.7975811444205,1414.1142435448796,1421.4974031226834,1440.2550730883938,1481.1071781086425,1496.8199572848089,1492.485077282166,1483.7486345279906,1483.69999777383,1498.9717139786292,1498.4175736103193,1503.9306772961625,1502.2662734396679,1500.6367889007893,1497.845905096813,1499.154918535343,1515.9345707311766,1535.4113631998039,1544.7374420028093,1543.7903918554243,1541.7594045208255,1545.0497064883582,1534.4393008161514,1531.2039423696283,1536.9685328935086,1545.0176399457107,1548.194010271088,1535.975681745693,1534.5671020815819,1554.3381773581107,1579.5238048569488,1614.3099057897377,1629.4886648004845,1664.2030841915787,1690.6139883490484,1702.4572118166734,1708.0590098430928,1718.6386771033171,1728.3657373309325,1744.4594730605368,1779.032273748779,1830.5190944965248,1893.4620069584234,1937.8933200224203,1973.0273220544282,2005.4794485754776,2018.0901759870553,2004.5843204586681,1988.176590847252,1975.358662476743,1989.7932747123455,1995.44922612216,2005.1710505331903,2040.5949758020113,2064.0287115506358,2091.780695882803,2074.519538750494,2077.5206334247196,2076.4439313365815,2097.846970390515,2100.6222093601527,2099.236247346008,2091.2787997510977,2084.9212379300584,2085.130777795729,2100.651104861538,2124.9487083273766,2143.512446163213,2129.2753922810966,2108.305397338319,2091.65030052807,2095.6197032952987,2102.3317309320128,2118.625683883635,2142.3691288375494,2154.3360840638165,2191.6127898576547,2213.399574632346,2259.8952761551855,2282.6993726778787,2284.0627193945033,2272.62037096495,2244.727318230359,2237.686172015508,2222.9053040622184,2246.489525596478,2266.6365079365078
2748,537,Jefferson County,county,NY,NY,"Watertown-Fort Drum, NY",36,045,,,,,,,,,,,,,,,,,,,,,,,,,,,,,,,,,,,,,,,,,,,,,,,,,,,,,,,,,,,,,,,,,,,,,,,,,,,,,,,,,,,,,,,1085.5404713944113,1094.5410466387261,1086.602013340083,1086.0307331360552,1102.5048101284394,1106.4506850873072,1113.9083021720091,1084.4008707465812,1090.8191850727505,1096.749296755232,1120.4417301091255,1130.6843549012287,1136.5348438894925,1156.284061303301,1164.4708350719757,1167.7539987783928,1170.3826600088742,1159.5515467225641,1163.8448726184554,1142.6749154400825,1124.8556773155588,1131.3929837847481,1155.194520259392,1198.4449112654186,1213.1174283986707,1232.5202853790247,1245.0227887310514,1236.2632004559466,1244.9017301172796,1227.2582078532464,1246.0383805761585,1231.166067757697,1239.5487130603697,1214.7771434771619,1210.3743377566987,1237.8491394626687,1256.773148148148
2845,538,Sheboygan County,county,WI,WI,"Sheboygan, WI",55,117,,,,,,,,,,,,,,,,,,,,,,,,,,,,,,,,,,,,,,,,,,,,,,,,,,,,,,,,,,,,,,,,,,,,,,,,,,,,,,,,,,,,,,,,,,,860.8215445115693,,882.115955043442,898.1642711780376,891.3293571778507,890.4515674176503,906.059933978872,933.6092941741698,940.2716999886833,948.1332033394937,938.4632757145553,949.1561347735249,948.2616212341483,979.8791737557096,976.361814819313,975.9915431919542,962.008198239694,966.8643426791401,979.4632534818203,984.6169570392993,989.8780691625261,993.3797632228042,1034.1738049060248,1051.0990890511705,1065.9488177856622,1024.0876778373386,1026.1309380595285,1029.8202393936176,1048.6851314492299,1053.3689796635263,1044.0147813859269,1038.901751002647,1036.1011904761906
1889,539,Lowndes County,county,GA,GA,"Valdosta, GA",13,185,,,,,,,,,,,,,,,,,,,,,,,,,,,,,,,,,,,,,,,,,,,,,,,,,,,,,,,,,,,,,,,,984.0269196274642,994.1704441989649,1002.1941097542856,994.0633191680797,1007.080903759697,1018.1890758392924,1040.3337566047392,1028.791511862798,1027.023649407814,1022.486096287552,1033.7455643964774,1039.0193810863636,1037.3597245105125,1055.4005983772681,,1082.4974445317346,1105.291856944183,1146.6420611603817,1173.0612782800788,1202.1458447014631,1213.4518495424625,1213.9478761931593,1223.2188721887512,1249.8550174310678,1282.190580565652,1288.494734923281,1293.3712527974112,1301.365984438862,1308.0753453481568,1299.8608213704563,1271.639223323914,1269.650188008824,1283.4407353286024,1273.0590898129483,1268.3949175826615,1270.4274145716247,1293.9908304988753,1315.0609034332715,1308.3576354725662,1319.6935462290883,1313.825013845186,1345.9423970613857,1369.1340020812245,1370.2232830562994,1361.843840251458,1356.1108824260002,1356.029837742057,1350.8826630712013,1357.4716858905579,1380.4994441031768,1390.3802471356848,1384.494177489505,1384.6131052993364,1391.9746582491791,1413.3653044118576,1415.8139693598334,1440.5414673009307,1440.330857172955,1459.4171768693805,1454.9338624338625
2434,540,Missoula County,county,MT,MT,"Missoula, MT",30,063,754.8462582004364,755.1753402477497,763.5633792429329,768.8242609564247,776.4679823166454,776.7559040121942,782.35540825153,785.3622520729998,788.176907648738,790.8466016874347,800.9428352413664,798.3186336578925,791.5451048274343,785.3246502560436,793.4952123363464,800.9799397224411,802.1101162350197,804.4999554702914,812.0967575877506,814.9336000620706,810.8227174929204,811.388541233671,813.2317783440586,822.9136211715709,822.1001528642533,823.5861980554939,826.1641813314458,831.8167632842132,838.8109308561003,841.6007348442547,845.0760999622232,841.4100896967802,841.2000740833091,838.5081333517682,839.2939156945002,836.2998898850229,833.8722984573086,844.7178858711327,856.4583074405126,864.345181374163,861.9205182062251,863.0946603675928,863.9882658437357,864.0944644477815,855.558923602903,853.5343523460932,846.3230735243368,848.5462058918439,856.4628588414969,867.3026939643721,884.5429929237147,895.3591157602972,908.5592444165773,910.1910804220538,911.8102654207069,909.2953033936551,911.7635814067881,912.9455863227906,903.3031322067119,894.1638786077439,884.7060880606376,905.8788568346924,917.3532240546851,934.7219533064915,931.8286769765257,941.0921831303366,951.0187277704679,966.8127969083841,1011.8215930604904,1013.334910900926,1031.6496416387902,1008.2940782785794,1043.4361631034888,1056.2562038847745,1080.2887520460754,1105.8308139488795,1138.1830198050563,1198.8470230850783,1234.0490568672622,1240.8548043066182,1220.3392803586526,1195.0227375352056,1201.8351229459527,1217.0162137255018,1248.5428536642028,1262.7631143650256,1277.8450140383782,1294.3706710021968,1315.2442925917237,1321.863052146058,1321.0922700141411,1320.996669074043,1312.1841301922914,1319.076986206345,1311.194627336224,1326.304048917999,1309.8337805578026,1310.096464569859,1314.6435378700826,1348.7599030160216,1378.5440090961872,1395.8552821891367,1401.226161918621,1394.020540651502,1378.441872296316,1368.227962053888,1363.2399057340874,1362.8751928473043,1345.0624056358752,1350.1358386347692,1366.6460408390674,1393.7274811165344,1407.8820620104016,1426.6820566253161,1439.5064106860887,1454.5539960711853,1435.8264874076515,1414.2002879258077,1387.568650014019,1386.0069477282532,1396.8770081131045,1431.98418953996,1439.0846153846153
797,541,Wayne County,county,OH,OH,"Wooster, OH",39,169,,,,,,,,,,,,,,,,,,,,,,,,,,,,,,,,,,,,,,,,,,,,,,,,,,,,,,,,,,,,,,,,,,,,,,,,,,,,,,,,,,,,,,,,,,1007.6638487460376,1009.5704147049747,1023.5581543925338,1049.5948877768467,1069.3395853635816,1051.032557858864,1034.9905788175759,1024.8889481132571,1043.2351990196396,1059.993386098668,1080.5270059648583,1088.5753463259728,1093.571608202635,1096.8263090592338,1102.4316894857218,1115.3303802747773,1131.113545414093,1127.915183292274,1118.1336081424117,1109.7648591602456,1108.8434943895313,1101.045934588554,1133.318887610577,1170.4671235784267,1202.8405560577135,1191.1233964315036,1175.1091378734927,1193.1716860785002,1181.4339813990675,1212.2666271556259,1212.8662067150117,1217.0924699930486,1212.9335384781486,1184.8373015873015
2097,542,Windham County,county,CT,CT,"Worcester, MA-CT",09,015,,,,,,,,,,,,,,,,,,,,,,,,,,,,,,,,,,,,,,,,,,,,,,,,,,,,,,,,,,,,,,,,,,,,,,,,,,,,,,,,,,,,,1329.2343297755453,1306.9863541581276,1323.6150834980565,1338.1097501379977,1370.860570783046,1382.3298037713532,1378.4058739804989,1415.885361036449,1391.706567148306,1378.573861348594,1394.9656983688808,1437.0144698934553,1482.8492877246124,1457.688390420509,1451.9701863033085,1472.2456465268576,1480.382197368844,1518.7488874009953,1480.809094118757,1494.799339060969,1511.7074947614103,1569.2721266742283,1577.1255095959143,1511.8492115888546,1499.3227244121433,1529.7869867730767,1616.7678724985276,1643.6003868011303,1701.9073479125384,1732.5770071847644,1774.2213270238635,1715.2748976389037,1691.943439583144,1649.5573233614148,1741.5261548098094,1758.87590045881,1785.053063458059,1763.9367524166792,1795.9027777777776
1569,543,Calhoun County,county,AL,AL,"Anniston-Oxford, AL",01,015,,,,,,,,,,,,,,,,,,,,,,,,,,,,,,,,,,,,,,,,,,,,,,,,,,,,,,,,,,,,,,,,,,,,,,,,,,,,,,,,,,,,,,,,,,,,,,,,,,,,930.6138004467157,921.1489547860427,917.8506292832354,923.419066782292,923.5831778501765,934.0155445175942,953.1850097197116,955.9038832779548,963.6014423025312,964.1319091981543,966.163686821151,951.29513833039,951.1180023427183,958.839555009178,982.958271666692,988.1218337727902,994.89778839222,995.1415403503181,999.1062033925881,1004.7382173459187,1018.1716956554089,1012.9429120600703,1006.1211660351529,994.6395502645502
2299,544,Gallatin County,county,MT,MT,"Bozeman, MT",30,031,,,,,,,,,,,,,,,,,,,,,,,,,,,,,,,,,,,,,,,,,,,,,,,,,,,,,,,,,,,,,,,,,,,,,,,,,1846.622081153993,1864.8252896529596,1887.143957175937,1916.82233580837,1951.932310622414,1976.2633250963597,2004.9127718137527,2038.4260043177658,2062.9873477049987,2100.127687504603,2096.4584237830813,2103.382556936397,2098.145978516788,2125.516664528712,2176.1228707075056,2223.0668767977054,2260.2395436408933,2300.972578251068,2365.2959287791778,2387.294620872587,2377.0148105700728,2322.5269969014203,2256.4257808369575,2214.7092047402016,2204.8712193025117,2256.7428798911274,2314.8102569155894,2357.4988681614095,2396.4243999854875,2408.0966421759285,2402.164425180405,2379.4352310190657,2350.541951262699,2327.0930382548745,2286.2198968581743,2273.5000327194803,2264.955449605316,2291.9372062632624,2325.9591832162596,2365.529807037576,2395.2008562472256,2416.8934392383508,2427.4190416739348,2421.0040585322504,2407.062816081657,2377.4459647394656,2354.181809319472,2323.458859639991,2320.7902788014703,2330.8783919107423,2344.2723846653666
2719,545,Henderson County,county,NC,NC,"Asheville, NC",37,089,,,,,,,,,,,,,,,,,,,,,,,,,,,,,,,,,,,,,,,,,,,,,,,,,,,,,,,,,,,,,,,,,,,,,,,,,,,,,,1451.4229188463644,1495.1834376210395,1516.755645266981,1501.7335949926219,1540.714666037072,,1622.7632570323785,1617.4463956866296,1643.449483280927,1649.9967593320996,1712.1397484188099,1730.0881103353363,1743.4042731552354,1725.8037150994842,1706.1545267610845,1721.395597155232,1736.9517206564562,1766.1617360583814,1748.144241891696,1729.1354575369419,1715.49800233263,1718.7949483834072,,1817.4200197484377,1841.3917273983345,1802.4413382401308,1777.5496494747017,1807.6163549812932,1857.2522066154265,1907.1049978567225,1904.036230449921,1904.344811358829,1897.150224539082,1914.1005589061504,1898.2943839240552,1895.965622568354,1908.7011920267385,1914.786367864385,1917.7800255613163,1941.3777252181726,1958.6815053351786,1979.0253147126584,1940.9623144971151,1927.2803949741185,1981.4217947239154,1968.763888888889
2394,546,Lycoming County,county,PA,PA,"Williamsport, PA",42,081,,,,,,,,,,,,,,,,,,,,,,,,,,,,,,,,,,,,,,,,,,,,,,,,,,,,,,,,,,,,,,,,,,,,,,,,,,,,,,,,,,,,,,,,,,,,,,,,,,,,,917.71189779377,918.2701343924294,927.2518902558974,909.2988144458076,936.0444193914732,929.42328424172,928.7116361184559,914.329593948799,919.1934956915468,903.5555222673798,900.8948740215329,910.7855349532925,937.1848205301152,954.4122087742085,961.5348685421078,968.0609248494777,973.5450666624357,975.382389168683,962.4760098024225,959.7752585926536,973.0710830638694,986.0463332932427,982.5
1707,547,Flagler County,county,FL,FL,"Deltona-Daytona Beach-Ormond Beach, FL",12,035,1072.196096733277,1076.6758573169502,1084.3845601951657,1087.6166902969267,1100.719518400605,1103.8054931179258,1118.1400188851926,1120.1457323310738,1138.8823357096255,1141.9006105764931,1148.5930309093371,1143.992453577161,1157.1626751702763,1152.4141375575384,1165.461473793127,1169.1078494975063,1184.2033476193917,1187.2721812275054,1185.9070718182702,1186.9327085510095,1189.825417846028,1193.415946326706,1196.3636091953465,1201.5214156713823,1208.5810741119938,1218.1127438376493,1224.754974359602,1233.0035903169967,1244.4089145144437,1255.7049592170895,1266.5145957904908,1271.981652403261,1268.9693339195815,1270.6925712673765,1276.5398809574792,1286.3551870514686,1286.9455225418542,1278.663600232033,1284.3747795446902,1287.6896638059227,1299.7623440721036,1305.2131972581053,1316.6441966277287,1325.6289284947895,1332.7855615317965,1336.6716378612286,1351.0596901962251,1354.3848623330448,1353.9091403242778,1341.8123387230064,1347.23206541348,1353.775512569155,1367.8654957706044,1380.7678891872606,1388.2366348366884,1384.339544922598,1377.8326754889404,1386.1414674896337,1385.7188715995665,1395.6845678679033,1392.6981450080602,1404.3566545178621,1397.8178856109787,1409.7594313587595,1420.4593963982961,1436.6669768757515,1441.5266888957667,1440.4509558695813,1454.9013326978486,1470.2863715255473,1489.2290549016377,1487.3665623506265,1493.8945526510013,1510.6049535599598,1540.0009802621792,1575.1504303855706,1600.3164473217764,1621.254790295222,1656.0543519287485,1709.5341964040238,1756.2282694646524,1785.4078247773107,1786.6113193542521,1815.6494386506552,1844.0620176081657,1882.136149334163,1895.7038918787273,1915.960700308769,1944.2897030203787,1982.4850699463282,1999.6016322824155,2005.150041306359,1991.4422628822076,1982.1284391860472,1974.4431753907359,1966.2373729321503,1975.3754163578942,1982.6656347906423,2012.0563198260597,2012.526834222298,2016.5416157239397,1994.8599595400135,1983.28482085128,2010.9390888966486,2014.3806117919457,2008.4323383254873,1976.386142932225,1982.8038545441232,1999.4344626947973,1995.7573104408118,1998.8272318800423,2001.4384275755838,2009.489539155395,1995.183725982652,2002.0530434794243,2010.6555690985538,2032.590049964097,2034.3053075643834,2036.433714868256,2031.1402456970864,2025.1637625787207,2020.827428248614,2042.6300009659035
3132,548,Saint Marys County,county,MD,MD,"California-Lexington Park, MD",24,037,1118.5360402289436,1126.065668398094,1132.0933169169207,1121.0990262306536,1129.4461785390513,1131.8751928878546,1149.9215401199842,1146.8610144670956,1148.2382505427865,1146.480083035509,1141.0213485550305,1131.0144315674456,1125.9929227561722,1129.9289991023377,1143.564705052106,1149.5294319847703,1156.0491957156187,1157.343794340248,1163.2738088453473,1167.4257219329636,1173.8633876775841,1171.0884384897633,1167.1817876824905,1162.8146048379188,1164.496408562052,1170.670404503627,1175.0347008517238,1187.1929654492953,1194.3945304994306,1194.790414452139,1192.158647034347,1188.9101542927199,1187.5489920149992,1187.3369944523754,1190.2712899968317,1192.5353832828946,1211.452747450897,1219.8828897407977,1220.2870587022353,1206.8129925339526,1211.9206516976553,1217.7980366844997,1219.4377489752806,1219.943919976579,1230.132905346801,1243.2504435087467,1240.8963508597662,1248.4409408504528,1237.6980954353244,1242.6825830237653,1231.9408357086722,1237.6675718979095,1243.672988119048,1253.2714092684598,1260.949986962895,1266.285290722965,1267.1114793955387,1274.9999037862995,1276.1113439973471,1288.4604843102852,1307.9595842230167,1331.0044661810116,1338.8673265325515,1328.816551648366,1312.8907750207177,1316.4347862997192,1316.7998855477201,1324.5858834629746,1316.925061815124,1315.191928138761,1324.5368920938736,1345.195056757889,1373.3011383744806,1380.5474169295019,1400.1355046261515,1422.2721103081876,1454.4672419186984,1484.910367816152,1499.7123929509826,1529.2024581493904,1521.1639571742767,1546.8508566060225,1526.1562950666928,1542.269013720575,1515.4171320937655,1521.8948103909336,1509.9641563952707,1525.181992420938,1530.2394627564202,1549.5877361077569,1574.2312664368553,1583.6223161670457,1589.872651221291,1559.049425745563,1534.1780526256157,1520.6543722716042,1534.7058311336855,1561.932476739343,1577.0020560083644,1582.3154952871776,1596.449426496738,1628.0776234954121,1649.125910466906,1674.4439356512826,1655.790273612562,1653.8817734694196,1631.0784347073818,1634.3902297488444,1653.5875093318382,1678.3497826573246,1702.445359991457,1723.448354580987,1752.2741482671686,1767.624802172634,1765.179119166618,1752.67225061197,1756.0542996534957,1744.9320807025028,1753.8604918725255,1747.2944423066465,1768.944816897177,1781.4210420305683,1804.9848484848487
2247,549,Delaware County,county,IN,IN,"Muncie, IN",18,035,,,,,,,,,,,,,,,,,,,,,,,,,,,,,,620.9406798014031,631.6087422321768,639.1443178482633,648.5026373518808,655.187193418227,657.8365877384052,662.8821443689329,661.0582998314306,661.9923658561789,654.2117802160029,661.0954241801076,661.5719929365064,658.8609788720246,657.2265943096866,663.871376148758,677.7637548549811,686.391120577824,691.8070262112371,702.3633846747078,701.5391207229166,702.8482383902555,701.4287984465383,707.4050447576682,716.6112713203902,715.6956741036876,712.3106455873932,699.6271909887998,702.4603629856634,711.4762435956861,720.3984538128096,719.7326339929378,715.4560345741542,714.6576152298592,711.3099425115964,710.617324076555,716.7801878537808,730.3287790807764,749.5167586052297,752.5585586389593,758.0141707213461,757.742352691301,778.9512868992149,771.6886946846735,781.6623641505212,772.3671424770114,780.6607747308769,791.1866363865887,785.1568703901568,811.7605854903032,813.3190625072282,819.5029665908789,836.8370951151232,857.921614142224,885.3319883756135,865.0281991157523,845.2036059168772,855.7614039987459,864.4936443358544,891.4958726046119,882.7964328974253,910.1983986352438,906.7437531201753,924.7751478901952,908.7565384280948,907.504523060268,908.9470533726679,911.9436874702209,924.207417858634,939.1814675942351,953.010536012827,948.8377621496601,934.9276790908754,937.6375006767329,956.5569758304051,960.3975757233077,968.9237244704153,962.2924277964753,968.4668455833618,960.6502728172329,969.9826506795727,984.2198114404163,999.9195853161419,996.6616459669873,992.9563592978132,1005.7908346786148,1028.8086398090252,1036.367136447517,1029.7821832223012,1028.1807525235324,1037.488755914637,1041.0894560629413,1040.8620187922854,1043.6781314219488,1050.2711419753086
2370,550,La Porte County,county,IN,IN,"Michigan City-La Porte, IN",18,091,,,,,,,,,,,,,,,,,,,,,,,,,,,,,,,,,,,,,,,,,,,,,,,,,,,,,,,,,,,,,,,,,,,,,,,,,,,,,,,,,,,,,920.1085513100048,919.3898932826282,914.6597205214339,898.6813918094515,910.8334602742161,948.0669042320368,976.0032387549359,987.528541858413,976.5416217160481,979.5765885728357,987.5179889336191,994.9439238328,1001.2865256280356,,1000.939415223478,1002.5081640649448,1012.0227153899866,1029.601982525479,1054.6641426914837,1067.191986771851,1069.618937947503,1060.1406889733978,1035.238636006021,1027.4363944888742,1043.8781185281005,1060.8887048352615,1081.371130302818,1084.316207191666,1091.2276899466851,1100.8816939372002,1117.8035085482466,1130.3937815721322,1135.1166843598742,1135.2837592659002,1135.6093553387432,1114.4813762418455,1119.65240845733,1144.4615385332513,1163.6944444444443
1952,551,Ontario County,county,NY,NY,"Rochester, NY",36,069,,,,,,,,,,,,,,,,,,,,,,,,,,,,,,,,,,,,,,,,,,,,,,,,,,,,,,,,,,,,,,,,,,,,,1274.042837522417,1306.0018437565147,1358.9837489297774,1355.5493443456758,1339.92011520545,1316.4679002268274,,1392.2336498247105,1436.3748564614714,1439.52248325656,1447.4426436303659,1461.238999748892,1449.1046692765017,1455.8537973394357,1428.812870147722,1423.7709904058722,1425.2949697237386,1457.5023011601802,1507.8997616715137,1539.2167566460228,1550.9217809925535,1591.075453685659,1608.738538391292,1640.0576798489021,1606.0011327107154,1604.0052323834466,1602.0262057559842,1602.862524650735,1602.29841802351,1578.6339288933552,1604.0911226655726,1619.9505306051815,1647.437319218486,1675.1911993837575,1704.96316488942,1724.532448100543,1732.3077412215216,1744.2515335211258,1782.4386519562047,1789.6900904230774,1779.3677268741571,1753.9410007381753,1733.6044953974317,1745.6943329293038,1762.1323143224922,1780.2930425668262,1790.7036695663764,1770.2421916542908,1804.0441250831122,1878.2234942975379,1911.6010135137544,1875.1818649184631,1799.3871675005594,1805.565874433171,1835.6666666666667
2608,552,Albemarle County,county,VA,VA,"Charlottesville, VA",51,003,1174.041729324796,1194.5919090419675,1210.9673346748016,1215.8741566328115,1210.9268577762784,1206.8127720012437,1205.264555097765,1196.6440089493933,1189.6185923057826,1180.906110542387,1189.4090282367072,1192.0717541780482,1218.4427328701174,1228.4580121149486,1241.160133663507,1241.6387972068912,1253.1445759836213,1265.31317912952,1260.9057912450255,1264.9923059896073,1251.6215773710837,1238.6637741378927,1243.3832091219765,1234.428476496566,1253.5146185093718,1257.3529058999518,1288.54528094768,1295.78713505363,1297.1871606901684,1301.5920436411964,1306.6368293328542,1311.9831069825111,1300.134276006201,1295.9918695328593,1305.2357154320207,1313.7467820539614,1325.0903533052854,1334.8573043807942,1353.646991821687,1362.5825180880602,1356.2116245966388,1357.430566456684,1367.0801125737933,1377.7537187130526,1377.8617204619954,1371.0823651902158,1356.6815474638843,1361.655065840732,1371.9914716361832,1398.3821023205576,1411.4763383801744,1411.8433059976837,1408.694915325265,1408.270564774919,1422.2554151973918,1420.0196971110051,1417.8459355066404,1413.8802600512277,1415.145172791317,1419.4087825837844,1423.132094282152,1435.9771542167728,1450.1580307338077,1446.3649208330637,1430.039741062516,1420.1810561308325,1424.2037605990756,1440.566700348433,1464.3244143677418,1466.4038871141126,1469.5639654278912,1476.4790225843226,1481.8019532950923,1487.4378320827072,1488.0942073681813,1514.23492764814,1545.9699058833908,1570.402311707064,1611.149304889008,1645.933466220649,1656.9108461143726,1629.9472202457277,1625.3901015271088,1644.4018817000797,1676.6234758562114,1675.8759694310208,1676.491776192219,1691.4050464305326,1725.0235244698315,1750.632742110645,1769.4120007268657,1769.354051689416,1765.1232893279005,1768.4725877219596,1769.9706754576912,1772.258027059063,1770.7858012393267,1788.4009908943074,1813.615726079055,1840.7006976120563,1846.9771613491894,1838.5836239539155,1836.8734479279217,1842.5883325842017,1842.6096302281255,1822.8668917875327,1812.7735058563494,1797.1970392357575,1808.072107437004,1817.7044490694736,1872.4368806615034,1916.1195348733063,1956.115868894159,1974.0653274990123,1994.8089136592175,1993.067166282288,1996.8711551180966,1966.8680440171308,1958.440310245697,1924.2845470888594,1908.9635387492383,1915.7301749316655,1946.6847008547008
1263,553,Newton County,county,GA,GA,"Atlanta-Sandy Springs-Alpharetta, GA",13,217,917.2300429437549,923.9982454666173,926.4935562244071,933.8054460823668,941.3025363572625,948.4396562409985,957.6620785429635,960.3859551431915,966.381362995601,954.2315453816396,948.1954679396656,952.0050455185819,960.4353411068685,977.3362762678524,975.199584172319,986.2733772419069,988.1775136199292,992.6161247603028,995.8158510837311,997.6771012883709,1003.1198152363031,1003.094895387231,1006.1707031955532,1007.3796211461895,1013.9738317160825,1026.3180043406326,1049.2115836043376,1054.4362697827323,1061.7052059364596,1066.2060020052782,1077.9442117201932,1077.006468058756,1071.0539319068178,1066.8381290345849,1061.0148500180746,1064.3132873977586,1078.6736990834456,1094.609892735489,1112.2340563684822,1114.3242034330453,1123.8806898169908,1131.5465797094546,1139.1501365270447,1143.499454907154,1146.2450388347513,1146.8728592423483,1148.4610092097075,1137.3462008690767,1143.3669079227334,1153.0541584589785,1167.552562347644,1181.8374190272343,1197.6760773860874,1205.675444432758,1217.6741150512219,1213.853376400694,1217.5029309150157,1213.3468659178004,1217.8622567881398,1223.6337681543712,1226.2076030916649,1238.4803649188061,1249.934317457198,1267.1973642516841,1279.5220603816508,1310.3743330899715,1332.3371143612237,1347.2117583489098,1353.7152659996548,1350.3824032504792,1355.8571318368774,1359.2836816875745,1375.116040529519,1403.5651022409345,1430.5614282405295,1463.1335144858058,1476.7340935919603,1504.914879273527,1525.8495582390806,1557.2413979681826,1583.6481536573663,1615.8519080472308,1639.5006857813269,1632.0436294639865,1633.5497602979553,1624.469223514031,1630.3645726383274,1641.6789222895113,1674.329035293089,1704.1647811999774,1720.0403299193247,1726.4812290167854,1748.2967702941671,1768.274752464354,1753.5324987041965,1739.93335856296,1711.8353191323856,1734.8280166282661,1746.8113722109683,1770.4090974032397,1763.8826583730695,1768.8952211086028,1773.4840090333973,1792.0055288878996,1790.4849678369478,1781.8722780695582,1774.591362971968,1776.260328294767,1789.8550346850716,1787.5659668003823,1808.525180766512,1818.0106851581008,1835.3206798733563,1835.5375032625022,1845.7634884798713,1841.7368208436146,1837.259450780861,1819.6217522329096,1823.870561142305,1824.126867786359,1818.9443191864234,1833.2470458794764,1844.675012800819
1203,554,Mercer County,county,PA,PA,"Youngstown-Warren-Boardman, OH-PA",42,085,,,,,,,,,,,,,,,,,,,,,,,,,,,,,,,,,,,,,,,,,,,,,,,,,,,,,,,,,,,,,,,,,,,,,,,,,,,,,,,,,,,,,,,,,805.7411776349878,796.8733094927036,793.2687077386063,804.4294897624322,824.7637091460801,835.138723170735,837.2895912934883,828.6237088432744,813.9841364397275,821.5696036255227,831.5940694042918,837.1694199706845,830.3747752939595,833.4060272978284,835.9133040094861,828.1296750699529,832.3956774321458,849.9969818759735,890.0199292573882,911.9348066145958,910.1462394886529,887.0555202277391,868.7290510154045,858.5560425299159,834.3455905456041,854.2560047848667,882.061570528018,927.0353416163388,914.774124809683,921.9780342481192,924.5223300890902,926.0720690912606,935.5266363105269,948.6633389519261,975.4166666666666
1678,555,Douglas County,county,OR,OR,"Roseburg, OR",41,019,,,,,,,,,,,,,,,,,,,,,,,,,,,,,,,,,,,,,,,,,,,,,,,,,,,,,,,,,,,,,,,,,,,,,,,,,,,,,,,,,,,,,,,,,,,,,,,,1141.297316885423,1143.369865654521,1142.8137082950334,1131.8910488330853,1152.568442752708,1173.0578461167568,1193.8595716366515,1175.0701636348242,1149.682991264092,1149.1470854972133,1151.878999951613,1183.396119625063,1193.1428648121705,1189.090692197926,1167.2236623810056,1178.7145789188876,1207.0130734968259,1236.469972214369,1251.7966710422695,1250.3575181158028,1261.5910120546234,1232.5430628967954,1207.5283256828252,1181.8382619944914,1199.2541167953048,1213.9682585905018,1248.9697930582865,1256.9642857142856
3151,556,Androscoggin County,county,ME,ME,"Lewiston-Auburn, ME",23,001,,,,,,,,,,,,,,,,,,,,,,,,,,,,,,,,,,,,,,,,,,,,,,,,,,,,,,,,,,,,,,,,,,,,,,,,,,,,,,,,,,,,,,,,,,,,,,,1250.0999744567007,1250.2525867279808,1243.8739849723356,1262.8393912615998,1276.1152779524414,1313.7863223279933,1312.1621555288325,1331.68433611867,1300.5861804444028,1328.759445689225,1346.4447898435149,1383.0614329675313,1385.5796538468358,,1347.1427236746842,1347.9480034583182,1376.1181609445953,1391.1360980667323,1425.4460637284578,1431.9396677385726,1458.007419886463,1464.4699164442252,1481.3276481004007,1477.9369870894952,1476.0678192505168,1476.008718896403,1487.7863819387144,1514.883629852597,1507.5
1079,557,Hardin County,county,KY,KY,"Elizabethtown-Fort Knox, KY",21,093,,,,,,,,,,,,,,,,,,,,,,,,,,,,,,,,,,,,,,,,,,,,,,,,,,,,,,,,,,,,,,,,,,,,,,,,,,,,,,,,,,,,,1031.7532578293105,1076.1760985058297,1075.6720677342148,1060.3740280294132,1047.2854361767825,1051.2808791685877,1079.7088274789426,1092.9847562573805,1126.1123816211855,1133.2575586929977,1127.7700036153958,1142.8329382877594,1167.137353150307,1211.8277106951716,1226.4142969113248,1232.5531200367009,1253.1499532570565,1262.8624470160473,1278.5350312788482,1287.2452637610284,1295.4421048996103,1307.87247012527,1330.2482165055753,1345.331595283059,1343.5541828917744,1336.221119766788,1365.7401860974787,1384.3243459570303,1405.684245931606,1374.4377201363304,1370.7340825534231,1355.3560212328455,1368.9446758050751,1368.8857165415911,1388.9943953376587,1358.2509663706703,1353.2573767199915,1326.6822879106708,1345.2722222222224
3040,558,Terrebonne Parish,county,LA,LA,"Houma-Thibodaux, LA",22,109,,,,,,,,,,,,,,,,,,,,,,,,,,,,,,,,,,,,,,,,,,,,,,,,,,,,,,,,,,,,,,,,,,,,,,,,,,,,,,,,,,,,,,,,1187.5260286930697,1187.9190867065586,1208.728484212401,1232.777755210966,1240.907888124841,1288.591949094397,1289.2866214983517,1349.4145956016246,1358.137691105208,1347.2357993132061,1338.1638627133939,1371.5552914491382,1407.0696405275928,1406.8528855421578,1396.2362552583165,1424.6662399562094,1413.0685866798046,1393.3038703072416,1318.8652068426393,1328.60032212628,1326.8961563927073,1338.1558170217577,1303.9326655783755,1311.3251684803943,1330.0704384691542,1361.8397709745682,1380.7168318323206,1397.3994560151455,1396.3862595797598,1389.8578393296334,1381.6892619309365,1387.5954191785765,1383.3639974855334,1384.8052808086215,1377.8225516087177,1372.0119047619046
2371,559,La Salle County,county,IL,IL,"Ottawa, IL",17,099,,,,,,,,,,,,,,,,,,,,,,,,,,,,,,,,,,,,,,,,,,,,,,,,,,,,,,,,,,,,,,,,,,,,,,,,,,,,,,,,,,,,,,,,,,,,,,,,,,,,,,,,,,,,,,,,,,982.6350427876976,994.3964691531336,1003.0907480772681,999.9563324858534,1037.3499776507772,1063.4214278099407,1077.6475236790645,1071.1877554689079,1051.6611137061782,1063.888888888889
2674,560,Craighead County,county,AR,AR,"Jonesboro, AR",05,031,,,,,,,,,,,,,,,932.8481541474927,943.3731604087898,955.2915169705154,947.6385037590467,950.5956995097928,946.8876213208542,953.6861204878198,956.5818159343256,959.6403405576349,953.7477621915185,951.2073103557847,944.1312645855483,954.5623070553819,957.3546499084072,968.92696867399,965.3042176326239,966.8351107125607,965.0176599004977,970.1751366156452,974.707095098894,960.4721064953214,958.8526256266067,951.6863933458236,966.5633721008159,963.2902554518995,967.1324385669437,963.32559569517,972.6245124258695,975.0049442821509,980.5102646727224,979.3353009822346,983.89273446806,982.2714957843366,984.0845955264475,984.9694021420079,988.2793928390591,988.2341431911818,991.993903783396,993.1063183927205,1001.4863924602271,1000.9379270522511,1009.5085257034523,1008.2209733304084,1010.0379600743936,1003.5831855114403,1006.3894333209715,1012.7408195341028,1016.8873039955963,1020.765058589179,1020.7073617840684,1026.6474051720231,1029.8051884780696,1035.8258733217801,1039.9658420775042,1034.7435214898248,1038.9130600189703,1034.288424873611,1043.831422873623,1024.4833143728233,1037.3564477941325,1047.7397050165043,1076.2991760788957,1083.1217037625956,1097.5790945127387,1111.7135623783163,1131.144931349783,1133.436537711988,1136.8935317649223,1128.8623975223493,1129.1723698063556,1124.9368004815892,1120.6899623137492,1119.3556836160274,1123.8917246764859,1141.9941913132313,1149.2577304582949,1178.6810683722563,1176.9377275316967,1177.9994674121301,1161.7523591410995,1163.0579424477073,1173.420845887806,1178.4799506835257,1201.5675969088368,1204.7834232745943,1216.8762540822688,1210.4860931365354,1227.457869910464,1237.0255868691631,1240.442498540358,1232.8771354461535,1219.161112642444,1222.4752200632963,1219.1062324811398,1221.1463523839946,1226.0642855417104,1241.1520257918044,1253.0886209141104,1266.590325984087,1266.3853009435675,1280.0448416167274,1266.8109131717997,1283.766950181679,1280.0225916402203,1303.2515888411274,1300.6509768960052,1302.6239235970263,1285.4158102217295,1286.478835978836
1644,561,Cowlitz County,county,WA,WA,"Longview, WA",53,015,,,,,,,,,,,,,,,,,,,,,,,,,,,,,,,,,,,,,,,,,,,,,,,,,,,,,,,,,,,,,,,,,,,,,,,,,,,,,,,,,,,,,,1356.8667602682274,1374.8707710145418,1387.2013127130629,1423.3480938812131,1447.6290254339378,1455.736198248599,1436.347380678332,1432.1702742336379,1413.8436461213298,1434.1397768602958,1420.2721882113763,1438.0321879801088,1456.7206433681595,1474.1780408854138,1461.4855625491548,1474.3762462303982,1480.9523511811956,1489.9135691475408,1461.9621763157818,1456.4310374923334,1456.5168025994699,1472.8035373721063,1492.0118323801955,1483.1617626663933,1492.463603365246,1478.0280081671144,1503.014658570722,1506.0179503820486,1511.0159241162492,1489.4091962340908,1465.197005911336,1461.8884576381595,1507.3660201678904,1544.7944309601673,1549.6125405618104,1541.9756985949282,1529.0146494873197,1562.7777777777776
1478,562,Warren County,county,NJ,NJ,"Allentown-Bethlehem-Easton, PA-NJ",34,041,,,,,,,,1060.4086384975017,1063.6193663729096,1073.3689822565384,1072.640200700499,1081.9312916572762,1064.9036267115098,1052.0277625662986,1018.223559530155,1033.8804119376991,1052.9679942465,1096.4679245759403,1108.8491499586673,1106.6075051000719,1097.9100289156993,1089.6838070934723,1091.2942593668931,1062.4795009404454,1069.332370659546,1082.860140723799,1117.449520715558,1128.3546619853335,1139.8600784398952,1152.4431171766882,1151.001672432461,1139.5396643061465,1143.5731195922954,1147.9962533896235,1164.5456764869953,1153.0626465984574,1135.1753473419642,1156.1011622849,1170.5231036886523,1200.4043559230004,1170.1705553332542,1181.1297258778018,1180.532135822341,1196.4527933464733,1195.7019717185235,1206.8859044987425,1215.2891595908252,1221.2303399049504,1190.6543490630647,1180.178871696529,1182.7381123348398,1220.8300660229443,1236.0980293659572,1238.7509160360976,1234.8643865868776,1237.2926340564734,1234.5423696746784,1244.2761764126888,1255.1680640262343,1268.8253208172262,1294.7567144104735,1287.265861641073,1294.618829812737,1262.4108451653183,1276.440240177996,1286.1895665145753,1301.341594083391,1306.014045669741,1312.0041706308218,,1352.2917436230362,1374.835643786409,1362.1789381235294,1375.1384322825434,1370.4141133492587,1379.7670458221744,1400.2172801861366,1405.7953156812414,1440.165316530286,1444.2137570075306,1460.0093226489516,1468.09831249917,1484.1896924857451,1517.7451999622133,1529.7253410572898,1560.7877227753104,1559.423324216118,1572.6738381050768,1557.7946322904133,1584.3965411634415,1602.3374155679269,1642.2429373401906,1652.0403534769916,1632.4982046126124,1645.1752374168216,1649.4394752493104,1706.7921500438963,1692.5470701990464,1736.3907791802146,1696.8819426228533,1718.602626056522,1698.5518869856462,1756.0742946870785,1777.5989333053121,1776.7531183419014,1761.9363977692135,1722.43631632112,1754.760990868808,1746.6520712850515,1795.4493097148236,1791.3052242307117,1803.260126903827,1799.9453221334932,1808.947285282072,1825.601183626184,1847.9724502481645,1850.7647548206496,1848.780657837918,1835.4101624106331,1873.3588298389977,1911.9833883187882,1916.1228223366613,1957.5297619047622
1758,563,Hanover County,county,VA,VA,"Richmond, VA",51,085,,,,,,,,,,,,,,,,,,,,,,,,,,,,,,,,,,,,,,,,,,,,,,,,,,,,,,,,,,,,,,,,,,,,,,,,,,,,1492.680412196239,1522.574038427176,1536.18043987893,1566.2309472238444,1586.9416819223336,1631.4908737712703,1633.9204023622822,1661.5200693563038,1664.0243418399734,1667.256073520775,1669.1042970904107,1675.7044654375188,1746.5505785033577,1775.3549138480132,1827.3218529849325,1798.6963430380417,1797.660706519783,1792.408694054402,1772.8451674739588,1748.300202847135,1726.95709257569,1747.2861600944964,1790.9608319030176,1829.4928994284846,1836.881560409336,1828.1711008053287,1841.8061581164734,1886.2974785786726,1901.973204154697,1919.6400598404662,1895.4750501539252,1880.7768791141318,1849.0494160857438,1870.409204622355,1890.2208121629915,1897.5029334490307,1869.8860950589885,1890.231166176421,1927.0227501803392,1978.8302738469285,1985.859234810522,1984.4240097957406,1971.3716870001956,1973.2573775137469,1953.1120222004124,1942.0773730296428,1986.0699760540124,1970.861111111111
493,564,Eaton County,county,MI,MI,"Lansing-East Lansing, MI",26,045,,,,,,,,,,,,,,,,,,,,,,,,,,,,,,,,,,,,,,,,,,,,,,,,,,,,,,,,,,,,,,,,,,,,,,,,,,,,,,,,,,,,,1013.4728338928034,1035.2780956158601,1043.8000569941037,1061.5615333172348,1074.5412494187879,1074.3777299859921,1082.730434932247,1101.6722074145123,1118.2388684710797,1117.7357510145312,1105.2777602678295,1082.2322602266001,1065.8624188722488,1075.0372743934238,1102.4361166000167,1124.0164701256922,1119.5620135258275,1120.7133794189845,1126.8473447478582,1126.8084704933726,1110.8550542655792,1103.9571748688509,1110.7467430991414,1130.5897050885158,1133.2440570941599,1132.494889972937,1158.277488238994,1164.270745627757,1177.9723082355617,1172.7889466532472,1198.037057404825,1200.1935614822557,1200.019426382342,1200.0607730510983,1205.3312701551126,1203.6492168399027,1206.0901028373987,1217.31594463648,1219.6166666666666
2997,566,Pennington County,county,SD,SD,"Rapid City, SD",46,103,,,,,,,,,,,,,,,,,,,,,,,,,,,,,,,,,847.0544077839825,843.5947548535927,834.2664633719412,848.5868147854477,842.6398108447859,851.2591840636019,846.5176939261577,870.6011604992315,865.9485492086014,867.0427689456808,863.1798174168553,874.2902090773514,880.5446946369523,879.7923294622965,871.6980481895774,860.4681172350353,862.8137907599167,864.6387150366547,874.2000792640525,874.8824516818376,877.3636234926071,879.0909610159802,882.686448132358,883.7611429640291,886.1629159634776,882.5423641631755,873.724212948273,875.6025080400076,884.4929680389595,894.5111057160419,894.0860418299499,891.4604144678299,893.9054259905689,900.3202775985385,906.4080618265936,914.9479756249317,920.8808434092889,912.5482923056529,920.9947939369388,915.6972035193069,942.332282847831,951.5695967153188,969.7714908880348,971.0255711389203,977.1192245233764,987.0749763652605,1012.9440575886376,1026.65970156209,1038.3704831637435,1048.8025628015612,1056.2546132382615,1074.964034478413,1094.938354392481,1119.5880896737115,1143.911917337213,1165.2665837206869,1187.7733385122283,1219.9237269374962,1222.2657390310226,1239.494406889771,1230.9864921054227,1226.7922840311458,1196.3291547824626,1188.9713110845496,1182.1753456462372,1187.1544367843894,1180.2933153723577,1174.7387268532145,1188.0456964173054,1193.0911309781554,1206.3039205539628,1210.181464222552,1213.2296641387738,1220.546934674831,1222.826974784942,1219.8515139197332,1207.5783612347627,1201.7187510293008,1205.130719690694,1217.3123123472196,1230.271826882041,1244.816471516527,1253.5521787528983,1263.8777549717572,1260.0556736117408,1262.3342749985566,1262.4152366687017,1266.09751860989,1264.5937937790836,1261.186114897659,1272.2516025641025
1905,567,Madison County,county,MS,MS,"Jackson, MS",28,089,,,,,,,,,,,,,,,,,,,,,,,,,,,,,,,,,,,,,,,,,,,,,,,,,,,,,,,,,,1130.2558858719838,1149.5897584855365,1174.3127053797214,1184.662919315161,1155.9468010118874,1162.4469580548807,1169.0744981577097,1185.2936048128486,1168.177365230639,1141.0555061292525,1155.755823236765,1181.4427413898081,1211.7416934635723,1229.4986247278787,1217.363906959795,1182.9226508779159,1166.1408328955033,1170.4670782981382,1212.4713185193439,1243.4181489289663,1300.2336738918325,1343.907975103578,1356.8222031988792,1356.2906423791696,1344.332219337222,1343.6842182441128,1322.9058046939517,1320.3071182202807,1322.7222452347771,1340.0849742012524,1357.4355894926118,1367.8752527237718,1386.3970540025973,1406.6917164108768,1429.1034618158515,1441.5195601304936,1426.5294791777656,1430.796071733053,1407.49560656578,1407.8917679301187,1387.7979284024811,1410.0155110519886,1423.0769911909415,1440.2243424273483,1444.4203853551564,1454.751098467188,1462.7151827870364,1460.3851791421441,1431.8274154072553,1409.2917953681576,1402.4636461332495,1411.3027209444099,1402.0299599355646,1406.4683324378611,1411.2960928699952,1441.0386910093412,1460.4239136354731,1484.3095850131951,1502.972739040716,1500.1077708419755,1501.6614345785677,1491.2838850248934,1484.1099493667514,1472.6224311666408,1474.4718266049415,1475.075925925926
2363,568,Kankakee County,county,IL,IL,"Kankakee, IL",17,091,,,,,,,,,,,,,,,,,,,,,,,,,,,,,,,,,,,,,,,,,,,,,,,,,,,,,,,,,,,,,,,,,,,,,,,,,,,985.3693670047447,994.0465748417201,996.9786200918993,992.1045578830192,1017.6415579159484,1018.1678211845103,1024.603360591381,1009.5925591635881,997.1018248554857,1009.085770566937,1025.04545549344,1049.2146287862013,1071.8739875931824,1083.6920988946147,1091.6219069552553,1098.4558433268996,1113.6112192123817,1125.2942661223835,1111.7333904350226,1112.7537781835013,1118.9545618861196,1145.5561470725895,1144.246181224605,1161.5471308637316,1148.909487046403,1170.6617312122428,1155.2247036947679,1173.7015819023993,1169.181117145344,1196.1660625987693,1195.3530635910554,1211.889581305993,1202.6140546071151,1219.9126868696005,1210.7776524919395,1227.22759101648,1224.1334838562204,1241.3466534388133,1259.8168894197945,1280.6402551166007,1281.6297220017598,1268.0014791504022,1253.203489652927,1266.53215168416,1311.6587016013448,1332.1227935460106,1342.6382018514785,1300.0764646934567,1313.888888888889
855,569,Bartow County,county,GA,GA,"Atlanta-Sandy Springs-Alpharetta, GA",13,015,937.069020079675,939.0366054231297,929.805946934141,928.056286530749,921.2409416079915,932.024914841203,920.2384534061922,933.5906337351555,943.114707275611,951.0201090799949,937.0716501384353,941.9343978145434,949.5918639735896,966.0231617087672,952.3340839490667,951.8863084045314,972.9050055729634,993.8717268767938,1015.046404061545,1000.5140438588586,982.4527369746387,985.5383476272075,1001.7816032695436,1034.8946040027338,1030.6758584791276,1028.0661763659941,1021.6916980327129,1031.657570468497,1042.4643746257373,1060.423832720485,1067.8028105376368,1063.445949597988,1054.33135055827,1037.1491922786417,1035.744880021856,1044.6363514375985,1066.3282156851433,1069.5176103321196,1082.152436755718,1099.0675672008363,1119.54475726162,1129.697192392942,1142.30901292193,1148.762498660585,1137.2287885260037,1117.119332537801,1111.7040899840692,1118.0109928700022,1133.4971619997314,1140.1157362581089,1154.5396938345907,1155.2742201990088,1175.7773371071646,1186.4271689815494,1199.872790838526,1178.2529768127085,1176.2324357201187,1175.3119902811065,1215.9394387227535,1228.0885926358558,1238.0429684097803,1216.4546161253072,1222.1221586692034,1238.2652506829595,1256.0361243528118,1257.32107624869,1243.4438704377696,1268.9615624728774,1286.0880524546424,1305.319236152992,1294.7598600321053,1290.830865534861,1303.8232733792431,1336.3288691558494,1360.7623922681657,1389.3198807545107,1416.348897518825,1454.8794169829387,1490.0714512645334,1513.1774176931685,1533.8819013906095,1546.2604962148864,1552.4959153806876,1564.5484105248433,1585.4388158793224,1603.7453324571673,1614.5904418646535,1635.1494903848552,1644.312430241867,1670.7819734589195,1690.7405210359543,1742.991138351388,1742.9072868929113,1726.387638425354,1693.6683815882673,1700.2052279386642,1717.1703676479829,1716.1692541471969,1729.8099788760705,1729.8702728018213,1735.781439655426,1750.51817589427,1754.0650888208431,1768.46281217441,1761.4614698269193,1764.7475824010266,1765.2853520144677,1770.0298767655845,1775.624970359867,1784.3717082601604,1773.2414751494252,1781.6751820007319,1775.4729133534317,1810.846512259527,1809.5317677249461,1825.3841478357335,1810.8152146114776,1814.1713526121962,1805.1769472027984,1817.4083810694506,1822.194176969016,1828.1766164947023,1817.5600000000002
641,570,Miami County,county,OH,OH,"Dayton-Kettering, OH",39,109,,,,,,,,,,,,,,,,,,,,,,,,,,,,,,,,,,,,,941.1922182505349,950.7741827902271,951.9333988745171,955.1055013011402,962.9592681896191,961.329197796382,961.8044050435775,964.0103453418402,972.470482559487,970.8104731661525,977.5605403824374,989.0873727366105,987.2255974509283,989.7995904747337,976.8867966033251,993.2313319151694,997.495687686618,1015.3357412473415,1024.5427610405143,1030.0092384445586,1023.51696277488,1011.3207074225738,1012.1806227939895,1018.5126097006782,1027.4985606065845,1045.3662751909847,1052.0507256731569,1063.2183294183992,1054.411016300538,1051.2074923153048,1060.5494560349355,1078.597082374445,1081.063921628801,1077.9744444187202,1069.8842969637149,1085.9081573110013,1097.3140681984016,,1126.3756678213153,1140.4927518804914,1138.6977859844753,1165.4795415687292,1182.2298367479652,1183.8376865355674,1198.9402335226084,1195.3948921334222,1212.4685125452945,1197.8748544525674,1215.8647525835047,1218.2163664185314,1239.4778616132094,1232.9623138912584,1255.9599096829338,1263.2730227729407,1285.2608524942991,1288.5658142643683,1302.5747671262648,1303.1311168747513,1321.4035448143932,1310.5614105320662,1319.4827822172713,1321.493215818958,1333.5110252607394,1335.7301906636794,1333.4011388354795,1346.2058144134173,1358.4839644371546,1365.9682664795926,1366.859893434874,1365.3702908306602,1374.9280860471508,1373.0960224027651,1385.155772768715,1389.4409096976494,1409.9446286121474,1411.2385676090662,1427.7298814842445,1433.7533430115473,1450.6891612151771,1448.2333056073614,1465.0895990010101,1456.0856884685038,1462.6383081212414,1433.4227761398995,1440.742300033866,1430.7061904965983,1437.0
1554,571,Bradley County,county,TN,TN,"Cleveland, TN",47,011,,,,,,,,,,,,,,,,,,,,,,,,,,,,,,,,,,,,,,,,,,,,,,,,,,,,,,,,,,,,,,,,,,,,,,,1056.779657513735,1059.699004917823,1058.5313906403062,1066.7668587001167,1076.9763827522186,1102.1963962072848,,1156.4796882964563,1175.9320318180971,1186.203349225078,1208.131157020771,1212.8312692474092,1216.733118089924,1207.4063628597396,1228.8253487616528,1256.8538016976931,1285.7087634152285,1299.1339954558428,1320.1875532416943,1336.389458945702,1344.8357411543016,1345.074605366313,1333.0135007034999,1340.326266941594,1355.9663230560598,1376.241511968664,1370.9200678005298,1372.0486683801685,1374.696803186702,1394.062549702567,1391.3727322375137,1395.3598867156804,1390.1213475902243,1406.4947776130643,1408.386274167002,1415.776642203383,1408.8193010896257,1411.9716524775458,1417.8856600002466,1413.9226586547118,1405.6123257299043,1394.5063383479296,1398.4640060049674,1401.597602751775,1424.4755119050244,1432.4947467221502,1449.0856569061386,1435.5315945861407,1452.3315592606825,1464.9565279250091,1471.608734863543,1467.2055849446238,1449.8281620340442
2110,572,Yamhill County,county,OR,OR,"Portland-Vancouver-Hillsboro, OR-WA",41,071,,,,,,,,,,,,,,,,,1260.1682450660155,1268.238685600256,1277.1769068413737,1289.7585048660264,1296.9128042402313,1290.3017592965011,1264.3229003306203,1269.0008004938713,1280.3958293963085,1293.7559342891873,1342.5094897300594,1376.918023390079,1404.3178559224502,1402.8592279513243,1407.9242930603996,1397.7502984883815,1397.404900829245,1378.1164252290794,1375.350322655736,1368.6631716414424,1374.63673706513,1365.6829733522488,1391.4197855046157,1421.5326687430118,1462.6387751522025,1477.5767421098615,1472.5398992928865,1484.8899903613394,1497.9745220692807,1502.75664268613,1479.4932644527603,1466.2557781833007,1487.3771102025619,1511.8262035389603,1520.1879136646303,1522.0673972434163,1541.116736078436,1552.8749879856744,1561.6425263130732,1554.1846904095494,1545.5814495210575,1542.5916382612565,1533.7542117730795,1542.09698852361,1583.3501684554487,1620.081182468011,1623.899063726129,1606.7118448951567,1598.356226969459,1609.6306879624658,1616.873893985119,1646.3924516469456,1677.0588852741682,1682.5115353656788,1676.1335405396042,1667.2925888723298,1671.4426370230342,1703.6084562139336,1724.5442253906224,1740.1626913218383,1727.4890052034768,1755.7026197831522,1807.2396950544144,1858.3167434778586,1852.3655725933158,1838.7584678635883,1791.4918538485367,1826.528774103901,1845.2627749565154,1889.5410614357952,1909.7532235526078,1925.2075734560467,1961.3938864957747,1957.5105907970085,2012.5017855358524,2022.2161440975542,2066.5445253550383,2027.5089073714958,2021.468357453911,2025.0317998473247,2050.5322539754484,2082.352131308024,2112.1701589894305,2121.744708353308,2130.669795558278,2104.000326237631,2065.2438834992563,2071.1943295228684,2093.9281977289,2141.160521042245,2117.0951374437955,2096.0807328686274,2107.1100699325507,2153.7780762490797,2140.0765289200817,2196.462007264959,2189.5925951484633,2238.794701895535,2193.480771757583,2212.197085039271,2235.243049206053,2247.550396226301,2248.659656237037,2268.507894825766,2295.903163899543,2310.0583437893774,2296.444444444445
112,573,Cass County,county,MO,MO,"Kansas City, MO-KS",29,037,,,,,,,,,,,,,,,,,,1176.3493513803983,1185.5071026465123,1193.06358011379,1207.0421800874442,1206.696243289865,1201.9664091722366,1214.0380578720913,1214.7502457113255,1220.1521170056951,1212.2289408418337,1218.603761997112,1227.1846511705496,1234.252597396788,1239.8710014469673,1228.2758140857868,1228.5106831743867,1230.3569867561089,1247.358774063484,1245.1766168586737,1233.0100092525975,1230.7941516038964,1238.3932564292318,1255.8774167501704,1264.5715471789126,1262.3701451397362,1259.8882071405556,1267.2973743309701,1272.5487939475886,1280.070861493235,1275.3003073182633,1270.2589639515545,1276.6643159523314,1281.8355945307915,1297.1745444576356,1297.1513327759026,1308.5232207811425,1311.147857645173,1322.841976972185,1314.351868454945,1329.3513982526565,1321.6852886695178,1332.5112675642551,1323.5700901297948,1321.8528320387163,1322.6692842407788,1330.6476882739692,1351.0692646446494,1354.5174056218764,1367.8919724865743,1381.0159830640757,1400.0872350843977,1397.5416923271475,1389.7543838202203,1383.0500468895261,1403.146880994739,1411.448989592173,1427.9214973597527,1428.9074947131332,1439.792479274612,1456.4980435390837,1482.6058749926954,1511.7555941152373,1526.572783729668,1503.6459731032012,1497.765610014687,1498.4345999627192,1516.548014660512,1528.789542142781,1536.2317704445793,1558.8139680766203,1565.3095208509637,1596.1636355425767,1615.1186807270153,1649.5579166493076,1662.7834133927806,1671.7211135252053,1669.033835731027,1655.460016823451,1646.357151440536,1641.3569589106517,1650.693274675779,1673.5786539088538,1687.1196784933234,1705.3464860251568,1717.7685148918088,1735.9718573470905,1729.3842653645079,1716.100003200976,1721.0733822517627,1730.250661281362,1742.6770768629583,1740.227142141483,1763.676560185416,1773.7462225123493,1794.807232227605,1803.2643766342474,1812.238285057709,1831.4969406970433,1824.5549098382044,1828.6195675177644,1812.773055610808,1811.1919873320087,1829.7084222937233,1833.886844040611,1853.491232311506,1861.4035947712418
3277,574,Matanuska Susitna Borough,county,AK,AK,"Anchorage, AK",02,170,,,,,,,,,,,,,,,,,,,,,,,,,,,,,,,,,,,,,,,,,,,,,,,,,,,,,,,,,,,,,,,,,,,,,,,,,,,,,,,,,,,,,,,,,,,,,,,,,1555.146715061361,1566.2101406308816,1586.1498155185316,1600.2924520945287,1635.3381031559434,1658.3844490320066,1672.611187406939,1680.8728718332206,1686.3102850091307,1675.5710794318436,1653.0825522304044,1690.8618010457524,1725.821627579452,1734.243231038393,1718.9697290210067,1740.8061378390737,1786.9275604836205,1775.7714065223092,1773.322842487754,1772.7221938287419,1804.3791019801245,1807.3112861285397,1787.2051775499078,1755.71742369688,1763.1412263692528,1801.5558992306433,1829.63955026455
1253,575,Navajo County,county,AZ,AZ,"Show Low, AZ",04,017,,,,,,,,,,,,,,,,,,,,,,,,,,,,,,,,,,,,,,,,,,,,,,,,,,,,,,,,,,,,,,,,,,,,,,,,,,,,,,,,,,,,,,,,,,,,,,,,,,,,,,,,,,,,,,,,,,,,,,,,,,,2187.5
323,576,Vigo County,county,IN,IN,"Terre Haute, IN",18,167,,,,,,,,,,,,,,,,,,,,,,,,,,,,,,,,,,,,,,,,,,,,,,,,,,,,,,,,,,,,,,,,,,,,,,,,,663.2404703881828,661.6677429869608,672.7201846646,684.8911871722835,699.0332505685827,714.1837076384495,727.1771480691253,735.67141627935,740.2985064900018,731.4590696929803,741.5630443293468,726.4368299734487,732.06490046754,750.2010012599445,768.1110444382015,792.4540140874544,788.6962466329373,777.5610596211357,776.3698948670898,775.1826713145113,785.382800669743,778.7860198942424,789.5809135388438,799.8135341963947,802.8570372657126,787.933228139548,794.3387829784173,802.0442485209921,824.1882270536192,817.684573579497,809.7376003427736,810.3905212266792,814.3109050161564,823.8140468044284,820.0854042017376,823.7988686546275,835.6083121341399,844.7546542243869,863.69693462329,862.3508762831771,868.398886597742,862.368115174761,871.8369822510996,868.1382346306817,864.1778201931064,864.4683562819204,869.4424520334065,867.3052023213651,888.6746818179703,892.9907946770521,911.5176767676767
1781,577,Houston County,county,AL,AL,"Dothan, AL",01,069,,,,,,,,,,,,,,,,,,,,,,,,,,,,,,,,,,,,,,,,,,,,,,,,,,,,,,,,,,,,,,,,,,,,,,,,,,,,,,,,,,,,,,,,,,,,,,,,1189.7185434430617,1211.930072282595,1262.5866848491844,1272.8008769696544,1258.227021390874,1210.8826400595076,1208.9788886129425,1226.5485746969482,1234.534772106306,1263.0568308279662,1260.8363798284722,1298.0625677147107,1275.233269156623,1268.7463851537234,1233.831316178618,1252.4292450421033,1287.3130008113988,1330.977460770005,1331.7662917979974,1316.2819116076307,1331.0534646694048,1346.247653419269,1348.085561112602,1366.6859783141992,1345.1555595945508,1353.5693927873826,1307.9685631166853,1313.1944444444443
2592,578,Walworth County,county,WI,WI,"Whitewater, WI",55,127,,,,,,,,,,,,,,,,,,,,,,,,,,,,,,,,,,,,,,,,,,,,,,,,,,,,,,,,,,,,,,,,,,,,,,,,,,,,,,,,,,,,1056.651217218153,1078.6297454054886,1134.6392173021666,1111.0581965401211,1107.0327073945896,1093.7469715383945,1123.3135311458266,1128.1246206286141,1155.4081161568095,1173.2855058415516,1184.8073499501531,1185.4972523411977,1232.9905609417428,1253.3834112419054,1265.3708255241756,1245.7269794441172,1268.786240162573,1286.0344218422244,1286.911684147849,1283.6488361418687,1281.1895296544242,1272.0339053240402,1316.1478391934456,1305.3710857358697,1324.9932708232916,1332.4177320642261,1372.9019435090945,1392.0417179042174,1368.488406697611,1386.7610302338094,1422.7684693110423,1444.7588024542767,1445.7524102865277,1465.7085140655531,1472.5803794809635,1482.6577257994013,1430.3885485056012,1440.4915431591842,1453.5701951887422,1498.1944444444443
924,579,Carver County,county,MN,MN,"Minneapolis-St. Paul-Bloomington, MN-WI",27,019,,,,,,,,,,,,,,,,,,,,,,,,,,,,,,,,,,,,,,1422.1758259765131,1420.1829467106709,1426.2520967435767,1439.3719028112928,1457.2259711440336,1463.3228547044707,1479.1511701286029,1472.1232443786546,1499.0876853084637,1482.1524576557224,1477.1222870381196,1458.1759129231407,1487.572478237219,1506.056278232125,1502.4673964336464,1503.0604143844682,1510.7352723238473,1523.567018091504,1533.8339956081502,1525.6374347192914,1520.5956203508174,1500.0935834604818,1525.2588664570746,1528.1795175566351,1528.3987860080144,1514.9678383113514,1532.0318961879414,1548.3408721254639,1557.5892657690504,1568.2514828017624,1558.0415126947562,1562.8754196875475,1558.673353747391,1585.2710244184957,1598.28351306737,1618.3392080834667,1631.0738201341937,1641.2318477541937,1631.3137115897048,1642.000425784991,1643.9230125173003,1666.2458926400063,1670.4551535996038,1679.924355727053,1676.8083159794849,1678.7299580259355,1693.6632671810296,1710.6804067723706,1723.415084760623,1726.4450421216138,1740.4962511968836,1763.0525701444124,1792.3525161215964,1806.722695080159,1805.7093200248405,1802.9463915854847,1807.2507494433007,1809.5641226251823,1796.0152195175328,1796.2093189343689,1800.333095145085,1824.9835029630533,1829.3157440257712,1857.682495080402,1863.666862363804,1887.671766490273,1879.4413946865454,1887.1020902575967,1877.497088827221,1878.7469329760297,1881.8375763922234,1880.5727214331353,1883.3177122200188,1875.5086973596592,1880.1882703681845,1901.3353501376505,1924.8684502037645,1942.4329515089546,1959.4467496983,1959.5083281051848,1957.5542534437275,1917.6379273843831,1925.6674244282876,1932.388991547691,1950.3805322449557,1961.0539682539682
2966,580,Monongalia County,county,WV,WV,"Morgantown, WV",54,061,,,,,,,,,,,,,,,,,,,891.0848075626883,879.1802488921988,891.6367057206357,888.5773926577124,913.6769597636859,928.7246230434199,947.6365672004083,953.5190474503064,951.4831659243829,941.5162016737165,932.4257320665237,926.4480526270697,934.8842362020092,921.5036118534116,917.457047097656,912.8005184185978,928.0843758202636,938.7174802420999,936.5287264867004,936.5378876350914,935.680198650984,937.3812495042996,934.8976485618017,930.4171380667586,932.2519883531977,933.2033264124491,946.2460584777361,951.687298337088,958.2540510250055,947.7820437794809,933.2580349025818,933.6498984447346,941.0221767902527,945.3277058905837,947.1135691229108,953.1303787291224,967.8260693829143,968.6398879087893,966.1256519597014,954.947022691087,966.4907136472432,975.109684833496,985.1066768558231,979.5189547608642,968.2871271780746,963.5289503853905,964.0851115577018,976.7087488637118,993.4453133917667,987.9429952325451,984.093609271199,991.8732013795615,984.5338633247844,1002.4516372211879,1006.2822924455878,1027.4112048107302,1019.2914506191765,1022.9228788232566,1036.9454764805791,1042.86046072001,1029.6462104324607,1014.1847656537724,1015.2262213905752,1032.8820883735327,1044.813359266279,1050.0763741975438,1065.5673344695647,1072.771282108261,1076.3675047725283,1069.7388712031857,1081.4916495476602,1094.2022604222498,1099.3674876384162,1096.0517843171,1111.474248262391,1123.8913156082474,1135.3846735663485,1131.9866535941196,1128.2663756448567,1131.6428081952436,1115.011114978764,1117.0465612348207,1124.8097527406064,1137.393951270687,1139.6568977276852,1141.1781888176843,1147.8288310312814,1156.1078575895829,1163.9475773149816,1171.499972068944,1178.8523234497543,1168.0275847788698,1158.9131828295522,1150.6560583442877,1159.750126979106,1173.7343052165882,1174.9773276344058,1191.5349376942368,1184.2922698548243,1189.8182092680916,1199.1291396150627,1223.8306576075968,1241.1876646737242,1220.2481976847407,1209.6392420006214
2578,581,Tompkins County,county,NY,NY,"Ithaca, NY",36,109,,,,,,,,,,,,,,,,,,,,,,,,,,,,,,,,,,,,,,,,,,,,,,,,,1423.185103618697,1395.6128220872806,1371.131322732365,1361.9906839240793,1376.4049229933535,1394.0379238001535,1412.8938345695171,1446.1636107898316,1481.0181301737978,1473.2584439015016,1469.9992741472468,1437.4243487945516,1452.0037934190714,1462.328244778671,1470.691751135793,1466.8065235980225,1436.917460776137,1465.5536995882355,1475.2174717214393,1518.8035530858215,1526.0853462927696,1554.6032232701712,1580.3536594785735,1543.972154048813,1507.7554216389392,1452.8453979796325,1460.3557938893616,1475.2744983281066,1506.0450233104202,1524.1737630538528,1543.7954369469526,1575.4209135389633,1570.079767784724,1680.0151159781835,1702.9958701054836,1776.948897826292,1713.2719381965976,1732.745596698792,1776.373879660756,1817.8139447905107,1842.9032741267497,1843.073078277071,1798.7193927761002,1764.2262800986643,1730.2075272583834,1747.765913217932,1801.495282289301,1841.6187405740634,1859.3545473545532,1856.4182438018706,1858.1215805273819,1854.5684166059189,1849.7622671574145,1872.4417274072055,1896.2294578560602,1906.6911372527838,1901.748243070436,1880.6069711499017,1817.5314255923506,1824.10616963358,1871.3494715005024,1968.7329507444647,1995.171001072363,1994.625124025119,1988.521186256297,1997.7865586276855,2017.6026604957128,2016.644440906848,2035.2176393691063,2025.3603603231982,2002.9979916238906,1979.8795757876799,1978.812716758951,2024.7543940740907,2025.438887199757
1411,582,Sumter County,county,SC,SC,"Sumter, SC",45,085,,,,,,,,762.7989524089617,756.139782718349,759.2462022814138,767.7304681044697,781.2339239848939,784.6881074470435,787.061683135004,788.1155592692393,792.6291739653898,801.4892952219856,803.7845735405072,803.1411401293902,797.4445513443039,795.5806018212107,793.6258407468553,794.3237490600893,795.0092499415304,802.5753023055439,805.5541671660795,812.7531381892162,815.1501070024927,820.1357399291489,824.8154371259365,820.4166221535592,821.8680396381645,819.8118038437781,826.5404479496628,827.0693917525896,828.7028300702742,826.5074384174209,829.3148001320812,843.5115424555623,855.6290634666025,858.7652892402372,853.9598496542172,857.829109761838,867.925803514852,870.9511046903152,871.2995464879206,864.0252052033009,862.2151864043991,864.1011261278733,876.6749103586225,882.9823059940683,886.4176490073992,881.0408987063323,881.6762952250723,884.9334353070378,887.9921221802016,890.710365067572,887.2732617255607,892.2083894491622,895.5912720223693,898.1707641413633,907.1710408624878,915.6701828184662,925.2291328339069,927.6371931883124,932.8301697607153,937.4661928866694,941.5744094855161,940.3311250216279,954.8618276390918,963.7946319760042,973.2060762815427,969.9596022654158,977.2405903846973,978.613780171031,988.6726505213778,987.9468229484368,1003.5685698675265,1010.3463405995946,1019.5812546300076,1028.2479903391643,1050.045763985337,1060.5893713587427,1060.3585704635357,1077.3416343624526,1092.1144123479337,1124.0788413062228,1111.7608122173135,1123.981591633566,1119.9446707190914,1124.999996086714,1136.6169298610105,1145.0067276399461,1152.8191680457944,1160.7373525642624,1169.7450791593901,1181.403258817533,1186.8350624788886,1191.8652312879517,1202.0852029318698,1207.9453882374105,1208.7649815018442,1216.4504774413942,1217.274833788696,1221.5566813085427,1229.3775871328617,1237.0924708314049,1248.0133364601406,1257.053021251152,1265.2022685836425,1278.0612943791696,1279.4704487113856,1284.1928074055475,1289.3423495664933,1283.2062276494757,1292.9100579792919,1299.3536291626874,1341.5462504387522,1329.4609518961427,1338.239973771187,1334.0052938724893,1349.4054476573972,1357.4096638655462
2516,583,Rockwall County,county,TX,TX,"Dallas-Fort Worth-Arlington, TX",48,397,1373.8101149705656,1387.7352754499036,1391.2495982964977,1412.2436470810596,1421.6007099376504,1427.5846822053895,1435.1951105271073,1450.8545929727663,1456.9303847620852,1449.658471451682,1436.01685611343,1455.3675861613374,1461.3469072747625,1481.0197831349612,1487.815064814995,1494.884444491061,1502.9117660292043,1506.0361998088486,1522.063744768164,1519.129979833236,1532.2991253913535,1544.8334945803933,1538.6461850201088,1528.3136840969657,1509.9090080640062,1522.264832115541,1527.245273581595,1543.3002410069528,1552.0268186723251,1556.1778877748454,1562.7276724649007,1570.4685459820842,1575.372038988126,1562.232871514516,1566.2946743090017,1562.392927249279,1585.1624206660074,1583.5790172762456,1582.055996162028,1577.7984358713145,1579.1311857770047,1591.980696866311,1600.3229658662099,1618.209959713803,1618.7994093773807,1607.5413445625627,1593.1159682318028,1576.7977590186233,1587.9819933651797,1600.0806492448442,1632.106947587401,1644.7220473901984,1654.754403874861,1662.5480400928207,1667.0913981153765,1676.7261958501715,1676.0705661047475,1662.806038020624,1653.282133905835,1648.5570264607386,1679.2905377194338,1687.306724479548,1699.5894047089505,1683.88171753489,1691.985983058576,1691.0660603676217,1708.2303799292422,1718.2679128594232,1727.2995631380306,1743.0484438329522,1743.3352029015684,1761.9257687780632,1776.354698406506,1791.0668888304301,1801.3357432114442,1806.0775957412102,1833.7756089448528,1865.5881551524349,1898.8352318550153,1902.4866166373859,1911.0139687729127,1910.8760637182222,1927.6428767905757,1932.9662349049293,1950.6038759290632,1976.546536096136,1998.8561545079913,2029.1152777678474,2059.4271911871183,2093.020003935129,2113.8457037475373,2133.0591108003678,2127.7322630236476,2114.118812789481,2106.2444305167573,2101.62368887953,2097.007065523434,2078.4445707735895,2091.5567921172988,2095.8928205687307,2123.923271450123,2127.3536947837556,2146.5004462359993,2141.217575826303,2149.6756436190885,2140.0649743639797,2128.002874069316,2106.3750372723694,2097.027889610001,2098.609767276844,2115.661284838803,2128.0535342231283,2139.4595380111678,2129.216486750404,2125.8792687729165,2125.8789549545304,2150.366133437653,2147.68526420405,2151.5701461300055,2143.4185168543745,2154.629317122448,2156.9078636611343,2167.8819367540295
2924,584,Eau Claire County,county,WI,WI,"Eau Claire, WI",55,035,,,,,,,,,,,,,,,,,,,,,,,,,,,,,,,,,,,,,,,,,,,,,,,,,,,,,,,,,,,,,,,,,,,,,,,,,,,,,,,,,,,,,869.014763785288,891.7460990136542,890.8025673065627,908.3915153015671,914.2574640817098,920.9867338781963,925.2362417863716,930.261276406149,967.6762637866834,968.7256029925188,978.5737597736493,974.2682109997543,987.2414766805384,994.867442189346,981.0421284933054,992.0099647367456,992.5258464165172,1001.5873732557961,1001.4946920431748,1008.9521716140717,1012.9211028550245,1015.8175338115979,1008.8358172490313,994.3806482314064,1002.3042324930016,1014.9354995517889,1037.0491222026008,1031.3644781801788,1025.5056355118306,1032.7273492958434,1039.248290157154,1048.8052077712587,1040.8227554182533,1043.881818863598,1054.5820057565525,1040.107265054899,1042.678409236353,1036.6912379239036,1063.5299145299148
1326,585,Platte County,county,MO,MO,"Kansas City, MO-KS",29,165,,,,,,,,,,,,,,,,,1002.0326851270939,1019.2041017924068,1025.2444746306794,1024.2278505601062,1030.8088456410626,1045.064190956817,1049.8617687065962,1042.4460857365927,1034.5477071812631,1035.7674948321899,1067.9943985038644,1082.3623927983913,1095.3009004985727,1080.4264358058522,1077.4315058885177,1068.4303456019175,1062.6078544724653,1068.1896824655282,1072.2169834842446,1074.1974735497774,1057.3285654328388,1065.241880986947,1075.343846968573,1094.719942389864,1093.7835070683434,1096.1035462704854,1089.2886423513098,1093.219109006082,1092.3864564229505,1085.6073084049547,1081.315754278402,1076.0225568402818,1097.06833935748,1100.3168518715768,1110.837677462931,1108.0883925225794,1123.0195647184075,1125.5690504181682,1134.2763548772102,1134.8747758144,1132.4704024741745,1122.6587829742646,1114.9127268144966,1123.7958762853423,1135.690550689874,1139.6721453722198,1139.8383495176417,1141.7516120058533,1152.621593702474,1159.8418328785783,1172.2938030773364,1185.8973037252056,1192.741228899377,1192.134551265625,1189.8843003053469,1193.665950138225,1191.3699619767585,1196.0166217821663,1210.608831659776,1233.585087317646,1256.6760764331323,1266.0469072804638,1282.8970348492217,1285.464108122089,1280.8077013080187,1274.4755597695728,1273.549613947597,1284.7335438102216,1296.1661217911767,1312.5911205230861,1330.552798724292,1354.5474972814993,1375.2847349357437,1390.410252826493,1395.311318902572,1400.8401156665211,1405.9573965711481,1398.1256633053072,1389.669210938452,1386.1747461162884,1399.81120429657,1402.7500279459987,1417.8232221415672,1424.7231975674608,1448.9159971523704,1466.7446421734621,1485.1413343555196,1496.2104780309182,1486.6365439899303,1478.2837079702776,1477.822984698869,1468.4925629219056,1464.804855986311,1465.1530842343498,1480.9521212526618,1508.3340895662877,1524.9402819311729,1546.2875595181918,1545.2193551041787,1549.6950893251706,1548.621123343551,1558.718304070194,1553.1721533549135,1547.9191476396961,1549.7104674520444,1563.687802480057,1582.892862439748
2601,586,Woodbury County,county,IA,IA,"Sioux City, IA-NE-SD",19,193,,,,,,,,,,,,,,,,,,,,,,,,,,,,,,,,,,,,,,,,,,,,,,,,,,,,,,,,,,,,,,,,,,,,,,,,,,,,,,,,,,,,,,,,,,,,,,,,,,,,,1188.889127727194,1175.1868675084118,1188.7562084835772,1180.3349393468134,1192.6298278333757,1165.9886314319344,1167.8160445421117,1171.9060211033504,1203.7573623145588,1197.8155125321375,1198.443121485118,1213.5141159274956,1228.9997597173997,1243.041628241081,1250.7111296548983,1246.2732905724217,1263.1199514819407,1262.4903028666454,1274.0950081566307,1279.3852530267982,1278.270716414077,1285.1074683595227,1305.638888888889
620,587,Macon County,county,IL,IL,"Decatur, IL",17,115,,,,,,,,,,,,,,,,,,,,,,,,,,,,,,,,,,,,,,,,,,,,,,,,,,,,,,,,,,,,,,,,,,,,,,,,,,,,,,,,,,,,,,,,,,,,,,,,,854.8037683239803,839.7823596999848,831.7936138485621,823.7009235263513,856.6436575076656,858.1997491819047,878.9702037588007,868.6056452961807,875.4249317306856,888.5453878364898,894.9275110086605,901.4058331965738,891.5843630333464,884.2853102899105,877.3232952190436,937.4118806085218,963.1824587152935,988.5018190784706,954.2624970679095,961.8592013567096,963.6426698834839,998.5168457097789,1020.4159655193171,1031.9348530576667,982.8063153009637,984.7676665737891,978.0
68,589,Bay County,county,MI,MI,"Bay City, MI",26,017,,,,,,,,,,,,,,,,,,,,,,,,,,,,,,,,,,,,,,,,,,,,,,,,,,,,,,,,,,,,,,,,,,,,,,,,,,,,,,,,,,,,,,,,,1317.8751833253252,1304.0210477062312,1321.5199264579119,1322.9266187422427,1333.1202881985935,1300.862231801997,1316.6218250172235,1330.4733927104348,1327.6086041933904,1308.4576079087867,1287.8630748267308,1328.512386768069,1338.908588570038,1367.4994895352588,1355.7381351886056,1363.990858187895,1344.7246466021127,1321.924863029661,1308.1066469619877,1340.2857657036307,1365.252673842022,1390.7250212359272,1367.8859565421126,1393.1707724686842,1412.0202789748437,1444.9020991692082,1436.209695722602,1397.6762458552753,1409.914956632126,1441.5917793879796,1484.474530675887,1478.7947877697559,1442.3315799896382,1408.1706984107632,1370.4166666666667
3092,590,Fond du Lac County,county,WI,WI,"Fond du Lac, WI",55,039,,,,,,,,,,,,,,,,,,,,,,,,,,,,,,,,,,,,,,,,,,,,,,,,,,,,,,,,,,,,,,,,,,,,,,,,,,,,,,,,,,,,,,814.3625516077348,828.8559346337615,834.367530352358,860.3643847137243,862.9827105398316,862.6195745249354,,867.2509407543066,,886.6347417438499,892.5202342017171,901.2773195078029,886.5636806670342,894.4901565537479,902.0001107650816,935.9754268001794,941.7572950904581,949.5869654470873,958.6905926292873,971.7428439528555,979.43670060904,976.0850703502083,978.5305282893613,980.5126075649082,972.8860977939876,970.4220735713486,973.7913338016607,973.7351182138676,988.8400097828036,1002.7952556909171,1025.7898729362043,1024.6521813594063,1041.0070039324175,1058.8723045767272,1108.6671914966178,1110.0011157505298,1084.0270502015317,1042.7222222222224
362,591,Adams County,county,PA,PA,"Gettysburg, PA",42,001,,,,,,,,,,,,,,,,,,,,,,,,,,,,,,,,,,,,,,,,,,,,,,,,,,,,,,,,,,,,,,,,,,,,,,,,,,,,,,,,,,,,,,,,,,,,,,,,,,,,,,,,,,,,,,,,,,,,,,,,,1324.2410837738046,1314.9265661013583,1311.111111111111
1007,592,Etowah County,county,AL,AL,"Gadsden, AL",01,055,,,,,,,,,,,,,,,,,,,,,,,,,,,,,,,,,,,,,,,,,,,,,,,,,,,,,,,,,,,,,,,,,,,,,,,,,,,,,,,,,,,,,,,,,,,,,,,,,,,,,,,,,,,,,,,,,,,,,,,,,,,750.0
2265,593,Flathead County,county,MT,MT,"Kalispell, MT",30,029,,,,,,,,,,,,,,,,,,,,,,,,,,,,,,,,,,,,,,,,,,,,,,,,,,,,,,,,,,,,,,,,,,,,,,,,,,,,,,,,,,,,,2067.865032734683,2139.3890482072834,2125.3610495307644,2187.1106725950376,2201.061442212513,2232.7096497983825,2243.8149451240342,2261.743285623313,2269.1829853220306,2234.7551089099047,2170.7514107558877,2139.959279550822,2104.240817209426,2106.3851936617843,2120.98692807172,2190.342789421913,2229.4900411023277,2260.402737535194,2254.895276658025,2243.7293628197567,2234.0096365005834,2192.7251461453793,2168.606066114021,2136.258466811939,2139.9541044539383,2179.8946161635135,2195.580949363005,2226.9832817677566,2252.231620037291,2281.3542206049347,2305.033821132705,2282.9642621951793,2273.31192410889,2268.1208868082786,2239.054667094063,2204.5637502936975,2158.264435111485,2189.3932157630425,2232.136752136752
429,594,Cecil County,county,MD,MD,"Philadelphia-Camden-Wilmington, PA-NJ-DE-MD",24,015,,,,,,,,,,,,,,,,,,,,,,,,,,,,,,,,,,,,,,,,,,,,,,,,,,,,,,,,,,,,,,,,,,,,1329.0587006652365,1342.3479497619396,1343.11598583682,1344.8505021387316,1340.5262211563909,1353.6206250837283,1377.868855234238,1388.2380516369087,1403.8937942435339,1410.2185770032518,1429.6060433815678,1441.1141481579605,1457.335440208684,1476.6494671048679,1484.5113307706713,1497.6127391460786,1502.3546982916316,1524.7837963445381,1533.3919628529143,1569.228935388606,1592.7866366914493,1601.4247377196573,1604.261567943403,1618.9230049425826,1659.2295628858337,1671.3724750785707,1657.6074086370875,1633.5916979270166,1642.301461014138,1652.1149116261824,1662.092161278324,1664.8064093356154,1673.4812960562315,1681.3261039688725,1681.9610780948224,1681.8418601437158,1728.9552005650437,1761.9533388841828,1796.6461193657638,1773.6951982351184,1767.3007136686917,1747.822367649034,1732.635383001042,1694.114134849948,1708.400390546212,1728.2814885099415,1761.5493911413846,1766.6651932003172,1756.8777593508091,1776.171061032615,1809.1913486996611,1849.4079126607087,1835.1984332749773,1805.356630310544,1817.870583520556,1839.8583333333333
2598,595,Wicomico County,county,MD,MD,"Salisbury, MD-DE",24,045,994.2562116015671,1010.939723435297,1013.1696947280567,1009.7776050826855,1015.3966221450976,1013.5195358169227,1009.0592409771273,1000.9020505625975,989.2422454099411,991.6871044732296,994.7027872498186,1000.8932761203065,998.47571433492,1001.6811500310655,1011.2035461948583,1026.9564012765713,1023.3959754943064,1026.1467490874602,1025.7287788452968,1031.5447890134533,1029.6273384679894,1020.9262103757409,1022.4999239523253,1025.7798909964133,1031.8759778868218,1030.5579987588808,1037.1309158898869,1050.195962111211,1057.4907258106643,1049.0397393026674,1034.630380201152,1038.0016011271687,1037.2020506035415,1050.169999687381,1055.0429811623326,1056.7712971990081,1055.1231303717057,1054.718187519189,1070.6755381140592,1074.1420533383418,1079.2261685615867,1076.4878241711476,1072.1486622730977,1073.505897900758,1071.1216760078648,1087.7021326853371,1094.422247541374,1097.9693817319662,1094.8606876800259,1089.1739039970953,1098.5704880360927,1104.6299169996482,1108.1445630239857,1107.2289092557855,1124.8734468328619,1129.9803664001508,1134.7309957511175,1132.4853334834663,1160.5554252094214,1189.6070142627177,1186.9549239400462,1180.6815231486557,1173.7411151207837,1181.0466298844328,1175.610253055509,1183.1327638048058,1191.8296615566587,1226.4164736902765,1234.1713614651965,1236.6729166275081,1213.3848108414154,1218.4366955613038,1218.1287668730763,1220.745692679852,1234.5083317782196,1246.5372817269104,1258.1466451595606,1284.1576821713227,1308.3766990231952,1349.385533456879,1344.0620038087384,1352.3637269646135,1348.1940939858698,1348.5344577694152,1366.665477838441,1395.8035716778184,1420.4806170377426,1436.5416936867252,1439.6670663616046,1461.5719688892455,1467.3206226572686,1475.1438672986533,1475.725840666695,1490.7673038306527,1519.9274890650581,1518.7147213275593,1512.3673949481226,1491.605810902784,1488.7364623340852,1515.8457725888625,1513.8243816063998,1498.315306244732,1500.2869234401662,1526.9377562799293,1571.2929486015141,1574.8219163043275,1532.304410120789,1552.1518398014075,1542.0193079815924,1590.571838946719,1578.6581584880769,1621.9012706600545,1624.677825897355,1632.9012133521967,1620.5784747739863,1645.0542698916952,1663.0431271018401,1683.6131558439297,1682.5527412972483,1700.93091528547,1700.853459535844,1705.0833110340072,1689.642857142857
2872,596,Whitfield County,county,GA,GA,"Dalton, GA",13,313,,,,,,,,,,,,,,,,,,,,,,,,,,,,,,,,,,,,,,,,,,,,,,,,,,,,,,,,,,,,,,,,,,,,,,,,,,,,,,,,,,,,,,,,,,,,,,,,,,,,,,,,,,,,,1653.759117449406,1651.8501003023134,,1738.6370254401838,1746.6007865398246,1698.7231580741286,1706.4840384372249,1692.7025747656107,1748.9976269600888,,1783.5530729003551,1903.090613426925,1876.193543531273,1818.6478091347813,1751.388888888889
1652,597,Daviess County,county,KY,KY,"Owensboro, KY",21,059,,,,,,,,,,,,,,,,,,,,,,,,,,,,,,,,,,,,,,,,,,,,,,,,,,,,,,,,,,,,,,,,,,,,,,,,,,,,,,,,,,,,,,,,,,,,,,,,,,,,,,,,,,,,,,,1133.070496056924,1141.184419001377,1134.0553095086968,1156.5773351310415,1175.544721075234,1218.1912625386612,1195.8067196399254,1179.7624531531615,1144.9766626255312,1184.7270444070105,1192.2236635204129,1252.0878497949884,1237.6666666666667
371,598,Allen County,county,OH,OH,"Lima, OH",39,003,,,,,,,,,,,,,,,,,,,,,,,,,,,,,,,,,,,,,,,,,,,,,,,,,,,,,,,,,,,,,,,,,,,,,,,,,,,,,,,,,,,,,,,,,,,,,,,,,,,,,,,,,,,,,,,,,,1043.8954341256785,1081.369698696766,1089.6058723862732,1141.217362559275,,1118.3018012474035,1078.8733326777394,1111.9107651416048,1120.0052909380352,1139.5833333333333
1261,600,Nevada County,county,CA,CA,"Truckee-Grass Valley, CA",06,057,,,,,,,,,,,,,,,,,,,,,,,,,,,,,,,,,,,,,,,,,,,,,,,,,,,,,,,,,,,,,,,,,,,,,,,,,,,,,,,,,,,,,2300.9554267952362,2309.7337135236157,2365.3623039629806,2365.8946425040153,2414.5821311545624,2412.9019153911872,2405.1571472885093,2369.4129504684,2379.907032251911,2418.269604536226,2437.0339803655706,2416.252236213872,2414.2879348343035,2406.620368481343,2462.586153726943,2474.0229592114974,2499.553622748359,2483.8410751451142,2510.9262025724934,2538.261519771929,2515.96983820097,2511.3195171577263,2497.308683131811,2492.5781062793576,2493.186780297695,2450.2962034737207,2486.3605426773092,2505.2857745930514,2589.050064054362,2614.8741201119,2615.2471484371017,2575.9213801909677,2575.3749710266106,2627.484643912924,2668.4579198846754,2666.727833496051,2668.3548738574245,2682.2938010642606,2709.5740740740744
2780,601,Limestone County,county,AL,AL,"Huntsville, AL",01,083,,,,,,,,,,,,,,,,,,,,,,,,,,,,,,,,,,,,,,,,,,,,,,,,,,,,,,,,,,,,,,,,,,,,,,,1260.7438385521173,1265.6099303131177,1297.85952909945,1301.6212258921576,1325.0044915551807,1331.6331526113054,1371.4644925330877,1378.790376414317,1382.8956980098662,1369.3728603135203,1376.504256266956,1389.1876819112672,1396.8008640006547,1396.4591872125095,1414.7752878614428,1448.6476094634306,1462.8873124924505,1462.5221045921953,1442.0770194172624,1461.1952402576403,1472.7804169702938,1496.7829083263573,1488.3311076468501,1485.3327330836746,1474.0329153773384,1475.1673197800233,1478.9509620204728,1499.5522752393886,1508.1641664841611,1514.2585276684588,1512.6398681824194,1527.2266510848099,1542.8330063771948,1561.9529405595868,1589.0621710843352,1598.117043643253,1595.5994682094695,1581.1814424587342,1573.4984665650218,1582.234189834291,1572.2530100244567,1584.9349242109192,1594.9548285955943,1616.092328396019,1619.6584887836448,1612.773195292028,1615.812531395728,1617.5712176086563,1626.1094796405628,1631.5132894606518,1631.8052504660907,1640.8530846592216,1650.556166056166
962,602,Craven County,county,NC,NC,"New Bern, NC",37,049,,,,,,,,,,,,,,,,,,,,,,,,,,,,,,,,,,,,,,,,,,,,,,,,,,,,,,,,,,,,,,,,,,,,,,,,,,,,,1179.1946136822933,1179.8524326459933,1193.3699753581684,1188.9036914473277,1199.5378470947667,1218.2240725196657,1213.636127082832,1222.7880169990378,1221.793144650078,1228.1307043053419,1245.4918255198331,1264.567284177353,1315.0212635358391,1347.0022464057183,1380.794731668091,1408.739607772254,1412.6553709925454,1409.7499040566745,1393.776567807445,1382.8393217050077,1381.4934594562735,1364.9337725734092,1362.0762665579316,1366.9932997670553,1390.246696426948,1420.075430169776,1432.750241388193,1432.5689262475187,1424.2020759632744,1419.93530934237,1432.6220270012532,1412.6924733140838,1410.377261882821,1422.8449502070564,1453.8730798170166,1478.0378755796542,1483.800629353557,1494.12281185506,1489.8189188627746,1487.116087275467,1482.5127895924172,1500.450349558941,1503.9891997630214,1537.1528262659801,1525.967696163785,1538.8579164691334,1537.0225563909773
2724,603,Highlands County,county,FL,FL,"Sebring-Avon Park, FL",12,055,,,,,,,,,,,,,,,,,,,,,,,,,,,,,,,,,,886.9587808461263,881.3140621988396,884.1202512901259,890.8783817615414,923.639736118792,920.2300515924636,936.4398598620824,922.620049331849,929.0514241192691,920.3530523178734,930.1652907126587,911.7562124581324,907.9754945661743,919.5982571393538,950.6415882371488,964.7328184790938,953.0603578663283,934.3200886924155,940.3888608712426,934.1907782911516,953.5468832287886,949.8863651395731,968.8145787533538,972.3215787948471,979.9295959362095,984.2876373543133,986.6639668237167,996.2825854733279,1009.8679718231366,1007.877174449465,1003.3360675783401,995.9823018706569,993.3935555779635,1008.293856450257,1006.9959833390546,1037.8798415397332,1040.4233280472326,1054.0873638829783,1078.0071469989343,1089.453305241152,1117.330001994605,1121.3091089790973,1138.044622297839,1139.6902392056177,1156.5547704518156,1170.215103078618,1179.5558470713852,1198.1991968700145,1214.9022492349984,1245.6889954609144,1256.3697630782735,1285.548184939788,1303.2009215785795,1312.5727511073505,1318.3761588996308,1349.2613991538299,1363.2806501886046,1375.9140080521645,1376.203873282633,1377.0047941517573,1399.6378959930796,1419.6008253689633,1449.5944790005117,1451.5445535278157,1449.997664347403,1440.4107893757919,1461.5696989350342,1467.430791404456,1484.827582102977,1484.90012204691,1486.189852194566,1494.1703225901038,1495.126262147998,1510.520031167706,1508.9442627806072,1509.9259813327835,1505.7721884946907,1501.1961576283231,1503.5402356772072,1504.16912223159,1530.4502246065458,1542.6071177499878,1556.4929846256487,1543.385121587909,1563.07281856112,1566.045691375065,1563.252188587025,1554.3542060218565,1538.8111044774066,1551.2314814814815
1657,604,DeKalb County,county,IL,IL,"Chicago-Naperville-Elgin, IL-IN-WI",17,037,,,,,,,,,,,,,831.4729770011527,836.2793453824438,835.9595520773859,824.0999761935243,821.8810485952082,831.9108939313414,836.4029448224203,843.8802770326616,837.8250677585701,835.6931096436258,823.5412876507226,822.312085759435,827.7961798523914,841.017872086138,849.9418321438063,857.5519474589787,860.8130216478867,864.3688006374304,857.2152701111954,850.7429261546985,847.4527906745466,846.9257047192854,848.8424927470707,848.5106691682466,857.8597712737579,873.1747953042595,871.6339407358432,871.0743374006134,859.3402223003756,877.8323491934999,883.5786288606146,893.8588076510545,883.931503321473,883.5185588962318,876.6894996553132,883.6454840804099,884.7154571071587,889.0918536537905,889.9934183159056,896.8367384961361,903.9672284782014,913.7484459182427,917.1144169105914,916.2813491825211,903.5978569257088,896.4625572054584,902.9229953134154,906.3721420053118,920.459103970443,929.7085887876669,949.5236272353179,952.7364546508496,954.0742007845002,956.4024128344105,958.9272593664704,967.8083009165184,957.679670439947,961.8007474447684,951.7746701859752,951.9007008456098,949.817029655289,950.6945501382249,956.9220790177287,960.9507105912833,977.4297523138035,989.354344456916,1005.6800204431805,1013.3709794149404,1023.1584292587487,1013.5032664002123,1014.76608838896,1016.1678030352849,1035.7280928207006,1038.4801365999494,1044.5943276090745,1058.6872827353145,1071.2806045749096,1088.1313335403831,1090.9515521170024,1094.3820431432025,1092.328238284246,1100.384106504206,1109.6885739426364,1109.151959808067,1100.7050910590056,1093.0335107004817,1107.204872566988,1120.641888239136,1153.5125894920566,1153.9583457231931,1160.351340419608,1150.5530915466147,1159.7246169996565,1165.860996762461,1144.5671941654516,1131.9467788282218,1137.4693005314882,1161.6033708419727,1195.9525331199877,1200.9966632659016,1212.4968918101283,1206.6361607572805,1213.6490578284524,1216.3789123785393,1227.4131617483956,1224.262431612276,1239.2377784297264,1232.2552972974959,1234.045865746308,1233.3465123078633,1247.0833333333333
1848,605,Laramie County,county,WY,WY,"Cheyenne, WY",56,021,881.8702841215888,877.7909352820755,881.620126130874,896.2364086201087,906.8748227694056,902.0651724927875,907.4523581679753,909.2532603228169,914.378112220954,909.3242001898608,912.22541491518,904.3702259364887,904.0332060076646,909.0248198432911,921.0493499721262,931.5868089678937,928.2956422327005,927.2609275224264,923.3137411016089,926.5995391853837,931.0355337826878,930.9438642395764,927.2698951843156,924.5104186412948,922.4154685793999,924.7502477575516,927.8175342035552,934.1289885744791,936.3022795307935,936.3676818776216,930.8700231762339,934.9652533098473,931.9918108478212,938.5057656636894,937.4383208228628,941.0909804319856,937.6229141384778,938.970888949186,937.7197001338865,938.4791646645511,942.0025299246909,944.1136848861418,953.1873003260376,955.0646687912555,966.6246103828445,966.0784886426173,970.3946209350495,966.5173744138655,972.74159994866,970.944829626712,975.9442352164759,977.8985532566791,983.7939499880337,990.3734380667828,992.6849257213037,1001.2334449703123,1004.5925173867099,1010.8004208645308,1009.7115606638698,1011.1668093411402,1015.7310636614593,1024.5141934935114,1023.6988780738346,1020.8455842236989,1017.8589411877515,1025.014132711235,1032.7481533043185,1042.2717725950943,1046.6032893118154,1049.644186830223,1052.2744886615303,1070.7793524673623,1072.0798533417574,1069.9166561665204,1064.9844557135868,1077.9432448421949,1092.526441411046,1101.0473062250996,1114.7574593113998,1127.2886017861497,1141.4277879747135,1148.8289567863762,1147.9087241911714,1151.711768391881,1153.9392606136128,1169.6352509396118,1170.366290942607,1178.1428724019297,1183.6047892752877,1195.9304209395095,1200.2059937723466,1212.5856102603132,1207.7705896731832,1211.832776404264,1201.1587563060564,1199.9387577581697,1211.08033769267,1217.5328210014266,1233.5722023075084,1230.971818629833,1236.107398523471,1237.8274459429454,1245.1181719812978,1254.0114464164506,1254.1611241248545,1255.6434610553424,1247.8732934261895,1262.928788449147,1265.6406648287384,1277.6296142418264,1277.2610039588455,1285.1746025156585,1291.374119375319,1296.8821195255882,1302.0341845862993,1307.1590140419828,1307.1565409432465,1308.504205126723,1314.3093032689524,1308.6797965632002,1307.8130566870157,1316.18241102339,1333.5800865800866
1718,606,Garland County,county,AR,AR,"Hot Springs, AR",05,051,,,,,,,,,,,,,,,,,,,,,,,,,,,,,,,,,,,,,,,,,,,,,,,,,,,,,,,,,,,,,,,,,,,,,,,,,,,,,,,,,,,,,1090.5420369216451,1073.7671349799657,1093.5373700124362,1111.1770703979864,1105.0576622938577,1112.6163502940278,1110.5009208657052,1127.640354705852,1125.9148525595178,1129.2611119573944,1111.7512559279046,1137.0394454989153,1182.6654945743142,1206.6091205394223,1198.7490593646373,1170.4285270924265,1179.328040238583,1179.5024705863789,1184.7747599422792,1185.043144365065,1199.572782377882,1213.6648435158284,1225.8891447794565,1223.989032284322,1232.5243468721033,1262.3125229973646,1286.1340141152423,1299.1354322082866,1266.125907236989,1253.308967361853,1258.5378629939987,1264.5692858328975,1285.5799871044921,1301.0018760162195,1312.9878896038233,1320.923252266556,1322.484826067172,1326.8013022941138,1309.611111111111
3184,607,Roanoke City,county,VA,VA,"Roanoke, VA",51,770,,,,,,,,,,,,,,,,,,795.5454576077,802.763310957498,805.670786102444,810.6911690736347,806.0039132333817,810.0541501156197,815.7723716432259,808.6933820594168,802.4387624869703,799.9044447677488,807.7320860042124,810.9316882727793,812.9008646585243,819.5255525765739,819.7589648061437,821.3590625386962,812.5480687059727,803.3854961453799,808.0269454284258,806.2781783728927,818.6614660559409,811.4502853719347,817.0962640253779,816.4637505174546,824.1965633527369,838.5854722305437,842.895303661109,861.7166755076914,862.3184595535123,863.1947741067496,840.7286240812603,835.4679137304194,841.2782871525554,858.024847585101,869.2592370181294,876.6077223334996,891.2662827436444,896.7119783648675,899.7913338000176,897.2748245006468,890.0526421763177,885.9892967480024,879.4233367198485,893.9465419058331,903.7630116000342,906.0246520941396,902.8590105936953,898.5256736624598,902.0727204224273,909.596375076355,921.7443398954673,940.1451287147125,943.5679689543973,938.7022550255344,938.1435128874898,930.8160042377225,942.8509128523765,947.384837496669,965.2555168957373,972.8262068523086,989.2142632191991,1008.7874856280117,1033.9668746997477,1051.7490949236696,1060.840505775348,1071.4889143978478,1074.2492531751718,1086.2663362228961,1093.3558325718577,1094.2913330886242,1102.3950221660384,1118.4054479617823,1159.7849159996342,1180.1047664260373,1191.3714922408783,1180.4634778546986,1200.7407412605983,1200.5968408343788,1192.9570356751956,1174.0096671468534,1182.574202490186,1198.6534362866028,1207.3027851341453,1213.441003798927,1237.4829275900613,1248.3028012070847,1264.3009240912786,1266.1001904921086,1271.6096361448588,1265.7700446313188,1235.8176191695668,1240.4776390349562,1242.798981062626,1275.6008489540675,1284.2567940301458,1299.3899713816288,1320.470585640816,1329.6231360448642,1339.191689180176,1325.680419893014,1307.467661398729,1295.2701720166624,1292.7798309783132,1306.3687113683895,1338.6625718526334,1353.9836257309942
2984,609,Montgomery County,county,VA,VA,"Blacksburg-Christiansburg, VA",51,121,,,,,,,,,,,,,,,,,,,,,,,,,,,,,,,,,,,,,,,,,,,,,,,,,1083.150786907503,1124.1880149132196,1154.325449048345,1230.334710528978,1245.0301689729156,1251.734447681257,1248.0180969080518,1253.2559679216738,1260.9532749970026,1275.215201576547,1267.4426973267284,1275.4422899690637,1282.2989622440011,1282.941779947149,1288.2832315059534,1293.0120114575132,1285.5418394236806,1284.0581925885583,1316.4104902008733,1347.8226678829285,1343.0977502087744,1330.5200105101223,1325.7288051286514,1341.023622396093,1347.786137264213,1371.437875405237,1381.939278631403,1383.5358592593448,1378.089961093422,1406.5932432570644,1425.095338078227,1444.02249682267,1418.286328000626,1410.4705378547835,1429.9471184372808,1466.2451011069527,1493.8902507157113,1507.1861494016614,1505.5651336501517,1518.3042308147815,1508.3808407978356,1502.2270512605303,1489.400921357827,1515.362642442172,1517.2804237485032,1538.8865187555334,1545.0063769934825,1583.5330714786787,1598.0714431300325,1602.9849490871643,1611.8338863500353,1615.7366426827432,1626.8393318228893,1646.8866059589989,1653.5105593343317,1642.242657588152,1629.265813632278,1675.6082338897065,1736.6016143834004,1733.5250490843105,1720.6261664836968,1704.2495256167786,1729.184920976622,1720.0442056008378,1710.3694692977688,1704.5038375661102,1709.597148975723,1712.4480215468793,1752.0708067578619,1777.0416307801468,1798.6346126433393,1799.8931376373396,1801.3068589867278,1819.991504122751,1813.6951754385964
1415,610,Sutter County,county,CA,CA,"Yuba City, CA",06,101,,,,,,,,,,,,,,,,,,,,,,,,,,,,,,,,,,,,,,,,,,,,,,,,,,,,,,,,,,,,,,,,,,,,,,,,,,,,,,,,,,,,,,,1717.509041798458,1742.2431040982108,1762.7656832626046,1759.7098648560889,1750.2066799694778,1730.489657763721,1743.532614926228,1751.348889111548,1800.2591539015518,1771.597526588196,1797.4245597405848,1770.3358936799186,1808.2697150431068,1783.9858778621895,1780.8263316432333,1774.951991798093,1790.9192202462768,1804.0306039623815,1818.55334168374,1848.1255898615627,1839.7995360682899,1870.3405687573495,1848.4051458835042,1889.8535797657737,1861.5007387948833,1841.5691243224946,1853.1577899279148,1888.000386163115,1931.8216298515626,1942.6117636720614,1944.2505348430734,1970.0352431870222,1939.1315732213943,1957.3765631681026,1957.5312383967128,2023.381185803526,2014.75
632,611,Maury County,county,TN,TN,"Nashville-Davidson--Murfreesboro--Franklin, TN",47,119,,,,,,,,,,,,,,,,,1079.858369560355,1123.0978996011963,1141.4505401125132,1149.8353564908464,1147.2023692837424,1123.7392594095415,1113.6306934335385,1111.497264339157,1128.0762153847415,1145.2972189658199,1158.5714715501053,,1167.5489404822974,1168.5529400175544,1171.301541585538,1183.3785901309914,1193.16246686531,1186.4324324155018,1170.4108739527185,1155.5761707265997,1159.6712972730375,1173.80563782798,1194.2086626268037,1201.0827772205578,1206.373461144852,1209.9546485815445,1224.1750915712732,1224.8245627063145,1223.5256901710272,1220.457299398835,1211.3311702110427,1208.481909944302,1209.6449857037928,1225.4469470204292,1231.2821925935027,1246.1124079030626,1246.901941339418,1260.110104065683,1262.625526745292,1259.7753330656783,1255.8275163270275,1240.3302974530209,1249.6697563585474,1252.4325862291385,1291.7698593729851,1305.7551637865085,1313.313762812512,1296.4886123744325,1284.2447654956757,1288.3223673311659,1287.2447893883134,1298.9540003872298,1291.5130149446998,1306.08245633957,1326.762107851005,1362.9195466760468,1368.488087877556,1366.9216072298254,1369.1713536650104,1395.3367994191785,1416.4785437331848,1452.733707655817,1470.3767173617032,1499.9505088579076,1491.4637102955485,1530.0707883657499,1542.7193230169996,1580.0330520862317,1574.0440315443689,1587.9856804610354,1599.5719389639473,1617.7403886168022,1641.595174689503,1662.5240677692964,1675.39244366249,1683.4101325779434,1683.3545177064877,1684.4709172583202,1675.616855471408,1661.6472700249196,1662.077853233672,1670.0906316926526,1695.0501237647127,1701.9505409663384,1722.2902090949954,1738.22996939544,1762.4796849116544,1767.1457767422814,1756.1534885891397,1743.360126193242,1719.0332670223088,1717.7316823849594,1716.3764473297997,1729.29375119161,1738.4673299937444,1752.9987556742778,1762.5673069031523,1770.246748144627,1765.7075132519694,1765.3153813519446,1762.7015289669023,1753.7330840697462,1738.6391180077158,1718.5022051580127,1683.0752495222291,1687.5580440762087,1703.7967579798951
2667,612,Cleveland County,county,NC,NC,"Shelby, NC",37,045,,,,,,,,,,,,,,,,,,,,,,,,,,,,,,,,,,,,,,,,,,,,,,,,,,,,,,,,,,,,,,,,,,,,,,,,,,,,,,,,,,,,,,,,,,,,,,,,,,1082.6291109909532,1095.8393589332854,1112.8083862184571,1114.0129187617,1101.4267841565709,1093.174333398709,1095.2438679325066,1105.3298936477918,1108.9610238856274,1102.4872267628377,1124.0835610647425,1132.2337276676783,1136.6382135515462,1132.5151664295418,1135.2837367934617,1150.9093052412454,1139.896803302243,1150.0739190558743,1154.6346197575258,1163.2601766628854,1144.4853511860629,1136.1944882198952,1136.3128110288294,1145.0813457526647,1155.966153811346,1160.3333333333333
185,613,Hunt County,county,TX,TX,"Dallas-Fort Worth-Arlington, TX",48,231,,,,,,,,,,,,,,,,,,,,,,,,,,,,,,,,,,,,,,,,,,,,,,,,,,,,,,,,,,,,,,,,,,,,,,,,,,,,,,,,,,,,,,,,1396.615977674514,1418.1716973250998,1443.094429974885,1467.1886400685999,1481.1466112587636,1482.4422517655155,1492.8956460505844,1470.5424553287346,1472.2694112461718,1466.4707629776433,1491.5454976824178,1530.3417816387991,1558.8112695322802,1552.66708471126,1506.8251065759844,1496.8663331628936,1508.5281820083492,1546.8347562367314,1568.9175764998242,1555.3658694053074,1542.5035899210434,1532.6800128009772,1556.4218503704853,1561.9904538139165,1552.56601430903,1551.4337055480978,1549.7949172282238,1569.4614611885581,1570.87996393378,1591.3258023426442,1581.6914935557586,1582.7671012056146,1554.217524858251,1591.213867958741,1605.0456003253,1636.1481481481485
1683,614,Dubuque County,county,IA,IA,"Dubuque, IA",19,061,,,,,,,,,,,,,,,,,,,,,,,,,,,,,,,,,,,,,,,,,,,,,,,,,,,,,,,,,,,,,,,,,,,,,,,,,,,,,,,,,,,,991.8447802032351,1000.8670093997024,1017.8067519802088,1034.2823518528332,1033.8512855244353,1030.600831562481,1048.4764728446457,1054.7805931047656,1066.8277708619203,1067.4909679900375,1071.7743886864012,1075.5771995217096,1064.286143367539,1080.0355257336796,1074.2862630119646,1097.0772706853354,1110.1877768621478,1139.527812701132,1125.4804576811068,1125.41723157366,1122.4633848861583,1154.4973952047676,1135.992402875473,1150.2749926039116,1142.327919391991,1179.9678869994998,1183.5292515410774,1196.2341563655339,1201.2453270488973,1203.8607812809448,1213.7461621503146,1197.739443834889,1203.633967602926,1197.1906353510278,1211.2903335355234,1201.7230480310666,1207.0313218091424,1195.2554454909914,1201.4779181346817,1214.3915343915344
649,615,Moore County,county,NC,NC,"Pinehurst-Southern Pines, NC",37,125,,,,,,,,1223.5040255234414,1223.7871009016856,1215.9535458696864,1232.8959187563619,1227.0259703995646,1229.0073629442495,1215.4631499483721,1226.162771046345,1225.7368002726175,1239.463153197468,1223.356119188104,1228.310933920113,1233.344367030788,1247.4976118515726,1242.8576649337444,1229.2384225764536,1237.6912179156714,1228.3366795365014,1233.8263062516398,1214.9355241714845,1225.8899870036757,1233.0478916842708,1246.0222598669761,1254.985108957151,1253.1335185948474,1253.6772257623231,1246.337326208881,1248.7596444000378,1261.9254813667828,1258.8778158420957,1260.6340974759864,1265.8120582449596,1285.34163730719,1288.314371254205,1283.2975201881054,1284.505510075149,1293.73119235838,1294.0505844571394,1283.881721664855,1293.8565591020508,1295.213946192519,1295.371574813567,1290.5706799665281,1306.3352085159015,1321.093757990236,1333.282568689509,1321.6510391586473,1325.8949212468299,1320.4071545336508,1332.6532479363204,1340.6455706663357,1355.32174675019,1353.4955544981249,1355.7861759332106,1349.3399892205155,1360.1964135177711,1357.2958462635763,1373.9046179844786,1387.551145750386,1414.541425940116,1417.6371913915518,1410.7560640837542,1413.9231804361618,1421.5368694616443,1434.753788148295,1449.7407411428048,1460.334836139205,1428.6749197447223,1447.4827830105328,1496.1747630024997,1583.3788859642164,1608.7177990003956,1616.1767321403968,1653.8481401085046,1671.2248409384429,1659.3382306800236,1662.5340567621104,1633.495647940966,1653.5326680993342,1672.0063229862862,1754.5556340684006,1807.1327967718742,1820.09906619919,1820.57257919554,1814.1689072969411,1814.0531359992465,1797.5189179343893,1803.5586633617022,1795.5775373954004,1806.5487788082687,1806.7378433229662,1833.3150059108418,1868.6053033688204,1885.6592121086287,1896.3085271638156,1875.3942012742577,1893.212448907537,1891.90289470644,1910.0731958800848,1903.8702757454028,1895.3485492950579,1903.546915616963,1898.48772975784,1920.1620623228164,1938.0658308200698,1970.2113588199848,1981.203099044399,1968.254782239288,1971.797623132999,1957.1594695141653,1974.3271608293392,1949.1483298195735,1959.6325437378541,1942.1708075926679,1944.2165900343584,1971.591491841492
1911,616,Madison County,county,TN,TN,"Jackson, TN",47,113,,,,,,,,,,,,,,,,,,,,,,,,,,,,,,,,,,,,,,,,,,,,,,,,,,,,,,,,,,,,,,,,,,,,,,,,,,,,,,,,,,,1043.3449187706653,1083.1351174818465,1106.6604749352828,1148.8806281987304,1135.483770990984,1122.7848410445197,1143.4432197529677,1170.4387912514032,1172.9468855083915,1177.286106646128,1184.2808700870353,1200.7185318508252,1192.508579220125,1204.8714470243353,1214.6312884721058,1235.2000978943847,1231.7837029085795,1244.9009916405319,1239.0424242112363,1260.3841219494468,1277.6291255086783,1292.4018561410635,1305.4873326088782,1295.0700220477847,1317.3307658263082,1312.5666814823596,1301.1649895474768,1299.5086128475982,1317.8932752182736,1355.0979078511725,1376.050797027973,1393.3114161892984,1418.1837393505896,1420.3200366569629,1418.1479340799576,1396.4531213418054,1411.360535351349,1413.9301021556319,1417.7340420586743,1428.8755632288542,1444.8869463869462
512,617,Floyd County,county,GA,GA,"Rome, GA",13,115,,,,,,,,,,,,,,,,,,,,,,,,,,,,,,,,,,,,,,,,,,,,,,,,,,,,,,,,,,,,,,,,,,,,,,,,,,,,,,,,,,,,,,,,,,1090.2751278637052,1104.6088659804163,1108.6474419691215,1078.555435702823,1089.4994594353136,1095.1903097094485,1110.6269809151017,1110.6793102766985,1101.3644298055926,1133.5556261036218,1151.6007527884842,1174.6002162805544,1157.3519328927111,1153.6024701938927,1169.5767865502112,1171.5802192891995,1167.2226124018384,1166.6602232502078,1179.4604911036436,1199.2183264377352,1200.6305434012768,1178.2726292821833,1182.2406180014864,1194.7275355482113,1207.065184228814,1213.4102236418971,1216.6732556261888,1218.9539280021004,1225.9406609259709,1231.448384434185,1236.8677015535084,1231.3220307720965,1220.947189569103,1221.2222222222224
735,618,Story County,county,IA,IA,"Ames, IA",19,169,,,,,,,,,,,,,,,,,,,,,,,,,,,,,,,,,,879.1329157836323,895.8571743391233,911.6187595402121,900.2895353890846,898.1212319932515,882.616969197298,880.3070506024029,874.6128945300898,880.3240056454683,876.0734242287765,868.6076344741113,860.379187558881,861.2120214943835,872.0405422142825,874.7282860931646,886.7508343258671,888.1705981222267,892.5417663680107,891.3582912245181,892.0216998315447,897.1191645723165,899.5467695341555,892.5973457447134,878.4906675001937,874.704845210865,889.6638100667005,898.5711758362104,902.4548584067431,900.7961343620642,907.5103632313667,905.0378999157458,896.7120350263453,893.3392816925145,891.7555288665933,890.4754991213939,897.2302239629662,908.8349357581238,923.4965747696725,940.6263023773596,950.2538536628555,948.6525197140237,930.1030413108028,921.1736429659642,923.5604617922191,926.5855808616263,936.2281231953119,938.6591396268899,930.8444259344828,934.6675633509296,939.9308931280724,959.9526586308237,963.6784754405219,970.5975260045593,975.504461232685,985.5254741546163,992.4526953023554,987.556282923739,980.0311664988913,979.7531315796042,981.3225116924646,986.399890549633,997.1884635999409,1014.9757429273529,1021.9192425266456,1023.6878151732291,1024.6853211576831,1019.8008026586507,1010.6686536279663,1003.1778103409158,1009.3623883244538,1001.1582185118099,1013.7784080909346,1021.4165463019621,1051.0104748618382,1071.8823873021454,1074.812595830407,1070.8167701435673,1059.125638969303,1062.408045065732,1064.7592371527894,1061.5856931703686,1071.4560476780016,1080.6706111690905,1088.308864173245,1094.2928388446069,1099.4735193812355,1104.0056194898016,1105.3951697128682,1101.7869879820464,1112.4907407407406
1376,619,Sevier County,county,TN,TN,"Sevierville, TN",47,155,,,,,,,,,,,,,,,,,,,,,,,,,,,,,,,,,,,,,,,,,,,,,,,,,,,,,,,,,,,,,,,,,,,,,,,,,,,,,,,,,,,,,,,,,,,,,,,,,,,,,,,1616.1877628232971,1648.1005122446884,1684.3505395610996,1691.0643811235643,1720.2852048003865,1712.8092236553018,1746.1864138895696,1712.4158088269253,1707.8626482806667,1689.8243558446204,1755.9254830018826,1789.3792982137722,1772.164183265058,1769.577721067524,1753.3189755405351,1798.3307073052872,1800.4120821827512,1804.7112511497571,1790.995039443156,1775.799171617055,1746.5119047619046
1343,620,Putnam County,county,NY,NY,"New York-Newark-Jersey City, NY-NJ-PA",36,079,,,,,,,,,,,,,,,,,,,,,,,,,,,,,,,,,,,,,,,,,,,,,,,,,,,,,,,,,,,,,,,,,,,,,,,,,,,,,,,,,,,,,,,,,,,,,,,,,2309.603261966595,2315.3850978164037,2347.6268514198473,2392.93351727253,2354.5002328196297,2393.746921436487,2461.6126932283414,2578.9003663323924,2498.5197536830924,2385.5597023819178,2327.256262549387,2351.381211957534,2412.09034442523,2417.708887759385,2472.4172399985664,2486.28791829346,2486.0895584574137,2539.758410276084,2607.0727543074017,2661.981937938784,2661.9835668567953,2623.789013748898,2620.831139598605,2574.822640027827,2651.6911145551176,2711.368110761266,2739.194444444445
2157,621,Burleigh County,county,ND,ND,"Bismarck, ND",38,015,,,,,,,,,,,,,,,,,,,,,,,,,,,,,,,,,,,,,,,,,,,,,,,,,,,,,,,,,,,,,,,,,,,,,,,,,,,,,,,,,,,,,,,,,,,,,1160.9897252525907,1177.5174668618508,1188.1629119295171,1204.1857174135046,1193.337224262287,1199.3257152587394,1200.8294355491757,1204.4627855485094,1211.461689937762,1226.8473171623293,1254.2297992786025,1269.0077832799786,1270.3343806965809,1270.982663193577,1271.908193997281,1261.091023411086,1254.366913454592,1255.0400720203231,1260.5357564835222,1273.2927232188572,1294.008085377581,1322.8526364651727,1328.7715972445983,1343.9639783723098,1350.8438072181145,1355.461472567624,1350.8800103636004,1333.3268205009258,1330.6690048704302,1317.2569548326412,1326.4198717948718
542,622,Grant County,county,WA,WA,"Moses Lake, WA",53,025,,,,,,,,,,,,,,875.229734712067,878.9352193715398,883.8760632065604,897.6369603924364,902.6047973354673,911.6311655754236,919.6862372599885,922.9668572410777,921.2663814107855,923.1347959562278,924.6671576349145,933.4193902241732,933.8019236631712,945.8936356736685,958.9369809291081,972.8811838381407,987.598987762536,987.1856704784432,990.125574401277,987.857240751932,988.1063544474373,983.5201840914795,981.8225758414941,980.7475536443169,984.3021134984072,986.6015496454694,1001.4097777991501,1007.5059484101708,1024.5984552541713,1033.5017787441548,1041.4211596818532,1040.7396738989435,1036.4959854166812,1040.9023877392822,1044.3679585871191,1039.4301874364542,1047.3358105805073,1046.0086152445795,1058.3374979584808,1055.2022714968764,1056.550197083846,1049.7305175764595,1055.6201379590495,1066.9687262240836,1091.2883649981902,1098.2675603715961,1119.581596436617,1129.4200066028536,1149.1403713890209,1155.5184559457728,1167.588512247977,1161.603073690881,1153.5857025749112,1141.8424501394757,1143.1018518599592,1134.4317859425425,1132.4811962979836,1125.8437167464738,1135.4838391103751,1147.064411202913,1162.8586883307935,1168.5448510978501,1191.8675414967224,1215.1535192039876,1245.436375408911,1280.7003768627378,1296.2597125077195,1321.5535918481664,1325.8504978776664,1329.6030302302981,1330.703231584511,1314.4123563012893,1325.010100469539,1342.952176336645,1360.9813372243532,1394.6779670456049,1402.2662653067541,1417.2023155417944,1421.8550322111776,1436.2576988157275,1441.7022573168701,1447.0225779097723,1433.0368580223776,1453.8827206836538,1463.7563787534443,1490.5523902804214,1503.9023861667606,1524.630568620995,1531.0258788763842,1536.473197467875,1534.0579996952642,1538.453447010126,1539.4193033138524,1533.7710637077978,1538.750948378896,1550.9690520240806,1561.3653414842627,1570.5923296806193,1576.9548781037008,1605.0352978110488,1635.0533447158566,1637.2056686772269,1607.7326674116755,1584.9863164871367,1571.7404863195727,1572.4527945177056,1566.021338770972,1568.6863061394552,1576.5489639023954,1588.0444444444445
2624,623,Ashtabula County,county,OH,OH,"Ashtabula, OH",39,007,,,,,,,,,,,,,,,,,,,,,,,,,,,,,,,,,,,,,,,,,,,,,,,,,,,,,,,,,,,,,,,,,,,,,,,,,,,,,,,,,,,,,,,,,,,,,,,,,,,,,,,,,,,,,,,,,,,,,,,,,,912.8862892819262,1016.25
2774,624,Lafourche Parish,county,LA,LA,"Houma-Thibodaux, LA",22,057,,,,,,,,,,,,,,,,,,,,,,,,,,,,,,,,,,,,,,,,,,,,,,,,,,,,,,,,,,,,,,,,,,,,,,,,,,,,,,,,,,,,,,,,,,,,,,,,,,,,,,,,,,,,,1341.5827141019734,1399.2409316617882,1372.5684841298116,1391.9566741619258,1366.7660269535227,1344.659388058112,1318.3356732576576,1363.6829251636223,1400.529692763977,1378.8337279132643,1350.170122566464,1390.5316092475787,1411.1419854916894,1430.2587497708146,1399.9809523809524
3260,625,Portsmouth City,county,VA,VA,"Virginia Beach-Norfolk-Newport News, VA-NC",51,740,915.9354880310821,911.7463426598487,910.5537663345391,910.1532818147199,909.4214801543152,917.0683076382568,921.5813558462779,926.7856733878224,924.9272943365758,920.2212064830222,911.0842743986251,902.8895725286588,905.0125825547543,910.717247536771,918.8426909637359,927.9344727483451,936.2651730198564,936.2182135192362,930.40658172655,928.6033091856061,928.561661975869,927.6340260557766,925.7198982163126,927.290201899127,937.3045477249841,944.1490194338866,949.1273225591964,948.006844748207,951.2329575240893,956.8392114246764,957.2144107733195,954.9973923749741,951.7121950362755,951.8213753686892,957.9139587580171,961.1536360474993,958.4096756964179,956.9503960959871,960.6410733859462,968.8033136066146,971.7777781617407,971.0817864138236,974.5742170914718,977.5860706853703,980.3128240866263,984.532931610406,987.0619423796605,989.5985492592758,986.2646215853258,985.0899467412886,985.8240001391607,990.9240140153825,993.7788053822595,1003.4531154880543,1004.1182490953832,1008.8495212889974,1015.1070399459159,1022.4970812076061,1025.9509195291153,1033.254172790921,1030.2224595210128,1034.0608983975171,1026.762897564924,1036.5399280467348,1034.5866734638491,1043.2148905241747,1052.017004114914,1073.9017487044107,1077.526042430353,1093.4772671768933,1091.4021332807565,1093.2214812754655,1097.2036875876247,1114.772793212346,1127.89156751011,1126.5795506295435,1129.9012427733078,1134.0274370103805,1151.7771518823654,1164.2851672638092,1183.780960275535,1201.1302329881578,1209.2524848916894,1216.0447544977344,1204.9568576419665,1219.0534153565898,1233.2372279628296,1260.3550167483106,1272.4883120096654,1291.3075840576398,1294.0349714924146,1290.8825537414928,1289.982803607732,1308.1492056206152,1317.8679693934764,1337.4871608174585,1349.4203689411906,1377.1063820041823,1376.9246629525303,1367.2872967179462,1357.4691640196688,1361.4699555107193,1375.5780989955404,1393.521107768638,1402.5346661219144,1410.6330405293766,1389.6237678710513,1390.285367018704,1390.3306702424827,1420.0207379848769,1436.415904926115,1443.323080880401,1437.6750305941857,1445.2637169812865,1451.407632915479,1456.5254303005572,1450.984971394891,1447.2530191363562,1465.2088670121423,1478.769249535732,1489.6283850786322,1502.477291818055,1505.4780701754387
2405,626,Marshall County,county,AL,AL,"Albertville, AL",01,095,,,,,,,,,,,,,,,,,,,,,,,,,,,,,,,,,,,,,,,,,,,,,,,,,,,,,,,,,,,,,,,,,,,,,,,,,,,,,,,,,,,,,,,,,,,,,,,,,,,,,,,,,,,,,,,,,,,,,,,,,1628.356170212386,1637.7328198567427,1688.3333333333333
3290,627,Fairbanks North Star Borough,county,AK,AK,"Fairbanks, AK",02,090,,,,,,,,,,,,,,,,,,,,,,,,,,,,,,,,,,,,,,,,,,,,,,,,,,,,,,,,,,,,,,,,,,,,,,,,,,,,,1430.4925040977678,1508.092144588781,1509.8057394974828,,1523.9171813749244,1533.8850392623324,1541.862674302436,1541.0083865184058,1542.182349545723,1556.1426564537653,1542.8096353937592,1581.531893728299,1604.6272229878946,1631.840897569109,1638.3790295863707,1639.6546602110952,1657.4586839494493,1642.8545254754667,1630.918876474278,1624.39777746324,1637.9067564562122,1713.9002811934554,1731.4412059111617,1749.9248961176972,1699.9863370019402,1686.2794434579682,1693.4245446070852,1700.754989041656,1716.2523273918498,1716.7074748844784,1698.2211042527076,1694.7718658673286,1707.6554085888692,1709.6943363370333,1748.1323914003394,1725.8969999697827,1758.9814294626203,1753.373218399439,1774.5627540792684,1787.317764111326,1785.2308274535542,1793.8263001705336,1778.635957432622,1776.9040906757675,1788.3159576284756,1812.1167378268717,1828.2467532467533
976,628,Dallas County,county,IA,IA,"Des Moines-West Des Moines, IA",19,049,,,,,,,,,,,,,,,,,1278.9220115792834,1277.4027002493092,1289.9338693991754,1293.1770294995702,1293.4733878312238,1288.2361568515128,1276.3390564624508,1290.1640652017677,1286.715541741781,1298.5962194853223,1291.3013797310791,1305.3470739819238,1304.7120478561753,1307.4481313068627,1309.8156777038353,1307.4108573747606,1310.1647101350825,1305.027921504463,1310.1578444817696,1302.2611199535318,1288.4036559580902,1281.8565602560814,1292.633057887059,1307.2517058397689,1320.0960026979458,1320.5084584923202,1330.2773270451264,1333.3662525249665,1338.4676065263593,1325.6934639836938,1319.7650348003335,1311.7737041957073,1318.8343743300745,1296.7908530762663,1296.504242261124,1301.8047387231898,1338.662991008152,1348.3924545436291,1369.2533141867946,1366.3829515316877,1371.7628835351632,1352.9434966544557,1358.4772396957917,1357.3230345724812,1363.3492633122414,1358.156570198226,1358.5860200634233,1354.5077669604427,1360.4476278704262,1369.5601133489067,1371.9550413346044,1367.9186803031355,1359.911186343203,1371.7749056573355,1375.8722757497264,1375.7370434510924,1374.9735282842448,1368.3013742546657,1382.585538592846,1390.6393264929975,1412.2817436101782,1417.630272434254,1424.3220240892103,1430.5511712785863,1442.828652951093,1449.8480523992528,1441.5185281643096,1435.3128711055153,1437.7843059802085,1451.674017910314,1470.8953540916275,1489.1299434435657,1518.4138085808124,1538.499090206356,1551.9776409329772,1552.9079214817352,1551.633560048596,1543.012323320379,1535.9706843581296,1533.2698530237953,1546.0204644144196,1557.5862990431856,1569.1091257179378,1567.3411001789818,1580.9620704201977,1595.1650042913784,1615.6012939178831,1630.9136917966157,1629.6998671903918,1616.7933923575729,1608.9030530101886,1608.7506349178789,1613.7748579658596,1615.7433406558598,1632.6210853144023,1646.4191959153259,1657.0783364536271,1653.7878824304605,1663.0322205806403,1664.7739757744264,1660.8497393618707,1644.20045851106,1625.0115626446313,1624.1401427596452,1633.6528333366218,1647.3073640083085,1651.4048932522985
1998,629,Roanoke County,county,VA,VA,"Roanoke, VA",51,161,,,,,,,,,,,,,,,,,,,,,,,,,,,,,,,,,,,,,,,,,,,,,,,,,,,,,,,,,,,,,,,,,,,,,,,,,,,,,,,,,,,,1239.3969047050518,1253.0974619080341,,1315.3833926064426,1333.1443727022552,1329.1524775261278,1371.2603517576692,1398.0671412631264,1423.5162910720271,1401.5141420240695,1390.9537730041436,1382.0460441897944,1382.9361041242764,1385.6910149301966,1410.3047222550854,1425.5848973973516,1456.8044484496208,1438.353555822745,1468.914581397314,1474.433574419569,1492.4053229726242,1485.6059147378267,1490.3905485578462,1493.5844470647273,1482.6176646179042,1467.4419175205906,1459.4070012177335,1459.3488888182364,1475.5069885987714,1487.2027270199903,1510.686071913796,1535.5925865343013,1551.2997491085948,1552.5302674359375,1546.7279363975274,1558.5308436300415,1571.9816051640225,1576.4250065624542,1590.3189351230033,1603.9470899470898
2846,630,Sherburne County,county,MN,MN,"Minneapolis-St. Paul-Bloomington, MN-WI",27,141,,,,,,,,,,,,,,,,,,,,,,,,,,,,,,,,,,,,,,,,,,,,,,,,,,,,,,,,,,,,,,,,,,,,,,,,,,,,,,,,,,,,,,,,,,,,,,,,,1371.06123048411,1383.3523667623585,1461.666081982851,1483.5602368800137,1513.571366167322,1519.9021285132321,1526.752134719561,1544.4745894287048,1514.6522747856927,1504.835163946934,1453.85634656237,1454.8343937233947,1463.1130497290696,1484.4749172102818,1487.8110942991216,1502.1974903424418,1542.5376536077551,1563.3220871148937,1596.9411369963498,1591.9437886109163,1584.9273891468517,1523.1279963714785,1493.447513286243,1524.2135547661285,1531.076233293634,1569.5241516403237,1562.8333333333333
2174,631,Cape May County,county,NJ,NJ,"Ocean City, NJ",34,009,,,,,,,,,,,,,,,,,,,,,,,,,,,,,,,,,,,,,,,,,,,,,,,,,,,,,,,,,,,,,,,,,,,,,,,,,,,,,,,,,,,,,,,,,,,,,,,,,,,,,,,,,,,,,,,,,,,,,,,,,2404.173365350887,2411.7463142987626,2475.595238095238
1469,632,Walton County,county,GA,GA,"Atlanta-Sandy Springs-Alpharetta, GA",13,297,,,,,,,,,,,,,,,,,,,,,,,,,,,,,,,,,,,,,,,,,,,,,,,,,,,,,,,,,,,,,,,,,,,,,,,,,,,,,,,,,,,,1648.1545320555672,1657.379150624454,1670.3844575899648,1687.806597385544,1706.7092152374187,1713.8065075361997,1747.104357231273,1774.1303749287385,1799.3721591858211,1805.2289259483755,1811.4083785436928,1839.487308301875,1884.653522729365,1864.1624125150854,1868.4010735714555,1857.1001933169628,1901.0291491448213,1934.5412464379804,1918.3309583158534,1896.821671432321,1889.5181607629077,1908.3930488272263,1910.4646418786747,1927.7777347137153,1932.7683593487598,1938.1005177187524,1894.7453353683206,1893.855532076781,1942.2828173144796,1994.0229532714616,2034.085729563667,2019.701182296076,1999.3727749141344,2123.8682744232556,2169.0839492741675,2210.6828578176514,2103.739841731762,2068.1026664817164,2086.5404640458332,2094.234247234247
2294,634,Franklin County,county,WA,WA,"Kennewick-Richland, WA",53,021,,,,,,,,,,,,,,,,,,,,,,,,,,,,,,,,,,,,,,,,,,,,,,,,,,,1225.4212872965936,1236.6523721082735,1224.8858707433424,1252.6495756836364,1261.0956690750145,1260.1724198220008,1265.5219052880946,1266.3337308672512,1283.6692532866628,1281.9721193310372,1284.335270180601,1297.5566999845537,1291.6237177838889,1310.7291050613687,1290.246780584508,1302.70298008868,1304.3478462334742,1330.6249280158993,1340.4601568667717,1353.048747618448,1364.3229735733605,1381.268737696903,1391.3632646420253,1383.8350473403452,1377.6069703743572,1392.5318177611296,1429.0810272009458,1470.776784720956,1481.2790426062168,1480.2947583019038,1471.723938897884,1480.9592230147512,1503.012021309917,1533.1036653612834,1560.361501124449,1567.0356567037986,1567.519944501022,1580.6494118218757,1608.8959282062792,1640.8343577691933,1650.999668620896,1648.6423612205022,1660.1051335387583,1665.4298892827778,1666.2903735381353,1649.1492225146928,1666.8446287585502,1714.2830411192217,1741.0349509326152,1732.136752902753,1727.5037190182709,1746.2382154368122,1763.1742575769902,1758.7163857867715,1738.895869656876,1752.4452748476356,1764.2746100699753,1787.4605927183547,1789.4384937279394,1801.9724684938396,1803.5271249583252,1793.2802114335723,1787.7111779279187,1799.2100465956069,1806.2485023900097,1817.9840555012086,1817.2627477337483,1827.348582480794,1824.6647340575607,1823.3198692486512,1833.1810960584094,1846.4343797287358,1857.142857142857
1533,635,Bastrop County,county,TX,TX,"Austin-Round Rock-Georgetown, TX",48,021,,,,,,,,,,,,,,,,,,,,,,,,,,,,,,,,,,,,,,,,,,,,,,,,,,,,,,,,,,,,,,,,,,,,,,,,,,,,,,,,,,,,,1615.972812827142,1591.3668176925357,1629.2085634198834,1677.4526623946645,1718.4579485501388,1706.2510701056765,1730.3947555790426,1748.396614295405,1768.050283838288,1731.6098723663918,1720.9363679492476,1708.4103301944301,1747.7404593832468,,1786.59257642669,1786.8267545737704,1789.369546427559,1796.347138647968,1764.9791100486943,1873.9039706666324,1874.28776772878,1945.4609690386885,1877.4063593849799,1902.7346505761482,1852.3627711364677,1812.8322517849626,1801.3161932948155,1813.7430938305672,1831.1302813767672,1837.5885481340924,1822.6489763756535,1815.2259168069133,1820.4199655568752,1843.420661426966,1863.5601843217396,1861.346873440199,1878.4738196599576,1871.9197670342164,1880.1307692307691
870,636,Benton County,county,OR,OR,"Corvallis, OR",41,003,,,,,,,,,,,,,1259.0066624882734,1298.967855049619,1316.2323921841507,1305.4235293124796,1301.2226495885682,1308.7043152987626,1329.8051182290333,1334.2972232570198,1330.2774147549164,1320.0698210493836,1334.085398008314,1333.7744870173176,1338.179238721571,1333.612210542032,1347.8917106307124,1366.3683284976037,1373.1160071727263,1375.5489129921598,1385.0541398594492,1388.5134497023384,1402.030526215037,1398.9220843840424,1396.6684438744253,1376.9967643300038,1377.3779896443095,1380.7342428915058,1409.7325128125851,1420.5319153136948,1437.948273366614,1447.3584705175142,1462.4717076625798,1464.4375967198844,1458.566290191775,1451.6964739003852,1441.8759551116436,1447.8608259422695,1443.056374106672,1451.1252367420498,1457.9224063031372,1484.6694539556195,1500.232768009638,1508.861169022485,1515.7732098489357,1527.4956001152214,1516.0274062413105,1484.170081273283,1468.3018302856728,1470.3829817091475,1493.1658965864187,1508.682255812776,1525.8708802986957,1527.2747073328317,1523.461262324874,1527.3625567542688,1532.1972299354275,1539.2199298597686,1532.831558284512,1504.6369106978577,1500.2356003137688,1481.8853841484354,1513.455984781056,1514.9450252016743,1554.43257554258,1569.1829088442655,1597.8524287738583,1602.040180194959,1625.7395036437194,1649.2551945784676,1673.310584708534,1700.290202096163,1708.864773069663,1715.2279604429534,1699.47871712838,1720.8515575598444,1729.2099784868158,1743.7715254134278,1757.3964387696162,1804.6103174773302,1850.0422092096271,1888.026298674046,1914.513080359044,1951.4936863893784,1932.8416388376786,1923.7909178085988,1914.5903443024288,1929.83752971332,1930.8917642684082,1928.5960751850898,1933.1206275987759,1964.7123944516118,1996.8147627029252,2039.9157882853485,2050.7464976623787,2043.3897053460532,2040.0766545020672,2025.3358582003211,2039.3777771893701,2039.7142176183158,2063.2400067094472,2077.302023573684,2102.4096744021676,2120.3899492914793,2119.3441180210843,2128.956001642806,2142.2013308937926,2145.7677582523984,2115.8575176389754,2102.3743615475646,2111.6119957846267,2111.8222836111877,2116.978263305322
2777,637,Lancaster County,county,SC,SC,"Charlotte-Concord-Gastonia, NC-SC",45,057,,,,,,,,,,,,,,,,,,,,,,,,,,,,,,,,,,,,,,,,,,,,,,,,,,,,,,,,,,,,,,,,,,,,,,,1322.437708176758,1319.9856766587254,1309.7777251243035,1318.5257988127835,1328.8275798192574,1355.145289132402,1363.016648944389,1380.9082088672233,1403.6027536840318,1438.9563330977455,1495.657534073251,1533.7270356900806,1513.7946870586798,1455.7654281464918,1457.6960289554838,1512.2609623666506,1584.5233221860933,1652.6110981279835,1677.1253939809717,1705.0047100486745,1674.1558282191017,1663.630309509973,,1635.4232653733318,1627.5483386945311,1616.7169912053294,1633.4115646037915,1657.8900163294,1685.9894155909271,1689.236849046046,1683.7867389367502,1674.5653163106144,1664.4112410419145,1634.5010372763447,1598.8775821823865,1597.4748452752908,1633.273856054203,1642.1551625849243,1638.8571493009806,1641.8480475328888,1684.4981361698392,1749.6601619979058,1745.632489014957,1740.700504125035,1677.902630260073,1687.1382758243196,1712.5224423073744,1718.2360819237592,1705.221272432598,1715.9991304606283,1749.2508400408958,1754.4297744567004,1750.2171717171716
1358,638,Rogers County,county,OK,OK,"Tulsa, OK",40,131,,,,,,,,,,,,,,,,,,1062.8484363955188,1075.483321687571,1070.5904542590251,1059.0014265045,1040.4378727790674,1043.7300028108718,1052.2557980680294,1052.93489103255,1055.379884611681,1046.898591179365,1048.7630135023594,1045.7977176370616,1054.9332190773014,1060.6817072129868,1061.185299663666,1059.1783631983883,1055.0894484524617,1056.1504738088558,1053.6531967081185,1049.5627340490753,1050.1081972716036,1052.9732349624117,1066.1218175302008,1073.0819133572802,1080.0541363278571,1075.1555962255036,1078.0178128313476,1080.5597279023448,1089.3772880825675,1087.5314232286732,1094.6940443719361,1089.4596805683213,1092.355426498503,1078.172379664421,1086.8803785482544,1090.6975189373309,1103.4455622599546,1107.9517430583123,1114.7234186483015,1117.2842514256295,1113.4864959903393,1125.5839353466624,1129.5598619407747,1122.0223736364835,1118.3198933478352,1127.17522660512,1139.011977463042,1141.827139044827,1148.5824675491906,1158.301377858165,1151.340669588935,1144.9310012048966,1156.2443805049686,1175.2080637385204,1187.8715656929048,1181.9650725924887,1169.893843597532,1189.4229249102968,1214.1917016854875,1265.6058417011868,1263.8706480203311,1284.0022043587492,1289.9860657537893,1289.4303052750895,1298.1904164730845,1298.2010352375298,1319.0066697143584,1334.6859479875443,1332.3580366550777,1367.7582182565995,1370.2902706355858,1398.6881737066594,1391.2244312659434,1409.107536693334,1417.7806783639762,1414.953059319695,1405.8727384442714,1398.426714745937,1408.5883419146817,1417.133411772972,1429.5981591984496,1441.9041366995004,1440.424322688684,1443.594796979779,1444.0624482903502,1463.123490238565,1469.1996629260573,1477.6414651981934,1478.7534234560385,1486.0160005433047,1486.2897412595323,1483.68943233371,1491.7749084205716,1491.3042652268625,1497.1366072456854,1500.0016994932503,1520.2207996507375,1523.8475412100904,1532.8788524060667,1535.926063541789,1574.7416450937678,1576.086539983535,1575.7760248196128,1551.6505479053687,1556.457750713401,1578.015873015873
256,639,Nash County,county,NC,NC,"Rocky Mount, NC",37,127,,,,,,,,,,,,,,,,,,,,,,,,,,,,,,,,,,,,,,,,,,,,,,,,,,,,,,,,,,,,,,,,,,,,,,,,,,,,,,,,,,,,,,1068.4141238934403,1068.4181995849194,1100.362293779104,1089.2690754900766,1116.4705971834674,1124.488372413369,1155.5391755473872,1155.7480330564779,,1204.2240574877076,1219.5177337272398,1200.8134246459304,1224.6165723562606,1232.2166249554848,1242.919040760124,1233.9968368531092,1242.491509056128,1246.364637867371,1260.520554253852,1260.9760163564445,1256.4704820371396,1220.6674921363956,1193.8281725572333,1217.7055655690492,1288.2221907033854,1336.6534226969509,1340.1672525836836,1331.9448986343396,1338.9326717988565,1359.6190020528084,1356.12832821811,1362.8072954580016,1362.9168172675434,1318.1041652618335,1333.39050632619,1330.1270427392847,1402.3044764943627,1393.125
906,640,Cabell County,county,WV,WV,"Huntington-Ashland, WV-KY-OH",54,011,,,,,,,,,,,,,,,,,,,,,,,,,780.1992834108813,788.5269466748365,793.1788478431306,786.8636348763863,787.3338120946031,781.3482282098619,788.8010366573927,789.9755094261042,777.2938952609978,778.5151832128695,786.8688359507637,804.9825433344032,813.8769511686721,813.1102814855283,808.6040859484696,809.2126009299308,798.46595287903,800.930480968558,794.402497615369,805.814688728379,807.4216340587344,797.0356929260331,806.7729117002435,822.9216870818444,843.5517293734227,832.9875166913964,828.7602056442215,818.860670398576,828.8166567954888,826.2863557273813,835.1286980764962,831.4115463433845,831.3851448772721,825.5245373473566,830.4996855530118,827.8761385460958,845.0636450840551,848.2955280786551,854.7269649689116,855.3920430099754,859.9964439826542,859.7289761253218,856.2797775553864,849.2944690293002,860.6818320134249,863.4550609916841,881.5849704983252,878.8503732242117,886.4991710183133,884.729536324445,889.5531519568865,886.7790366929302,888.7522668547837,898.6972735875519,894.0191936523372,903.3927289022467,900.4900377582799,912.1447262237926,923.4379626752393,924.7585750934944,938.8224793264942,927.7017593751299,944.8474799296708,946.6186932448485,961.8547001422843,961.4692139011692,971.9260244437384,970.2422724961847,964.8353890539331,969.5491329326894,973.7751544208602,983.2642246000139,980.1970427634557,979.4182967425703,987.282535620674,991.0666195431448,1003.3231573133529,1015.2114830703637,1019.8218667289306,1020.8802303233971,1006.6181353647104,1009.1336840502524,1001.5578306729025,1018.3541636740197,1021.8241157468759,1032.3857002066181,1037.0378582667993,1039.47713924089,1046.2796890136467,1058.9622767630358,1065.134663236556,1066.8711910239008,1057.2299217337013,1048.324313304918,1070.2124562845308,1081.061466525338,1097.3764490749907,1082.2621074704045,1089.2857142857144
3240,641,Grand Traverse County,county,MI,MI,"Traverse City, MI",26,055,,,,,,,,,,,,,,,,,,,,,,,,,,,,,,,,,,,,,,,,,,,,,,,,,,,,,,,,,,,,,,,,,,,,,,,,,,,,,,,,,,,,,,,,1814.8971182564287,1820.602564898519,1862.6183614415086,1869.0696971422535,1821.845524956603,1816.0435210448975,1779.4763016400655,1766.669410385898,1766.4289497377442,1754.9038265661693,1813.4250860528875,1847.87239108125,1964.719487216586,2015.3639249744022,2066.4051231869835,2063.2677521635887,2041.9287270629043,1972.8638620318873,1966.759884761343,1919.8667813784039,1911.9891427679695,1895.3425934147933,1993.0315981557574,2103.572324973893,2157.889958579278,2166.3363546956593,2142.317661913511,2140.9644309241025,2128.615060591525,2098.9866014366303,2080.25912209299,2010.1647038025856,1963.789414069194,1939.4490356306308,1971.1585417451417,2097.361111111111
2039,642,Steuben County,county,NY,NY,"Corning, NY",36,101,,,,,,,,,,,,,,,,,,,,,,,,,,,,,,,,,,,,,,,,,,,,,,,,,,,,,,,,,,,,,,,,,,,,,,,,,,,,,,,,,,,,,,,,,,,,,,,,,,,,,,,,,,,,,1440.2357461109466,1400.9218949695944,1370.6215431598746,1386.7216681537118,1407.3020255134627,1422.6828931865298,1410.4953857678047,1417.6665426182108,1416.4214912503605,1427.8359859320212,1436.92073830394,1437.880638001715,1449.4917440371933,1468.0040777474198,1470.6000000000001
2952,643,Lauderdale County,county,AL,AL,"Florence-Muscle Shoals, AL",01,077,,,,,,,,,,,,,,,,,,,,,,,,,,,,,,,,,,,,,,,,,,,,,,,,,,,,,,,,,,,,,,,,,,,,,,,,,,,,,,,,,,,,,,,,,,,,,,,,,,,1108.378740267548,1119.7264560540798,1146.1316737866878,1180.8044261702444,1192.685073919138,1187.1150429368126,1162.768173476576,1168.1077017690518,1140.9976313354698,1171.3363854211339,1184.3725125042859,1198.2697247610013,1200.1077086787168,1197.4155159200716,1237.8190605424782,1233.7313199766807,1238.9260213640591,1237.3386768629384,1250.2604488452805,1265.4241572987942,1304.615279102653,1310.5768904011757,1302.643834976818,1264.9354862047044,1283.361111111111
3216,644,Pottawattamie County,county,IA,IA,"Omaha-Council Bluffs, NE-IA",19,155,,,,,,,,,,,,,,,,,,,,,,,,,,,,,,,,,,,,,,,,,,,,,,,,,,,,,,,,,,,,,,,,,,,,,,,,,,,,,,,,,,,,,1004.6403901439071,1000.7869924251133,992.3550414551489,1015.9813561081814,1028.5019465154785,1048.2291172134933,1052.8095532141988,1053.265969568138,1070.600469829806,1081.9264268665258,1093.31578914707,1096.0388124042322,1103.1601693764865,1099.0254071157146,1100.6725808677666,1103.741070334811,1115.2665987173818,1123.1408440054556,1127.0597960974383,1147.6404514512005,1156.0986158483101,1170.5440199624356,1163.215199300946,1191.6588561922317,1191.9528606464685,1190.785230648242,1166.7888275391472,1171.6276100377788,1192.3919216132128,1201.4307357908315,1213.1131386142704,1216.5186304397164,1234.1895094280417,1234.9844672222166,1249.77628516668,1251.6700230797903,1278.08296105505,1280.9827856853674,1290.6881313131314
3194,645,Suffolk City,county,VA,VA,"Virginia Beach-Norfolk-Newport News, VA-NC",51,800,1086.3014878833026,1087.0600808621566,1097.0530334361877,1097.7389334225556,1104.597391536412,1097.4041987545731,1098.7291910679503,1105.5282617516532,1106.8699297702408,1099.840226356942,1091.6995509167912,1094.5039851583115,1101.59987820752,1112.7500847350589,1116.3460044619449,1110.1744113715836,1106.853410870972,1110.2773005852089,1122.5859117177326,1122.7161729783138,1126.8430562601086,1124.6915176671876,1121.2902197972007,1112.4798804204356,1115.6269382061041,1125.8598604243439,1130.3887663758298,1137.9723598593976,1134.0585843095323,1138.7682742560169,1143.806264416444,1148.4919389541653,1157.4981372708642,1159.459188288577,1157.346411287056,1148.782336600377,1142.5598869035239,1152.305390740045,1156.1996935267703,1162.1385536765,1159.5390961389871,1163.557652116739,1164.8977788523425,1165.912309836806,1171.4649533793795,1172.832959954889,1176.2268720932361,1182.9983607301717,1189.617039547621,1196.411140240952,1197.9423505242416,1202.8707842214567,1198.3451761733859,1202.4713028101794,1201.3203096469142,1204.6452645932059,1213.1897110916786,1226.182903202519,1247.4562361542548,1251.2599546020926,1247.4368031246768,1242.5123163943567,1237.1320235275487,1240.1830971473246,1257.1538350379215,1263.999474856346,1272.470911624311,1260.5471979012377,1268.897002175751,1281.0965727674152,1282.0884269038281,1290.8346004058822,1286.4178368256535,1294.0163866574317,1302.2072206240464,1308.4430113230458,1341.702063645036,1370.9469168930152,1412.2946024792057,1434.7375931110023,1461.3698889038606,1466.0691730039669,1503.5243654965248,1502.189151201008,1514.0755977922304,1514.7539912519849,1520.8658108559,1538.4955547020602,1531.6922034588604,1536.9197448381324,1539.8506981389296,1551.1402054603273,1576.6849587106917,1588.8851662007153,1576.467474778432,1571.66967543289,1574.2034475357138,1580.1155665391307,1580.0275645041042,1583.944110438887,1605.7261011144951,1609.7765106687586,1605.3228107478658,1621.570423435932,1636.9400745363605,1649.2476373433246,1621.3389476941181,1609.4911721437372,1614.5539040267204,1645.7523884389589,1677.0850084569618,1686.7853321968919,1697.7250126466754,1693.9337199313238,1699.5071580224399,1745.8152270739606,1780.7098741088987,1801.6780851458002,1796.0404373511942,1816.1972231636123,1832.3702583882887,1835.4527123097716,1807.3545454545454
2514,647,Rockdale County,county,GA,GA,"Atlanta-Sandy Springs-Alpharetta, GA",13,247,849.2278934342451,862.8760679689277,870.138626841987,876.4729395801238,882.766835937385,890.7883468329268,899.8546183822393,898.7775763386007,905.0046827005285,901.2838554980348,895.1095167607959,896.8544383642069,906.4782922329265,917.2646110445002,929.6254409419585,931.4039950132336,939.2457690588091,939.3832676745736,955.5403443250186,955.5389987658391,965.5075872121389,960.7608681859101,962.2613911500281,962.0219586995543,965.4311303059797,965.5866985133239,970.1587566572796,976.0565814947856,997.016770498728,1001.1530326669078,1008.0919668965888,1012.2446901265985,1017.8140973130589,1009.9137668923881,1011.2120265766548,1012.6709659522749,1031.3775794369,1042.0209316378462,1054.9400317461034,1054.4169508409634,1059.8319598191467,1065.130442251182,1061.5752804328695,1055.1466261244507,1058.1814684175922,1073.1632328171977,1089.1194342327321,1097.0882500255748,1108.4288284072636,1117.3646834039664,1124.0393669440623,1125.9957978747289,1129.5464346928652,1144.4657590730405,1155.0986886702497,1168.4948029363547,1158.1372411473676,1155.5215363373961,1147.3781925583803,1160.6670629377707,1159.479049251142,1177.274427673744,1176.0994798306378,1196.043486246073,1201.0985331939667,1226.394502971597,1240.4486287432248,1261.1065183297385,1275.0429760142408,1282.6805605464097,1290.9950158147096,1291.4503096031676,1310.8677579146467,1321.0292485833334,1350.3483196938305,1381.901219684603,1406.0967997338144,1430.8048236137397,1454.348794417288,1492.2472353647643,1525.8743173134822,1528.1988436843774,1531.223713842802,1522.4071396770294,1539.900983619467,1544.8819291583536,1567.245841779605,1577.0583290161503,1590.4199513822648,1596.3088335161142,1632.814331873163,1656.6651359667014,1663.9100879136724,1650.4493032551613,1644.973398589773,1655.5468198028266,1668.46066765718,1672.063193310477,1679.4515731379865,1680.4918083676994,1695.9446235314654,1697.5595928917578,1692.512854093545,1683.015068447624,1690.9329446716317,1690.1281445912064,1692.887305645804,1682.953172438659,1700.7419745288191,1690.957086328727,1695.166019552622,1699.679570220231,1722.979622897733,1732.8622215246864,1748.8610497104962,1766.334639858878,1758.5509722239212,1733.3650342446615,1714.1996472409965,1711.626394405118,1738.3569630018792,1748.838564150333,1762.3497929606626
399,648,Bowie County,county,TX,TX,"Texarkana, TX-AR",48,037,,,,,,,,,,,,,,,,,,,,,,,,,,,,,,,,,,,,,,,,,,,,,,,,,,,,,,,,,,,,,,,,,,,,,,,,,,,,,,,,,,,,,,,,,,,,,,,,,,,1114.2113183247686,1128.6584821999195,1118.5732787727065,1132.8811017863736,1122.9811130311248,1134.0534507393247,1123.852474984553,1176.3021599776134,1182.2923654820818,1213.1260537717599,1184.1142275597565,1196.0280673749903,1192.054704971519,1180.4918668597957,1204.356927605876,1228.269231278812,1245.6762579643298,1218.5319970513683,1190.270235982965,1202.423546689744,1213.4143274466462,1225.4884909842913,1217.1879958784887,1267.178480968469,1302.777777777778
2168,649,Campbell County,county,KY,KY,"Cincinnati, OH-KY-IN",21,037,,,,,,,,,,,,,,,,,,,,,,,,856.1304803355591,862.679629571165,873.9347711393456,900.9054902063897,905.0167166910485,913.1894055127347,923.2590691063511,926.7779954018265,921.039850905011,,938.835623773137,933.0105480905819,923.0973671513951,926.508039490927,951.9704102643641,959.719281709887,954.002804263499,955.2676737229966,950.3948214111799,965.7791345841555,970.2961616448451,990.3360660850468,1011.9621595459411,1008.8339178543191,1005.3478795238651,980.3080075427332,980.1911065183554,972.1286053795487,991.7718167444204,1020.2904065410942,1032.0944075496072,1027.6590401992112,1027.919767143816,1021.6903835621024,1020.3348545310804,1029.6596026781965,1043.4630441635015,1047.158760030349,1058.3128155642135,1074.609671417456,1102.1092999948132,1099.7624504671894,1110.8010047526886,1117.018197652106,1113.887461514998,1123.3803207419098,1097.1028105964913,1087.827389460227,1063.8111777098143,1097.141538589024,1109.8283055048719,1130.9848417797646,1133.3319373011022,1149.3356138436236,1161.3538168142484,1174.8449456326287,1178.8422782678367,1195.5632311195861,1209.2796025795478,1221.2312766438197,1214.0732144452547,1189.7849767565735,1187.5028590437632,1206.8517673954796,1235.4284229968941,1262.0770534069734,1275.2071224457088,1302.6179187653618,1298.6624073236612,1297.512608850248,1282.7904274770005,1297.3803905091736,1278.2157494455264,1281.9003150488604,1271.7257332694535,1297.2154013667575,1319.4610421434459,1346.5968080390803,1363.265598620265,1373.1572246082978,1382.3418049318486,1398.8034338993837,1403.2502713909437,1396.8731842512666,1370.2971983186944,1367.515550636479,1373.107213839925,1394.8022559807036,1418.5510217226495,1438.7503856541528,1463.6918847880615,1460.1206352371182,1463.1562441257586,1462.0824528720498,1451.624790587648,1459.6679552892508,1436.2159045350195,1434.3962217750247,1440.3850379988307,1465.3575248281131
3126,650,Saint Croix County,county,WI,WI,"Minneapolis-St. Paul-Bloomington, MN-WI",55,109,,,,,,,,,,,,,,,,,,,,,,,,,,,,,,,,,,,,,,,,,,,,,,,,,,,,,,,,,,,,,,,,,,,,,,,,,,,,,,,,,,,,,1518.2210790544973,1495.8941637507783,1523.3525503644116,1539.1481352234573,1576.0283583533287,1578.0687651598275,1605.8206632149506,1614.9544508527952,1627.2647248815963,1632.3872440754894,1637.8704122268557,1640.0320916431629,1619.7911675527387,1620.1571754561821,1643.281996304728,1681.9359760321522,1685.8607746924895,1664.873191704855,1646.1214322473888,1671.9323926210416,1690.9174295537046,1698.9298335325632,1706.7493400044116,1720.1301208324364,1756.4882791681355,1763.4069108830415,1764.5349664193186,1749.1750726347789,1733.0381101485802,1741.6257422182525,1735.3055372608185,1749.055029347994,1730.3604153247131,1747.9312421970956,1750.7777006228812,1770.7167002170454,1776.31405412895,1791.3483711557726,1801.0416666666667
1581,651,Calvert County,county,MD,MD,"Washington-Arlington-Alexandria, DC-VA-MD-WV",24,009,,,,,,,,,,,,,,,,,,,,,,,,,,,,,,,,,,,,,,,,,,,,,,,,,,,,,,,,,,,,,,,,,,,,,,,,,,,,,,,,,,,,,,,,,,,,,,,,,,,,,1931.3786268464714,1936.9036329648525,2049.406589186025,2192.083090546758,2263.678536306197,2243.133917115365,2166.8658502338258,2134.468030788472,2135.307540607899,2073.0843612354624,2034.0652088715192,2103.466749637913,2189.7201931949908,2325.0408571944804,2332.0694788335823,2321.7451206348123,2267.811504645269,2254.2895564274063,2277.352556080694,2231.2424414220845,2258.091528955465,2251.3180037423613,2322.6190476190477
1902,652,Madison County,county,KY,KY,"Richmond-Berea, KY",21,151,,,,,,,,,,,,,,,,,,,,,,,,,,,,,,,,,,,,,,,,,,,,,,,,,,,769.1605366369562,761.160452540165,759.6019994432709,764.6081466861707,775.0042875652131,783.3843986734786,784.75276301846,781.5423352736387,769.239165386899,769.3164172156442,768.5605263825423,775.6763369330415,766.9346689299471,771.3422573617974,774.8983650892812,784.5626010704915,790.798574435799,794.0687784263639,799.4872472949952,800.9181482351768,792.7957326291793,794.6566691444255,796.1506221883097,794.7873180093611,813.9286862751411,824.6903982992551,840.3218952880344,827.4414161076072,842.3386665496381,867.7075886305115,883.8461721183792,880.060800797606,869.9761378479062,870.9962172873327,877.6731373697994,889.8056335796166,900.5506716873689,916.1561687903675,936.7340083553087,952.2539675885213,945.8627999092132,939.2204612531748,939.9063282184362,963.821694714775,977.9060480781424,989.2608078475951,987.1561432184844,984.6338249120944,984.3079175426973,990.8260695901225,1007.0589256185733,1006.2527612224806,1006.4583252189803,1006.6060557099031,1028.3836317681762,1033.0627303687222,1031.7136140582093,1027.8166610418393,1030.2114774805198,1043.1414933891438,1041.391021200218,1045.518306648416,1039.5493511489326,1058.885285508751,1074.086980747389,1085.461881708481,1074.124494240568,1078.6192276027375,1090.6863612784684,1106.7487468837055,1098.724220014552,1090.9734816488115,1089.675925925926
3244,653,Northumberland County,county,PA,PA,"Sunbury, PA",42,097,,,,,,,,,,,,,,,,,,,,,,,,,,,,,,,,,,,,,,,,,,,,,,,,,,,,,,,,,,,,,,,,,,,,,,,,,,,,,,,,,,,,,,,,,,,,,,,,,,,,,,,,,,,,,,827.7186592826358,845.3027379884772,838.8849378907291,834.2584233041576,847.7296602942661,867.1107146596157,,866.5063518930148,863.4251974562226,925.8105904080137,949.91859478708,970.8257798557061,933.4912092402541,916.6666666666666
2796,654,Mendocino County,county,CA,CA,"Ukiah, CA",06,045,,,,,,,,,,,,,,,,,,,,,,,,,,,,,,,,,,,,,,,,,,,,,,,,,,,,,,,,,,,,,,,,,,,,,,,,,,,,,,,,,,,,,,,,,,,,,,,,,,,,,,,,,,,,,,,,,,,1940.356118496327,1974.868244382137,1921.3922937983414,1884.281232219502,1874.7954947029248,1851.1116917534684,1889.7949171581506,1877.5326658845443,1939.1666666666667
796,655,Wayne County,county,NY,NY,"Rochester, NY",36,117,,,,,,,,,,,,,,,,,,,,,,,,,,,,,,,,,,,,,,,,,,,,,,,,,,,,,,,,,,,,,,,,,,,,,,,,,,,,,,,,,,,,,,,,,,,,,,,,,,,,,,,,,,,,,,,,,,,,,,,,991.4591452621314,1007.8001223403596,1052.4899271202305,1069.4444444444446
2588,656,Victoria County,county,TX,TX,"Victoria, TX",48,469,,,,,,,,,,,,,,,,,,,,,,,,,,,,,,,,,,,,,,,,,,,,,,,,,,,,,,,,,,,,,,,,,,,,,,,,,,,,,,,,,,,,,,,1045.6024207152705,1047.374326674558,1037.4641340142466,1039.8616689171117,1042.1697188982453,1050.576107466344,1032.2913089981491,1033.9597452875628,1026.2987466942116,1047.0481983757782,1056.4764079406968,1070.3766859835646,1066.2600867803353,1050.1317142233165,1039.6458777261437,1043.7219561502795,1055.9396453387806,1050.0311447673735,1036.7868805061837,1032.9620781826818,1061.3636556081194,1068.3441704484703,1076.7575554151208,1076.2641277400076,1082.6832841009295,1090.2807806396388,1078.3265377321652,1077.484517204534,1079.7834801706376,1112.6535290111715,1117.8360508872836,1110.488453025609,1091.3462787241633,1099.8557820305716,1117.6717628843585,1128.3659891834075,1148.8333333333333
1729,657,Grafton County,county,NH,NH,"Lebanon, NH-VT",33,009,,,,,,,,,,,,,,,,,,,,,,,,,,,,,,,,,,,,,,,,,,,,,,,,,,,,,,,,,,,,,,,,,,,,,,,,,,,,,,,,,,,,,,,,,,,,,,,,,1915.9623645119561,1891.4316356093027,1914.9786927183,1933.705823390873,1894.537494042567,1893.4644201651051,1914.9969237566474,1999.7412807426615,2041.8112791215387,2078.3936216575644,2011.4296606456749,2013.689440213966,1982.9025790699343,2032.7420828848556,2033.6919548121457,2070.931596678347,2093.325016607526,2095.6783305998624,2096.0430366508967,2124.6264577723637,2042.5516144961489,2082.55198587496,2098.8442425485814,2216.6199009832435,2162.6889351671757,2168.004940776905,2199.6825396825393
1961,658,Ozaukee County,county,WI,WI,"Milwaukee-Waukesha, WI",55,089,,,,,,,,,,,,,,,,,,,,,,,,,,,,,,,,,,,,,,,,,,,,,,,,,,,,,,,,,,,,,,,,,,,,,,,,,,,,,,,,,,,,,,1364.40590417066,1409.845056418047,1421.0015984385439,1435.0227959633758,1456.2287095417337,1460.149466851297,1487.4605771579147,1505.8743712020323,1530.2281311296988,1521.3918384996673,1484.4686240076467,1465.7479130579998,1472.832439511865,1508.5152256100212,1532.493561092662,1523.8897907256735,1517.7631513439856,1516.2426756575562,1535.7643500941335,1533.322581519067,1555.3682711395145,1537.024677847755,1548.366559228275,1547.565202050835,1588.839483655095,1614.7622147554816,1625.0527839996253,1621.2946445615373,1641.3899708471283,1613.9036174134442,1634.017234515618,1628.2889709612673,1630.0038295283068,1583.9764008651969,,1605.2259585107872,1672.9570988152425,1708.888888888889
3012,659,Rockingham County,county,NC,NC,"Greensboro-High Point, NC",37,157,,,,,,,,,,,,,,,,,,,,,,,,,,,,,,,,,,,,,,,,,,,,,,,,,,,,,,,,,,,,,,,,,,,,,,,,,,,,,,,,,,,,,,,,,,,,,,,,,,,,,,,,,,,,,,,,,,,,,,,,,,1011.3308250880715,1006.25
3121,660,Saint Clair County,county,AL,AL,"Birmingham-Hoover, AL",01,115,,,,,,,,,,,,,,,,,,,,,,,,,,,,,,,,,,,,,,,,1233.710609777341,1222.9178767646433,1217.860268104777,1211.8219120054375,1218.6452698564958,1235.0040895822203,1232.1248504217774,1233.3480677151006,1232.9090885951339,1241.212159776249,1244.501134912773,1240.1406908748695,1254.7927257944077,1245.8637247330755,1256.6028823757263,1255.3983436927151,1284.818218571343,1284.4823284952718,1286.9053689931573,1259.86100050209,1260.9606342805191,1263.3099575794424,1280.325827696077,1284.4270430181155,1298.2822941167701,1314.0576647224302,1320.0838294729383,1315.5635813256251,1325.314577498473,1325.9515370370054,1331.5518240254341,1322.73254801943,1328.4692161124524,1346.8140974476244,1344.048098357491,1359.6346831831743,1342.5120862008512,1355.2606027035513,1368.9645080331074,1389.1168249363611,1410.7826854432917,1423.1201601870432,1439.6138620850224,1443.3215740912221,1437.480886160966,1436.9852937122546,1429.8440782386515,1436.38299242221,1438.6337870024101,1464.122999064967,1479.4815866009935,1501.8926767560426,1520.8506723688415,1530.0559150448828,1541.4105300183264,1523.8793751413662,1511.314984211829,1496.9183321233452,1507.8961292511187,1524.8730488445815,1542.2535953206864,1555.11770880568,1570.9829198349237,1584.9813754022066,1584.9652182256464,1584.4626389669265,1581.4706402711834,1599.8193691840734,1608.3252106232576,1603.3252315827215,1598.3975833713012,1592.6778220600404,1620.30680119191,1623.934342340855,1641.8301688520833,1638.0091854175625,1656.7498174430632,1670.0648513168392,1681.1397311748137,1659.8142147931667,1655.2957949645192,1657.732243924884,1682.6108331267249,1694.857744107744
2700,661,Frederick County,county,VA,VA,"Winchester, VA-WV",51,069,,,,,,,,,,,,,,,,,,,,,,,,,,,,,,,,,,,,,,,,,,,,,,,,,,,,,,,,,,,,,,,,,,,,,,,,,,,,,,,,,,,,,,1736.6317000579395,1737.0347785323286,1748.7488243791934,1771.1486787727358,1789.3403840288229,1790.492446264357,1781.3636317937787,1796.9464430894657,1824.6260111649515,1865.2888610903292,1863.9289179141595,1859.2968265431546,1845.8387870581075,1844.288780363705,1854.0129573175782,1865.6328457111952,1905.8581724974351,1902.0549695273025,1915.8325718443155,1913.348455617663,1935.8495972756864,1960.9207398104618,1960.5979015308374,1962.1566416985252,1938.0805224900514,1993.199893413714,2009.9427588663877,2050.724262814683,2033.2442347593676,2047.3420223569449,2048.8105681312236,2066.497397509273,2072.9547783343533,2042.973735514742,2100.782885956906,2098.453222913222,2136.9109003507606,2092.114285714286
1861,662,Liberty County,county,TX,TX,"Houston-The Woodlands-Sugar Land, TX",48,291,,,,,,,,,,,,,,,,,,,,,,,,,,,,,,,,,,,,,,,,,,,,,,,,,,,,,,,,,,,,,,,,,,,,,,,,,,,,,,,,,,,,,,,,,,,,,,,,,,,,,,,,,,,,,1497.319612208191,1471.4877594007964,1506.4971882369314,1571.1906557311172,1655.24330003521,1643.571114795197,1598.8505302438225,1576.98185323306,1600.9595450511797,1650.0677524545722,1654.2402043535878,1586.6585123861817,1539.5167448649254,1531.6970823632814,1578.3666666666668
485,664,Dodge County,county,WI,WI,"Beaver Dam, WI",55,027,,,,,,,,,,,,,,,,,,,,,,,,,,,,,,,,,,,,,,,,,,,,,,,,,,,,,,,,,,,,,,,,,,,,,,,,,,,,,,,,,,,,,,,,,,,,,,,,,,,,,,,,,,,,,,,986.2171649847213,1004.7900595232104,1003.8322852170774,1032.5456849873754,1028.525861378274,1016.2995717386426,1012.2386607372196,1019.7343235626703,1046.477173606255,1057.041694256954,1060.7913105485545,1053.1877557051728,1053.211111111111
3045,665,Twin Falls County,county,ID,ID,"Twin Falls, ID",16,083,,,,,,,,,,,,,,,,,,,,,,,,,,,,,,,,,,,,,,,,,,,,,,,,,,,,,,,,,,,,,,,,,,,,,,,,,,,,,,,,,,,,,,,,,1478.2701933863168,1479.6364014032206,1508.648059228862,1507.2541657314837,1509.1012315197493,1486.2741709078098,1473.2096265649252,1466.198986024941,1488.1673991691516,1515.1207985566614,1544.5522868534351,1547.2533608770561,1547.4623203653787,1543.6434490260351,1554.9478318886595,1556.4915980852452,1572.6182950793677,1537.8857355384491,1551.0650465971964,1551.757804352626,1584.0662223381305,1597.2873046697703,1599.5002928782828,1599.2397840600397,1591.9958880871077,1609.4265389203058,1619.2711140044978,1633.0000059841318,1637.1028006929791,1646.6770492811484,1622.2145376638805,1601.1684163955867,1604.2334687473788,1625.7731941963118,1656.3472222222224
1251,667,Nassau County,county,FL,FL,"Jacksonville, FL",12,089,1156.9081814496556,,1171.4624597038712,1190.2241892986758,1203.5103886844922,1196.9811115514683,1183.9714840105123,1185.561519236344,1200.415932101356,1217.6581736879225,1221.8742231422427,1212.942229644312,1216.9976345106402,1223.0578239546157,1233.4620826675587,1253.7966139136106,1264.2767859858798,1270.0762556572288,1246.6012307259066,1244.6721023885227,1255.2318053225245,1275.5540804512696,1275.498830062702,1265.2032197626575,1261.3052439725282,1270.022491436547,1291.0853189318432,1298.3967591053124,1307.2614013716484,1300.6734965780267,1307.891956188369,1313.649028361935,1311.9094866464354,1319.0824728474752,1325.7420583812393,1336.4955400550382,1351.1783769047754,1342.720327180662,1347.1977980167615,1357.754153364549,1368.4890282394135,1395.4135490468914,1379.765151681707,1389.2540864678567,1384.8435674157893,1390.2596002405235,1397.0092387551672,1398.3785671777566,1418.9876832743864,1426.2010637780681,1438.2032125862363,1439.2446588878001,1452.2762625240387,1466.0485819567978,1486.38898783309,1481.3913575690665,1475.9929373040034,1450.3264284151433,1471.560361958218,1468.2192879382696,1488.2124637094628,1469.6544723283116,1490.5213144522831,1503.0559338220676,1521.17572325042,1518.3865523211023,1528.187954032526,1543.0942232507014,1563.2127497666836,1575.6839491236371,1573.4172206615658,1582.9862645946585,1594.6347082999278,1613.0594514190539,1636.344989464757,1665.3826431179557,1715.6581827029158,1774.024985315786,1821.194386798938,1873.0477390292283,1882.6149652711654,1913.615263149339,1913.9854281755518,1940.165198206334,1925.1006798560668,1947.1391496576014,1951.1217353134573,1996.7335097747782,2006.7567786949235,2054.449666498257,2032.957975115611,2054.401650002291,2052.1108434247394,2073.746642269261,2052.557230165678,2027.8784882305094,2028.3726874617282,2038.603649947333,2074.1321902209947,2088.6153017098723,2121.892242979337,2131.079078683242,2153.262304222283,2151.275492919373,2132.298366522366,2113.812697308748,2086.7170947663058,2067.3406471491694,2069.1320500456645,2095.948882131253,2142.8072206091156,2164.2392959385384,2194.329091718746,2211.047153376687,2227.693250704483,2240.364746389833,2241.455868577793,2251.813133808965,2238.651567423867,2222.695481199165,2213.329156495916,2219.2939492425076,2228.3776455026455
416,669,Burke County,county,NC,NC,"Hickory-Lenoir-Morganton, NC",37,023,,,,,,,,,,,,,,,,,,,,,,,,,,,,,,,,,,,,,,,,,,,,,,,,,,,,,,,,,,,,,,,,,,,,,,,,,,,,,,,,,,,,,,,,,,,,,,,,,,,,,,,,,,,,,,,,,,,,,,,,,,,1250.0
2659,670,Christian County,county,MO,MO,"Springfield, MO",29,043,,,,,,,,,,,,,,,,,,,,,,,,,,,,,,,,,,,,,,,,,,,,,,,,,,,,,,,,,,,,,,,,,,,,,,,,,,,1030.638667101261,1044.4201697813462,1066.023605461531,1089.5587044944066,1112.869416907154,1114.8702150909583,1117.9418379523447,1106.001706831152,1101.2891360463445,1105.0277807397354,1123.3676513064772,1149.414221157701,1180.2286337105797,1216.7515924263853,1247.1697111712751,1264.2420467189233,1268.0936753445367,1251.928775259694,1236.8054778795633,1219.431855658739,1215.4568338499457,1213.0648582711938,1224.2355331124515,1241.2967690408793,1245.9849571139264,1253.678563941367,1266.5671281131408,1285.1077336772114,1300.4646789961635,1301.296062562529,1297.5846770782878,1285.5895002553664,1276.9774732421404,1283.7136850575114,1288.2944979484475,1302.1192339231332,1304.7194756102322,1319.183672794404,1339.8691416840254,1348.432960124941,1346.1203665082492,1342.0578788290698,1348.4182682654978,1346.492371469592,1350.2905765803437,1354.733522033374,1369.9679734262143,1365.1274291380882,1365.436507936508
2760,671,Josephine County,county,OR,OR,"Grants Pass, OR",41,033,,,,,,,,,,,,,,,,,,,,,,,,,,,,,,,,,,,,,,,,,,,,,,,,,,,,,,,,,,,,,,,,,,,,,,,,,,,,,,,,,,,,,,,,,,,,,,,,,,,1449.7195696918466,1451.7275912516277,1478.5988336262517,1490.9019364830665,1527.2837326409467,1506.4135467488863,1517.4478542049878,1519.9618707411437,1520.4843005165471,1515.5957546898612,1501.4618369633245,1534.7088788878118,1539.7581200477996,1575.9000721057507,1593.1684401278494,1622.6611861822435,1614.9739317092278,1609.336281443071,1600.4204779032023,1552.5806314283022,1506.4012050892359,1470.723863569584,1503.6641321177933,1572.614639503339,1629.2063492063492
1003,672,Elmore County,county,AL,AL,"Montgomery, AL",01,051,,,,,,,,,,,,,,,,,,,,,,,,,,,,,,,,,,,,,,,,,,,,,,,,,,,,,,,,,,,,,,,,,,,,,,,,,,,,,,,,,,,,,,,1108.6595814757818,1122.5055371975334,1107.0372535878153,1113.7467342575703,1115.607928005821,1121.514033125148,1118.9094981725661,1116.2270072290055,1108.6480648979434,1094.541002605929,1110.58729421369,1127.5780840936093,1166.0651464388343,1161.4178830076676,1144.726872012848,1153.0765594351699,1173.1831442019895,1209.3982257889554,1228.46111890624,1232.3460760424766,1225.6923816617991,1214.2970315099253,1238.9003677379783,1257.7082525117078,1247.8398827293618,1250.2211860994018,1244.1123255326056,1254.2679889918509,1232.8044279823885,1281.6084805283847,1300.2800898025164,1327.9958627442816,1285.5944964524863,1274.1369660640275,1271.5625331957226,1295.2184557475514,1323.138888888889
1647,673,Cullman County,county,AL,AL,"Cullman, AL",01,043,,,,,,,,,,,,,,,,,,,,,,,,,,,,,,,,,,,,,,,,,,,,,,,,,,,,,,,,,,,,,,,,,,,,,,,,,,,,,,,,,,,,,,,,,,,,,,,,,,,,,,,,,,,,,,,,,,,,,,,,,,1546.9322371077662,1569.1666666666665
2686,674,Dougherty County,county,GA,GA,"Albany, GA",13,095,,,,,,,,,,,,,,,,,,,,,,,,,518.4833378195267,518.3011395766764,516.8253365385173,519.2140553340462,515.9847147096564,518.5257926088769,517.1377711392198,517.4424494162407,511.9064433252141,515.1671332532993,516.6376891566877,527.1840530766983,530.1695356986568,531.3511497273622,528.5937462247364,524.6973366068588,524.734621578033,524.118996734555,525.7399055928645,530.7381932285844,537.5494667916303,544.9546660905964,543.9621214409658,545.0620185656303,547.6443669250494,552.6210683640119,553.2671313021038,549.0308796911222,550.5590311501468,552.1411116121473,558.957637695947,561.1237490283773,564.2187322576752,563.950378361499,570.4901842204463,574.1715751700575,577.9973031095423,580.6826395920799,586.0751447606596,591.5540384042245,594.0980779235092,592.978126757534,585.7225646615236,598.7091197381562,610.6319596370683,629.1149336883598,618.2421864003342,614.73692996902,615.5787193802192,613.9762065977079,629.8339437213587,644.499471417771,672.0976291099493,679.757410238625,682.6770357761901,692.2288063864544,688.3452417549023,702.6192855825464,701.8993414291033,718.5631457446051,717.3368218642017,725.9493118924847,722.7417577104723,735.207975355483,745.7223853544331,756.7916947874851,760.8011993015174,765.7054878076348,776.3522207661006,772.121184910082,770.2938417466349,757.5599499880012,762.0863141061409,761.0121526836685,778.2477708155965,784.794622029916,788.9602115974657,788.9177319780642,787.2731953134569,793.1388653107201,802.9372764314512,812.3609314734236,819.032352321361,815.1366227140446,823.3193315549577,813.0768328417881,825.5951758881896,822.9039347170547,839.5353714039562,836.3328488674206,838.9771570273161,848.1199431980855,843.6032302143158,841.2534729578741,828.1052883815959,830.176530661577,835.2842311222843,836.0841156858982,841.9880952380953
2125,675,Angelina County,county,TX,TX,"Lufkin, TX",48,005,,,,,,,,,,,,,,,,,,,,,,,,,,,,,,,,,,,,,,,,,,,,,,,,,,,,,,,,,,,,,,,,,,,,,,,,,,,,,,,,,,,,,,,,,,,,,,,,,,,,,,,,,,,,,,,,,,,,,,,,,,,1150.0
1530,676,Bannock County,county,ID,ID,"Pocatello, ID",16,005,,,,,,,,,,,,,,,,,,,,,,,,,,,,,,,,,,,,,,,,,,,,,,,,,,,,,,,,,,,,,,,,,,,,,,,,,,,,,,,,,,,,,981.4443505885293,1000.0753646852957,956.6132997081534,984.6344006636028,990.0706378194944,1006.5715382464647,1011.8139449629825,1019.0682346392291,997.5771421709952,986.4185663492549,978.8526703423063,991.8618785491387,1017.040508168687,1025.0190742530315,1036.7438805439158,1031.4922242551488,1041.683168914028,1045.9905147232869,1043.372436326299,1034.6526750806702,1037.636537046242,1034.219506731799,1027.441803287487,1017.797617153051,1019.9450471698082,1033.9004283271095,1056.6814927740902,1072.2341940351075,1089.6841124120626,1093.7248332795343,1097.3374988323842,1080.3467706516449,1072.62327604977,1068.0319192092213,1070.9140176132391,1068.0707448196551,1073.6486587127226,1076.2136437313613,1081.7343915343915
292,677,Polk County,county,OR,OR,"Salem, OR",41,053,,,,,,,,,,,,,,,,,,,,,,,,,,,,,,,,,,,,,,,,,,,,,,,,,,,,,,,,,,,,,,,,,,,,,,,,,,1335.6116452825204,1334.3414149304376,1339.1674924837441,1385.0404647680673,1407.2009979194115,1435.3028542837212,1463.1124568274108,1492.421935079793,1517.1622395576933,1529.3418688687902,1524.8913149819632,1520.1634186667848,1497.679684099498,1517.1220842169419,1550.0499893568237,1588.3027177608594,1608.4847351370013,1618.1888277373525,1636.8563413162422,1665.5311746152634,1667.41654307126,1636.170760653543,1593.878392099221,1584.5057653132421,1601.121282132227,1623.2635481613834,1642.53155151983,1646.6155449602077,1662.9022295817092,1682.8857998309334,1700.4977093654181,1704.8408912647944,1700.0452661235104,1695.0925072171328,1707.4487759902775,1676.98625160268,1669.1933652075663,1643.4916620789138,1669.6724099905373,1695.4687493473307,1729.430025234367,1749.1412483846793,1761.6679722205088,1763.478862888931,1773.2845567395777,1784.3175129309818,1760.8613760030037,1753.3838011564526,1724.3145118898458,1751.739393939394
2812,678,Muskingum County,county,OH,OH,"Zanesville, OH",39,119,,,,,,,,,,,,,,,,,,,,,,,,,,,,,,,,,,,,,,,,,,,,,,,,,,,,,,,,,,,,,,,,,,,,,,,,,,,,,,,,,,,,,,,,,,,,,,,,,,,,981.2401456391739,1018.0633701956081,1018.3998617495697,1024.3970885470253,1001.2827609294349,1017.9309740610632,1030.1261413411646,1027.6277664780266,1012.6073218416606,1025.6326783322686,1041.0376100278747,1054.8430791150856,1034.1309751752767,1029.718743539039,1033.2452369710763,1036.5872205641083,1047.8470407095244,1042.7305710551643,1090.0439081685781,1104.932987614169,1115.9952428621075,1114.9594208623134,1103.1175716989544,1113.5833333333333
2386,679,Lawrence County,county,PA,PA,"New Castle, PA",42,073,,,,,,,,,,,,,,,,,,,,,,,,,,,,,,,,,,,,,,,,,,,,,,,,,,,,,,,,,,,,,,,,,,,,,,,,,,,,,,,,,,,,,,,,,,,,,,,,,,,,,843.8260170766208,843.4405128917464,829.7476861119487,834.8125425344465,841.1263646060905,854.7720598075135,860.5454384944985,850.6758043126424,848.7499202095828,852.1129234639542,858.309309618556,876.3269256533765,873.7210546031308,889.1613708586467,884.8972404815496,909.6798722597878,894.219082569883,893.6434531220872,884.391515272042,912.3137715519828,951.0474490618263,948.5422228246998,968.3333333333334
1112,680,Island County,county,WA,WA,"Oak Harbor, WA",53,029,885.2937965189435,890.2640022361866,900.6431538309376,917.2999990012876,930.1414773377312,938.4731856168986,937.2986981487342,942.1163084659224,954.6487499522599,963.6675134719981,981.2137012419125,987.8486765265484,1005.0669134550385,998.0077935765257,1017.9617806756067,1034.8794712518845,1056.0146055915263,1065.9972886673236,1077.389955297095,1095.1051242970636,1099.9932666634174,1116.2828006523393,1121.1988607723986,1137.737905064817,1133.664334607708,1143.6803278295804,1152.7903112142035,1174.709511905119,1189.8120586454759,1202.2192476910018,1213.2464563735045,1212.8213292348112,1209.2891593086315,1201.4907397855677,1205.1715058773927,1209.4364950574115,1210.0494695146333,1212.0087791846247,1222.004302556194,1237.8329432506005,1258.3570808356696,1268.6747270051517,1260.700956910602,1259.5660121785556,1263.4144615591933,1275.4509016925006,1277.4476851330212,1269.3843781463331,1274.6968593634642,1280.129110468139,1291.909993490471,1288.6526977051053,1291.0463079584624,1295.1623304979746,1302.9019032048186,1301.9611887910912,1310.905523012747,1313.234362387472,1324.753900261949,1317.8144779098725,1325.5066682255458,1317.2194296267087,1313.4318187098136,1291.2267838819075,1307.9751951393814,1332.2267538842898,1371.6874313867665,1389.0177637590693,1394.1484637686754,1395.2485411002872,1389.7609586838814,1402.8074400151572,1414.0547885478225,1419.9088712198795,1422.1612700202772,1424.980305794299,1441.5822393414294,1469.1621685337366,1513.015979473794,1538.8511897526473,1548.5990619497534,1540.7732962769905,1536.8946865256783,1545.2548179888445,1552.0113548758943,1568.978611948469,1571.2181596257742,1593.2290087056103,1609.5038564685224,1625.7252576107458,1639.0227475810384,1643.3517235874847,1645.4208251179025,1643.080842360031,1646.9243405193838,1644.477878992946,1642.2526681391046,1656.7381456889455,1689.9879534946695,1720.6762444205629,1747.8703934397936,1768.2135246085836,1764.031837783524,1760.4966781354758,1736.1849771439095,1781.4487002685942,1784.2892292975139,1805.5013822889287,1775.509647019862,1765.6131560112685,1760.7936605812727,1780.8925156559062,1814.88971337251,1833.0485875377026,1836.1449084969433,1842.9163928345588,1866.1961477361854,1858.878012915859,1869.353312231478,1850.8689165756966,1867.1756694527771,1849.9065084647168,1868.2054829228744
1875,681,Lincoln County,county,NC,NC,"Charlotte-Concord-Gastonia, NC-SC",37,109,,,,,,,,,,,,,,,,,,,,,,,,,,,,,,,,,,,,,,,,,,,,,,,,,,,,,,,,,,,,,,,,,,,,,,,,,,,,,,,,,,,,,,1463.1656046183848,1469.3192216489279,1481.40327213588,1501.6305672843273,1516.3107727373952,1540.4282271698874,1566.772184293978,1577.204717010831,1569.8740600822318,1556.885144496451,1576.6125298156062,1599.3799176684436,1613.2254630824887,1595.981803336008,1597.4005180947397,1599.3947760592355,1604.5666988372764,1611.4329588173307,1621.997443342166,1648.9766675514593,1660.151965977135,1655.3624492628053,1654.3828072366982,1658.9389663195304,1673.2925327772018,1683.351897056938,1677.5535630963268,1675.044558476884,1679.0068161268428,1675.9107868233855,1682.38633965034,1680.5651490300825,1711.9441401110143,1751.8560879543904,1766.4905099087964,1773.44344965756,1767.0324712643296,1787.4007936507935
2154,682,Buchanan County,county,MO,MO,"St. Joseph, MO-KS",29,021,,,,,,,,,,,,,,,,,,,,,,,,,,,,,,,,,,,,,,,,,,,,,,,,,,,,,,,,,,,,,,,,,,,,,,,,,,,,,,,,,,,,,,,,,744.2362832283744,,757.9808099859306,783.6998762434341,786.1909786336513,798.2619074461762,779.8389882785897,779.1961819789159,782.3563908790112,803.3659826637428,804.9657889204068,803.9091628934484,805.9210793326935,827.8860878901702,840.06025251722,830.337012740845,820.5351986393329,812.3757606999975,833.0124042578418,858.9805985993477,874.6523898029192,852.2965027205851,837.0473024497794,852.4214660753415,872.3567401792607,893.7129354059219,901.9786039577126,906.3986684402568,890.1508048530775,883.0221433691746,893.3470388379613,900.4987941111227,896.7662891627203,901.5809717444179,910.861111111111
1945,683,Newport County,county,RI,RI,"Providence-Warwick, RI-MA",44,005,1291.2721376111067,1331.8721068509956,1402.5677550290866,1416.1575934243833,1459.3529766257172,1453.1204138477651,1465.413134452014,1454.8241745456205,1413.597678453881,1410.7575360938863,1409.5608929843145,1435.605435781557,1484.0096902694454,1512.3171299113474,1530.449411571984,1556.3083904499194,1565.7433680646977,1547.3266288431355,1508.8461979999086,1504.548349890064,1493.8508739252711,1481.3387467781438,1489.4255719421162,1542.9397315069723,1592.3834652309615,1613.6258749667256,1601.9313007227827,1615.6347582556707,1637.970484777863,1655.036238764612,1641.467278424933,1609.3047599915683,1528.4142303146111,1502.1469905342324,1517.8428224442684,1602.6183925423145,1671.4483109334394,1704.4914092624333,1719.9789849831952,1713.2782967671637,1742.2936651456034,1792.8672469131718,1779.5696754536928,1726.0852310854557,1681.1007881266962,1661.7028470922655,1688.7637867721405,1714.7383130549329,1770.859769101936,1823.758694536899,1847.1649657986527,1886.3617092778495,1895.2595381923459,1903.8577582159764,1872.7545718327146,1823.4487160366539,1809.5312780264117,1813.9481619096196,1799.7172853065526,1817.2032841141352,1838.5327781765677,1908.5657403004047,1936.7353956050151,1964.3966305915778,1973.7749874264753,1988.6526919367113,1969.2454122146528,1943.1091028648327,1920.5835558218953,1925.552539521914,1999.7773848965828,2018.7596093160867,2082.0431049217173,2152.6491200471264,2276.0623116557263,2367.8470409182146,2402.4179498229546,2422.6107153684693,2389.7100685335668,2331.847517065117,2270.037250852505,2245.074165184918,2269.29094115576,2307.1070019604326,2398.9145848666985,2473.6532209822226,2570.8619015177965,2632.365664273681,2713.9554005189843,2703.3926282385883,2666.6427677921906,2575.5884627319115,2506.04805689267,2509.3282738674798,2523.807913197931,2636.2733560261067,2674.213679845449,2738.1933460034775,2733.285166430402,2843.053216774829,2918.989491686808,2989.6947854969867,2900.379598460032,2793.2175384075804,2693.0404360150515,2680.2211259699566,2688.828301913558,2828.078399986509,2884.754124858619,2995.7890022306206,3031.3449412789814,3106.0176919823393,3102.581671835319,3002.922988635355,2957.830150200938,2938.880255410896,2928.7740192954184,2950.9926319597566,2950.3227118502473,3010.778014562707,3076.9730986516943,3110.3420470355004,3223.3672839506175
1291,684,Orange County,county,TX,TX,"Beaumont-Port Arthur, TX",48,361,,,,,,,,,,,,,,,,,,,,,,,,,,,,,,,,,,,,,,,,,,,,,,,,,,,,,,,,,,,,,,,,,,,,,,,,,,,,,,,,,,,,,,977.6745224175157,979.7416040697794,1002.8351183034645,1021.0711860376233,1039.4627758715997,1040.674906941402,1042.7642658249467,1056.2088619017388,1063.4030286699108,1060.4051007920232,1057.507216116107,1056.6580668096049,1062.2521969232498,1056.7524078052973,1057.0309215512207,1054.7127015577153,1053.9405999699177,1072.7826514029612,1104.6949719434679,1130.7580192524174,1138.5540355872452,1122.1604798184203,1106.682091231885,1115.1462088784824,1124.7101455991067,1142.465742363475,1126.9746562886949,1143.257797480324,1151.6516498743931,1191.534711039732,1188.6265032740193,1199.6214141435441,1201.3023779019434,1199.444753718418,1180.6123698832625,1169.2674815223088,1191.373263494233,1245.0
2991,685,Orangeburg County,county,SC,SC,"Orangeburg, SC",45,075,,,,,,,,,,,,,,,,,,,,,,,,,,,,,,,,,,,,,,,,,,,,,,,,,,,,,,,,,,,,,,,,,,,,,,,,,,,,,,,,,,,,,,,,,,,,,,,,,,,,,,,,,,,,1028.7559541272283,1061.8491628427018,1058.2143769590791,1093.6043898181263,1128.0802495127741,1128.8935497072782,1155.203711562751,1088.2313295202287,1121.8642992370528,1166.8463822307258,1217.0281326875993,1199.280498010615,1215.0848226095395,1212.2891582076318,1204.886196296704,1155.0
2756,686,Jefferson County,county,WI,WI,"Watertown-Fort Atkinson, WI",55,055,,,,,,,,,,,,,,,,,,,,,,,,,,,,,,,,,,,,,,,,,,,,,,,,,,,,,,,,,,,,,,,,,,,,,,,,,,,,,,,,,,,,,,,908.2840131043392,909.4527582339468,927.8625830089929,936.2040350910854,943.7970846210212,949.984973044039,966.5353923043879,972.241420544838,,997.743680165349,1015.0755452171229,1020.9408273792545,1015.2016053312552,1019.9706551148946,1009.3343026061456,1009.3095965942817,1008.0447578845568,1026.163939966523,1039.948529034255,1063.5410888660344,1083.5315468597394,1094.0720037225024,1090.0694223499916,1085.968904490858,1069.9317197093083,1076.3868050959636,1075.5847490413462,1095.3931128055958,1104.3799190364991,1101.2207327160338,1093.2101925516586,1073.2616489859086,1085.0415291268082,1105.7187252064728,1111.7348143013046,1140.9942806496945,1152.361111111111
338,687,Wood County,county,WV,WV,"Parkersburg-Vienna, WV",54,107,,,,,,,,,,,,,,,,,,,,,,,,,,,,,,,,,,,,,,,,,,,,,,,,,,,,,,,,,,,,,,,,,,,,,,,,,,,,,,,,,,,,,,,,,,,,,,,,,,,,,,,,,,,,,,,,,,,,,,,,936.0508110954746,946.8115625088699,954.8233621748033,958.611111111111
2235,688,Crawford County,county,PA,PA,"Meadville, PA",42,039,,,,,,,,,,,,,,,,,,,,,,,,,,,,,,,,,,,,,,,,,,,,,,,,,,,,,,,,,,,,,,,,,,,,,,,,,,,,,,,,,,,,,,,,,,,,,,,,,,,,,,,,,,,,,,,,,,,,,,,,,,,730.0
1610,689,Chemung County,county,NY,NY,"Elmira, NY",36,015,,,,,,,,,,,,,,,,,,,,,,,,,,,,,,,,,,,,,,,,,,,,,,,,,,,,,,,,,,,,,,,,,,,,,,,,,,,,,,,,,,,,,,,,,,,,,,,,,,,,,,,,,,,,,,,,,1137.5541974168298,1110.0899422452028,1110.6613789168462,1146.2000364094029,1143.9731734893378,,1101.217257636121,1134.4287240868591,1154.0639257885946,1198.881980118949,1220.0833333333333
525,690,Glynn County,county,GA,GA,"Brunswick, GA",13,127,,,,,,,,,,,,,,,,,,,,,,,,,,,,,,,,,,,,,,,,,,,,,,,,,,,,,,,,,,,,,,,,,,,,,,,,,,,,,,,,,,,,1549.6658263869292,1509.1699294515038,1503.0253073015426,1546.2281796565587,1581.3189113587846,1615.829384800413,1621.2574018142786,1677.965490216829,1697.9133488306475,1701.4179158896907,1683.302429382403,1685.6194360034394,1690.1899575605619,1673.5902252716821,1680.4360762022125,1703.265943842006,1718.608521415233,1703.9927119089728,1711.29711316069,1732.249961206271,1746.341995137147,1750.1944899776115,1721.1184176974757,1730.739933252369,1723.5827601288102,1743.9425427616798,1744.340421698794,1759.8112070459251,1764.2604952500665,1788.113831951245,1784.7047752028896,1767.969215672908,1753.7020169434995,1747.4420301067657,1766.796146150996,1760.0258894348501,1740.5309764911062,1759.574663413927,1789.8394093032023,1823.1247086247088
1602,691,Cascade County,county,MT,MT,"Great Falls, MT",30,013,,,,,,,,,,,,,,,,,,,,,,,,,,,,,,,807.9540883208842,819.1481513797205,824.2885156350758,820.9205849622753,817.4695697444138,811.9927796564358,813.8751662651617,812.6866608034816,823.2502254871564,822.1355088012726,830.282387772453,831.2644593056522,839.9343335549381,835.0000887573497,843.5863527706671,829.6462709114404,830.4396492324797,830.3333938714281,842.0928086580105,841.2329599691839,834.5990498270011,837.9265530716613,850.5953006841266,857.4002068457664,863.535015585417,860.2085153718606,865.1429716120753,864.1083496956454,861.8958157541383,852.2567477893888,843.8359009335034,846.5601610810769,857.7356618660466,869.981375213389,879.9499819035448,888.322839680087,899.7831696658594,907.3278636983011,908.7824510443379,889.263436305375,894.3707223085607,903.8704535004589,929.0218653417269,917.4510440074687,930.4747768032139,954.2413483010176,980.5562215247213,1002.8725425681353,1033.2856068459137,1059.9864163543311,1071.0502005219557,1060.739101024898,1068.3905144329212,1048.03364122465,1045.3606412575639,1066.8195125611635,1112.4687691529743,1137.311254746766,1143.532637958573,1150.2816450345094,1173.7090554161232,1195.9041042227202,1211.9065793251566,1245.5176768398649,1266.1723239606656,1262.6802652824708,1244.644663934016,1238.9389045501975,1248.653297416762,1244.0453019700278,1221.9218530187131,1224.8848805558475,1229.6085031481607,1247.7004633992,1248.4053663769241,1253.8562896204683,1247.8620934315416,1242.8372342867117,1226.643048519283,1247.4076131671134,1263.334020575592,1297.1039613903863,1291.2116314929322,1300.9658590405456,1321.4151496015024,1356.6160905657416,1360.864872883611,1366.0642661668758,1332.681702051479,1330.3925935479406,1324.4722487941597,1352.159024973985,1367.969696969697
1788,692,Indiana County,county,PA,PA,"Indiana, PA",42,063,,,,,,,,,,,,,,,,,,,,,,,,,,,,,,,,,,,,,,,,,,,,,,,,,,,,,,,,,,,,,,,,,,,,,,,,,,,,,,,,,,,,,,,,,,,,,,,,,,,,,,,,,,,,,,,,,,,,,,,,,,,996.6666666666666
1929,693,Midland County,county,MI,MI,"Midland, MI",26,111,,,,,,,,,,,,,,,,,,,,,,,,,,,,,,,,,,,,,,,,,,,,,,,,,,,,,,,,,,,,,,,,,,,,,,,,,,,,,,,,,,,,,,,,1117.4825368752975,1153.3737846505232,1170.3338075666036,1189.3559297780942,1207.899559385111,1201.8142466067507,1193.224673315093,1182.8299296773853,1170.8111014784206,,1143.984078618225,1153.2848851388549,1182.0390535283605,1206.0896895010499,1214.9509117828288,1231.2249498403055,1233.1717209986507,1250.2087082731487,1231.5300226866455,1260.5890530897364,1281.3811715469865,1269.5785672321067,1241.3886144679182,1244.9092084256342,1267.7089184129638,1309.232666191095,1298.1418884038965,1326.9428378871883,1313.2941471907652,1350.1957450762616,1345.556101408234,1351.6793578078348,1320.0738000250383,1325.4184757531762,1316.7483043843486,1327.6555555555558
85,694,Lee County,county,MS,MS,"Tupelo, MS",28,081,,,,,,,,,,,,,,,,,,,,,,,,,,,,,,,,,,,,,,,,,,,,,,,,,,,,,,,,,,,,,,,,,,,,,,,,,,,,,,,,,,,,,,,,,,,,,,,,,,1244.4598991242894,1263.5688562226621,1267.7790146072855,1278.003831020083,1283.2758148968646,1285.3633057836912,1275.2803793255125,1282.8129582324857,1278.298392818493,1303.714993454818,1299.027296525758,1322.6647317989482,1325.0247257511373,1337.9413792849848,1336.5403882897454,1353.5850702482405,1369.979737157677,1380.401880205959,1371.1250603557833,1347.62200245873,1345.1348088969173,1357.7804033316822,1380.5387417836953,1389.9692486099968,1402.4295771316843,1412.7083333333333
1100,695,Howard County,county,IN,IN,"Kokomo, IN",18,067,,,,,,,,,,,,,,,,,,,,,,,,,,,,,,605.0025977898867,611.2117057788919,,614.5615350433219,615.6608812897534,616.9522915718794,614.1270573145852,607.4265266139134,612.7122008407362,616.4204732371273,623.9511209759406,621.664299319504,619.6523801272373,622.5507959973684,629.3522836817968,638.9617483100355,636.6940531982192,626.6415404422098,611.7511719821064,615.8416551280854,624.7687318935141,629.8867549492965,629.7225810969826,633.7911001442394,647.6773162603853,655.1157682118444,657.394881219555,657.4012265501169,654.7825494405116,658.9640520487039,658.9725482601153,660.9577405478242,661.6078507852654,663.3760120587369,669.9120262036853,659.1797765769055,662.1120824029305,671.7409471043712,686.7841142519283,692.6685190275108,696.2434292029615,691.1307791954946,694.6164092393045,683.0158287612686,684.3018256579894,686.948038746236,699.7652202590714,715.7747889707343,713.2962355051427,723.7840336270884,732.1905910654888,752.1137565943872,739.9738164923424,752.3042414644808,757.6969880379534,771.5463341331623,777.0567971230777,775.8290821458762,795.9803650982789,805.184745583812,826.1082257603601,830.2313136794774,832.7101332857287,838.3007056296967,835.535048527781,823.9175436082908,818.9819468981109,830.2477862668411,845.9583805120645,853.2651175333436,835.9100397505458,846.5240801019318,863.100103826469,899.9629932872698,907.3492551306829,914.9118178685464,916.90467875456,913.3793488219247,,926.7353546685523,954.6130157776943,958.2626535495938,963.4831565465618,991.1568817457752,1015.2905007595839,1045.2694266422502,1037.2002345379276,1045.1085273105598,1030.2595336745965,1032.0956155735053,1023.0334149130251,1058.660811306993,1069.4011517253741,1083.3111111111111
3014,696,Rockingham County,county,VA,VA,"Harrisonburg, VA",51,165,,,,,,,,,,,,,,,,,,,,,,,,,,,,,,,,,,,,,,,,,,,,,,,,,,,,,,,,,,,,,,,,,,,,,,,,,,,,,,,,,,,,,,,1593.7954871040756,1621.4936378744458,1604.3714373499188,1612.254466791567,1612.2432150096613,1626.9415923960628,1652.1576215180903,1656.0185668501383,1672.6408185933496,1675.1559954905479,1703.7459221787312,1740.1359573659042,1763.922674109978,1759.6992068381508,1742.977701441399,1744.404530830237,1765.9937925564236,1764.045932784325,1777.2133514812556,1774.070372619043,1802.0683342934092,1800.2915422526335,1828.4111421694352,1833.3922742078898,1846.9548234353038,1841.3708800456266,1843.7778381641551,1856.1289707370843,1877.031115034552,1854.4783297924198,1865.2595153747343,1844.7548953968744,1870.8742663175815,1867.7707709175552,1914.1384710731406,1937.3588479841203,1957.5925925925924
1214,698,Monroe County,county,FL,FL,"Key West, FL",12,087,,,,,,,,,,,,,,,,,,,,,,,,,,,,,,,,,,2289.701526092248,2290.6039503528614,2306.5736325992966,2312.531739387998,2312.7516519152064,2300.2618251311205,2330.083801132337,2355.368562246381,2383.8070334863214,2333.382391648369,2324.0983832375296,2314.7936036721594,2358.069509212011,2361.6978870299736,2418.1525880955537,2412.6555635143873,2477.0932838540507,2430.249030221642,2426.573527614023,2352.56258640939,2364.4152672531222,2403.913131222121,2393.850766846824,2472.2311360039657,2458.799582320213,2526.630794466952,2516.2517513729613,2509.4243237128194,2457.8383588623683,2457.227268748371,2438.7523795111165,2495.878264934334,2472.7228693506786,2529.5508843581674,2538.0347322798752,2556.989391405202,2568.9692281093385,2553.088735962697,2583.9227347275696,2600.207011617834,2685.2785185629245,2744.831281928379,2771.793931715423,2804.2471421428336,2815.5063839344753,2958.0568628438577,2980.7520568375357,3018.9474562900355,3039.698419814042,3116.7958502293486,3125.3675371354298,3127.304018961444,3238.733280895861,3338.170861257748,3346.860991341935,3267.2874238218706,3331.5464909993457,3432.70175785648,3555.222376163155,3602.511831296653,3661.765991742583,3680.30487951904,3697.5806268100773,3666.7982489893952,3613.5842489049096,3586.3498122901983,3554.493312553618,3531.055125175457,3544.828023193656,3525.912095765866,3549.829630304438,3601.8787432393465,3670.175681021481,3648.677234916615,3611.208301704765,3608.240436033153,3702.1256440615607,3737.2062012099263,3692.7102353277246,3666.220587749799,3584.4263490130425,3645.5403540414313,3673.69229453898,3711.4266381222624,3720.6236935829183,3766.8416843415866,3743.590963767329,3705.7530422021428,3659.541479168272,3609.6394230769233
852,699,Barrow County,county,GA,GA,"Atlanta-Sandy Springs-Alpharetta, GA",13,013,1030.2277817761717,1039.3703532648635,1042.6245216690734,1045.3618061998811,1045.6754323147438,1053.5961024994765,1057.0150213281831,1060.8169629475185,1068.2703609905725,1079.9800542776957,1087.388931419626,1087.6422268338717,1080.2635822337088,1086.0336256863918,1081.1223243149764,1087.684768927521,1088.3216195839773,1095.9155310971073,1109.09073122225,1118.0106094551275,1121.1823884936487,1125.1588735049675,1128.3115364692935,1145.9058769548903,1154.7203348641826,1151.0712632314346,1160.7016593989008,1156.9163753648143,1174.8605608628823,1187.5700681607507,1209.5892087769307,1221.674823770507,1214.1619732034412,1191.2946063331076,1189.8928774898936,1187.4560771691706,1197.1693901330673,1210.060722180515,1225.0743506681454,1243.5866468923439,1245.3947084469967,1258.2124907720251,1268.4512089006805,1270.3360736922834,1269.329806891535,1265.8775257211482,1267.6568532771844,1275.4755799473626,1274.7604441358376,1287.8790577081847,1288.048387170034,1319.2190173720426,1323.8745029476672,1338.8389771363284,1326.0108562563319,1329.361826235237,1326.3087985560146,1337.3126751129225,1348.0130078370964,1345.6335857146,1354.8009530628656,1348.8522151170305,1369.3098850658027,1382.3550490728255,1401.1346759942621,1409.1044039003782,1414.7431162098421,1436.880736422993,1453.1105219850124,1464.0828541598266,1460.3499201554546,1456.536305017786,1469.0163099416416,1483.239504539716,1503.946123447874,1528.510935839655,1575.9676931579293,1616.4258752725261,1631.180833715819,1655.8318312193835,1695.950835423707,1707.0155935023822,1706.9853516479297,1685.6297059507951,1730.0407393366334,1746.715954122265,1777.768206709394,1784.2499165002512,1792.2553955750764,1812.140515286131,1824.546806176079,1851.3743847440578,1865.959449193723,1879.1618247630236,1901.5669279883093,1917.8635298667812,1938.6285432333082,1928.5846737127167,1928.4945822937627,1911.0898900341429,1907.4550872798961,1900.3680253961827,1914.3242234289933,1923.5883264042682,1959.779645424076,1965.1635347426848,1981.2065534473388,1970.4515416895947,1998.3627867396901,2003.980807080877,2009.3128400566427,2007.395755456755,2031.969929327485,2031.5286590867972,2039.8289042122437,2038.9174060333996,2066.240597340162,2063.0685713705043,2043.5120150488633,2031.1980632659183,2023.922319877212,2053.373908592094,2063.961111111111
2853,700,Talladega County,county,AL,AL,"Talladega-Sylacauga, AL",01,121,,,,,,,,,,,,,,,,,,,,,,,,,,,,,,,,,,,,,,,,,,,,,,,,,,,,,,,,,,,,,,,,,,,,,,,,,,,,,,,,,,,,,,,,,,,,,,,,,1029.8945602992942,1035.73890782235,1043.273488288874,1053.8187365938024,1064.858151133678,1068.1829735924791,1073.9452581632443,1082.1031662511484,1115.2298762918638,1105.9884208883439,1103.8223296786136,1087.4387611879004,1101.4450496318043,1101.0320880814486,1108.2648253960206,1110.3613854368875,1110.2873322364176,1101.9827692179708,1106.9648997926354,1116.4632667285764,1139.349789186354,1147.0558790202524,1171.3423914441696,1162.4330924121439,1153.8623633004897,1146.1565466761801,1152.25
670,701,Payne County,county,OK,OK,"Stillwater, OK",40,119,,,,,,,,,,,,,,,,,,,,,,,,,,,,,,,,,,,,,,,,,,,,,,,,,,,,,,,,,,,,,,,,,,,,,,909.5673629173077,924.0385938979724,927.2689473969605,928.5941955366043,933.8623087493148,939.4092867414785,944.4657036930009,939.4297372850717,948.4989083097338,957.8458242338819,976.9251958843466,968.3649183284582,971.5090247229458,969.6743818574047,983.2794440442375,1010.3516276281529,1031.4080497555503,1031.3292162328557,1020.0757760389139,1024.4700380531174,1052.4309525614383,1056.569059340357,1072.2270445557474,1062.666671258157,1068.9048742098194,1065.945965733007,1072.820379622994,1077.521899596575,1089.2188761477785,1097.8117744235071,1103.1665639524442,1090.4478786900283,1096.2567676649976,1112.970559152743,1131.424339400876,1137.4803252048005,1152.0441587233772,1148.002479813307,1143.5963301451102,1136.0184559671397,1148.2033566106993,1165.99219893551,1162.0208681865422,1161.2460663467666,1154.1236542728357,1167.8062621252234,1189.2966486984487,1195.720198450316,1203.8771668595234,1201.7351504940636,1206.844669164629,1215.3972513907804,1217.847700254015,1236.6373360938578
2721,702,Henderson County,county,TX,TX,"Athens, TX",48,213,,,,,,,,,,,,,,,,,,,,,,,,,,,,,,,,,,,,,,,,,,,,,,,,,,,,,,,,,,,,,,,,,,,,,,,,,,,,,,,,,,,,,,,,,,,,,,,1402.7130012201822,1394.5127286368916,1389.6882052728647,1376.052230995374,1380.4226494844868,1392.9851618384596,1391.1424980369168,1403.2475428412315,1401.9913959133994,1429.860165136952,1427.0149673751516,1431.4594915184252,1414.7110067445906,1417.5645050068022,1452.9175131650309,1467.8641779245206,1478.6057733190587,1449.746964812406,1435.6929156884978,1433.473044254819,1444.322869402682,1465.9216209990113,1470.0597378862303,1450.537788803058,1460.8141406403809,1450.3656601125842,1478.8274667275634,1468.0329418824867,1481.9166666666667
3084,703,Bartholomew County,county,IN,IN,"Columbus, IN",18,005,,,,,,,,,,,,,,,,,,,,,,,,,,,,,,,,,,,,,,,,,944.6165595217974,943.5647481697032,944.1100862850404,939.4039892348943,934.9157845433397,937.417620391714,949.82584981091,952.9817953253498,950.0179187515905,951.3740908487779,961.6865047967982,958.6141371708219,960.186553699863,962.4285102135709,984.2955422763093,984.9509547055728,989.5280764561786,979.389945843921,972.3652248520078,960.3537738849295,961.5941603618908,966.1801877240333,967.7393334123536,965.6444840407215,970.911912876738,972.8573548044145,980.3270936632069,985.7585267955043,1003.801981561355,1007.6840461423888,1019.8741149149962,1016.2092224657672,1011.5807342374874,995.1474435506833,987.711446861018,979.211189122224,1008.187106732541,1027.7305373251636,1077.3417265848664,1090.6809653178684,1111.8703896619745,1088.8732593893608,1090.8924149921147,1100.1806121051607,1128.7568083922833,1123.9668361018996,1130.4586143738836,1137.4335453591304,1165.058392387091,1176.6781489945492,1185.018987750658,1177.7833021662955,1171.9576669105465,1179.7821719886879,1177.4928980349328,1181.8044815804906,1180.167499726719,1182.8699305144996,1191.027646640231,1197.3761210903724,1219.2202920127183,1217.2556270901634,1222.1540494122087,1229.3164897996048,1240.0295413925878,1240.331820620196,1236.0377601436214,1238.4254935536412,1246.7823399864747,1246.0868748909381,1239.4813849163081,1250.147512679641,1265.3860886397626,1297.3873117850424,1308.9832800566476,1304.6029831736357,1297.5515942876273,1282.2861755832137,1301.10500325993,1306.3020029214947,1315.9338990306348,1318.7684093026824,1317.3522727272727
1565,704,Bullitt County,county,KY,KY,"Louisville/Jefferson County, KY-IN",21,029,,,,,,,,,,,,,,,,,,,,,,,,,,,,,,,,,,,,,,,,,,,,,,,,,,,,,,,,,,,,,,,,,,,,,,,,,,,,,,,,,,,,,,,1320.6957635382437,1355.3861502747695,1389.2718241594396,1395.8857756454763,1413.758427470523,1397.098589252411,1417.6634994326664,,1426.274141467021,1436.0476410510162,1456.8485399343542,1444.1398628725485,1438.5271584764657,1448.065759836983,1491.6983549112927,1521.674278603311,1529.9636881967683,1492.9721965726606,1489.9638917651248,1489.1429718937827,1504.2529148261356,1515.9333867205805,1537.3431062773504,1537.7198981186125,1538.1300891067592,1555.5469523570507,1584.3472971438396,1588.7104134124686,1577.9468932914338,1566.3863421451294,1575.9581763702445,1587.3244343884382,1588.6794098678315,1617.8955040098256,1627.2385503039657,1631.4004458843017,1594.0095238095237
1643,705,Coryell County,county,TX,TX,"Killeen-Temple, TX",48,099,713.2742461662236,712.7315066112793,715.9804066828177,716.2549816099205,717.0390295225258,719.8823849689179,725.0187411827133,723.840471396945,726.388206082542,725.1245792055837,730.0003005522909,728.7712388145301,732.2218264664349,728.470867919201,729.4056427448933,728.011889999522,731.3898525601285,729.2622266329024,729.153274608476,730.3841603828989,733.106338277427,735.905126116758,735.142719501879,738.2587656914068,739.5156273727099,741.3274104883448,742.6442747594475,746.3523437811335,750.0477092857012,750.6453315665949,747.8374531597942,749.031982941163,751.6450068179347,755.6046452351924,753.9559521704354,753.7863114160142,750.294657167241,750.2282130755149,756.0275686304998,762.182704083754,766.8428486637595,767.4320813581593,769.552558958295,774.2470568369009,775.8047204251942,773.9677645505645,774.9247957672043,777.6263573969194,780.6768645902962,778.9221308913004,780.7899490665126,788.4127499660106,798.8101194642963,811.7505440270753,815.1890444767226,820.6964421158724,813.9248438185916,817.1833793585694,823.9263953067176,828.0250075393766,830.1938091338322,822.3381591667317,827.2169413791671,831.5994733488285,849.1620650081311,861.3366778227266,872.9973034403369,877.6860936514915,881.8446715136072,894.7612578704127,905.5980704542243,913.3690044094982,911.4802961335798,917.3980922931512,917.5811680582959,936.2705133121544,943.3618917225411,970.1179019785665,985.001469067795,987.4736980690911,988.3206062868514,1004.8316843715152,1033.2824027168733,1059.3995810909612,1067.6484629069207,1068.76768385408,1078.6275153846357,1094.2838014156825,1109.624471652379,1120.4061896426201,1113.8468475364587,1135.1590299206694,1136.8094850098703,1148.8356567358912,1134.5923557026306,1143.0053449908519,1135.6373295252122,1141.5579269124253,1142.1454312735955,1161.8658594206242,1183.0829122715008,1189.5070625314452,1196.4229674039173,1190.5131642553838,1184.9433083495173,1156.8038187244942,1160.0672980329077,1158.8189818798967,1174.6890641869215,1178.0219665251136,1184.7291954485493,1198.5735525052933,1193.4983211832698,1197.246706672013,1193.4033900936718,1182.3151230233123,1175.3256669362224,1168.9868553728936,1168.5724467813343,1174.6296088220781,1183.530376874072,1199.8136310614182,1203.9660261765523
3100,706,Leavenworth County,county,KS,KS,"Kansas City, MO-KS",20,103,,,,,,,,,,,,,,,,,,,,,,,,,,,,,,,,,,,,,,,,,,,,,,,,850.2688977178417,849.6030006314777,848.4242468006613,848.1387158710126,851.6773221152926,850.7351520351564,861.677803285687,866.6925322123856,865.0365299658051,853.9811873822978,846.2241422051915,847.7759521609562,853.0935878140198,860.7244202815768,864.4381568395243,871.713176208813,885.406510700703,887.2434897247549,884.980161678037,874.5095968361098,873.1808657340645,875.5000333775005,887.1418754186368,888.3078673935244,889.7744018083555,886.5240548726387,903.3098089997918,910.1070208436579,921.0642211743555,919.9370781896397,940.2302535020839,938.6233479758403,946.1657083405975,951.9411399454087,962.6628758073252,974.660753624853,962.7809793093288,964.2762438245541,953.3858022556925,969.8875014740385,999.8770939898376,1020.3443645072147,1025.9809008216762,1017.1128823159578,1028.3132128245272,1037.9821002522242,1039.380031294337,1040.6752285440682,1039.230694637614,1048.6539560864992,1051.372570827752,1054.5762423420035,1067.9000802981657,1076.5003717766306,1083.7479536980493,1096.7300549837619,1111.5755888094118,1121.3142403976337,1093.802712035365,1093.6902313031674,1100.7554452007034,1114.9880121349072,1114.7391062017703,1116.0808533934542,1131.9974392692345,1133.5859337138493,1141.001702200753,1146.2160056694377,1161.0836601006772,1172.9734273851361,1177.5535060115267,1188.2376447580752,1196.9916403369139,1200.928167338185,1202.4350953581572,1199.0
601,707,Lewis County,county,WA,WA,"Centralia, WA",53,041,,,,,,,,,,,,,,,,,,,,,,,,,,,,,,,,,,,,,,,,,,,,,,,,,,,,,,,,,,,,,,,,,,,,,,,,,,,,,,,,,,,,,,,,,,,,,,,,,,,,,1319.8942964531839,1297.081081864607,1298.576085555718,1283.8024491633666,1275.8496908096672,1282.435997544504,1311.2942510725768,1332.875765063707,1330.0327215584232,1337.5812053036316,1324.246716765493,1369.2157818073333,1369.7427338585956,1381.75080769402,1321.7555044517908,1320.677599931919,1336.4281957688113,1376.3311987102238,1377.15435651788,1411.524179769393,1426.5268760319263,1434.0322777719646,1396.2896825396826
2783,708,Manitowoc County,county,WI,WI,"Manitowoc, WI",55,071,,,,,,,,,,,,,,,,,,,,,,,,,,,,,,,,,,,,,,,,,,,,,,,,,,,,,,,,,,,,,,,,,,,,,,,,,,,,,,,,,,,,,,,,,,,,,,,,,,,,,,,,,,,,,,,,,983.4245882299547,991.5018109836913,1012.359627842663,1021.5409167844957,1052.5949902359148,1077.4785670840288,1064.405154004724,1052.3014362240629,994.5933502941966,1024.1027845948277,1015.4166666666666
3237,709,Cape Girardeau County,county,MO,MO,"Cape Girardeau, MO-IL",29,031,,,,,,,,,,,,,,,,,,,,,,,,,,,,,,,,,,,,,,,,,,,,,,,,,,,,,,,,,,,,,,,,,,,,,,,,,,,,,,,,,,,,,,,,,895.630444962998,897.3400077378566,,933.9700779872852,957.1762811259414,958.1251024788052,967.465792012772,961.8650630386646,944.522276475397,955.8350429556914,982.0546452008174,982.8397057206774,980.181119967049,962.1589399439529,977.4685224058809,988.3722437780682,989.3899743341415,993.860248157252,990.487208912346,1006.7218517600717,1010.5078438599836,1021.1270070931606,1013.0456426878985,1012.727995181427,999.6849804285016,1022.9009012122382,1027.7157618469216,1046.4787830485277,1057.0557674398317,1061.3473983881734,1052.4970915101856,1043.380648522585,1057.2757626294704,1079.5363563351766,1073.9289321789322
2902,711,Clearfield County,county,PA,PA,"DuBois, PA",42,033,,,,,,,,,,,,,,,,,,,,,,,,,,,,,,,,,,,,,,,,,,,,,,,,,,,,,,,,,,,,,,,,,,,,,,,,,,,,,,,,,,,,,,,,,,,,,,,,,,,,,,,,,,,,,,,,,,,,,,,,,1159.6317986437268,1131.4256075036935,1105.5555555555557
2065,712,Wagoner County,county,OK,OK,"Tulsa, OK",40,145,,,,,,,,,,,,,,,,,,,,,,,,,,,,,,,,,,,,,,,,,,,,,,,,,,,,,,,,,,,,,,,,,,,,,,,,,,,,,,,,,,,,,1454.5446028498548,1448.8708310352608,1458.384965410381,,1473.1342289563315,1484.4448066806008,1518.4832063040408,1544.2599168104723,1527.123593460719,1512.1671253759732,1477.5717604082433,1492.3375996806228,1515.27733404143,1518.0323847534612,1532.8177195476746,1532.5589577743385,1559.8927157795665,1566.5169138087272,1584.8806095608556,1595.8021290425445,1591.3443800285283,1592.7830026494908,1598.0774204153088,1599.469636435848,1607.1009294513547,1610.6575799714906,1626.853290715131,1635.2745371408128,1641.925828798166,1649.171111147335,1628.5633903479634,1629.6218299421344,1632.2081921093618,1660.4651748778365,1656.9632791279064,1669.7945703812832,1668.4727323456655,1679.8009676727072,1686.4166666666667
346,713,Yuba County,county,CA,CA,"Yuba City, CA",06,115,,,,,,,,,,,,,,,,,,,,,,,,,,,,,,,,,,,,,,,,,,,,,,,,,,,,,,,,,,,,,,,,,,,,,,,,,,,,,,,,,,,,,,,,,,,,,,,,1639.579839525355,1656.163381927162,1656.6682791987932,1618.029333688402,1618.721418195692,1659.7864306650422,1686.5301188935389,1690.6558082253382,1684.7473507953832,1697.8847383776829,1713.9580753943444,1690.002478496312,1694.6172688512477,1722.7370320548628,1747.0196404501553,1766.9297000265356,1736.8663332603207,1750.7889093864835,1745.971419758677,1758.0555395842298,1767.319135306908,1757.1132500867652,1766.3926667474925,1759.3677602359267,1776.2318036126667,1778.2355743706469,1776.0273904810117,1807.2777777777776
2766,714,Kosciusko County,county,IN,IN,"Warsaw, IN",18,085,,,,,,,,,,,,,,,,,,,,,,,,,,,,,,,,,,,,,,,,,,,,,,,,,,,,,,,,,,,,,,,,,,,,,,,,,,,,,,,,,,,,,,,,,,,,,,,,1029.8901332999014,1023.9455433893102,1071.5448497621833,1072.5465091484105,1091.6315830350409,1087.8803990208003,1095.4943770140726,1119.6756962655356,1132.5081585021035,1141.5950928321163,1113.7430499306724,1095.793672490162,1079.9595748805298,1080.0183342026053,1101.1097743154735,1116.96318706584,1119.1823434271212,1114.4844013099093,1105.5267651865693,1125.5655559661564,1161.834125204966,1172.8260506419779,1161.346710531888,1133.4082438934342,1149.6197001226517,1154.4021760286676,1154.5028350223265,1157.1944444444446
1566,716,Bulloch County,county,GA,GA,"Statesboro, GA",13,031,,,,,,,,,,,,,,,,,,,,,,,,,,,,,,,,,,,,,,,,,,,,,,,,,,,,,,,,,,,,,,,,,,,,,,,,,,,,,,,,,,,,1111.4831972656061,1098.5790156642338,1125.3125428292374,1131.5561892269009,1196.8482555840428,1205.5203675479909,1208.2505354788345,1185.7412285547314,1204.3824778486833,1239.5602429303317,1248.296970836906,1270.3545892574537,1274.512870358414,1310.2226428347037,1322.8173065638666,1332.6272669001366,1333.3922575771805,1322.244177581803,1324.1764547491334,1344.2830716091073,1358.2089794897386,1368.6430214410082,1350.7875945337144,1375.77190015322,1414.070292543812,1431.9157540919487,1440.385383407024,1426.6983193354038,1457.701354120813,1466.6571663681175,1481.852332980465,1476.169752551968,1485.2094483926041,1492.0728779523197,1488.4112258362798,1472.2604893006783,1503.2795884879636,1536.1037896029188,1575.736370913959,1570.0683229813665
2585,717,Umatilla County,county,OR,OR,"Hermiston-Pendleton, OR",41,059,,,,,,,,,,,,,,,,,,,,,,,,,,,,,,,,,,,,,,,,,,,,,,,,,,,,,,,,,,,,,,,,,,,,,,,,,,,,,,,,,,,,,,,,,,,,,,,,,,,,,,1166.676238101493,1222.9651724448968,1233.8682197962387,1234.9906583489,1229.4794450054167,1220.1101632679693,1219.9842830306393,1211.3460371141718,1221.6188688584325,1246.005818328164,1231.2813151017053,1256.4470660592776,1270.3413252240402,1328.8819860939032,1315.1355990548054,1344.4401824225927,1316.133973678722,1336.0984950325326,1297.9975743545049,1313.2094347326436,1299.8356151020082,1319.1944444444443
1941,718,Natrona County,county,WY,WY,"Casper, WY",56,025,,,,,,,,,,,,1091.213911887123,1088.6651596075712,1078.4524529071796,1084.9132499781633,1086.2619439728921,1074.9375306169961,1063.519539945501,1048.242263498829,1041.4892893394324,1033.8656933063955,1011.839797198795,999.5357990632948,997.2504288655218,995.2544429418957,999.4425725426313,1009.5663365799882,1017.4090202712482,1023.0129884926134,1015.2696425638709,1018.2203099730042,1010.4499586912356,1002.1501482207409,988.7355436214858,987.590514068972,984.0003523233986,987.7341297671124,978.055233523161,984.5090200288464,991.8338710198033,1013.8384552601551,1031.0388919527868,1047.006657293488,1044.0955238357994,1035.6897460861842,1027.0066720974605,1041.6782850416223,1047.265249625166,1051.8407533876878,1048.4307691388751,1056.8217955623459,1061.6724497490493,1072.8740084792585,1086.1242803768919,1096.539845876077,1104.3601073780933,1101.0427013648023,1068.7807509503436,1064.8464398972853,1079.7006755689604,1124.0267319970187,1127.338153446627,1121.693778991144,1113.5460493361293,1104.5742872845028,1097.4758404880924,1095.0649291978702,1105.8578503376,1106.550190515333,1084.8700931785163,1082.4792826753767,1083.8913764047422,1094.267954094937,1093.5134072200967,1091.8596906117082,1110.7352107045751,1127.2696090919915,1145.3750120474563,1168.4946029476473,1182.6255244841684,1188.8512479593498,1183.1055036727764,1174.2633463064526,1187.6699655206585,1191.2315532514046,1217.6675737999858,1216.876633171814,1236.856132358098,1237.3417431808866,1264.0476806968293,1267.7253424810726,1263.4646815648996,1252.8730464498249,1258.118510758528,1268.9977546440055,1251.923786157544,1241.4664408065269,1238.9933060824785,1269.2755498296126,1300.6455047002476,1330.1646083065689,1346.9419293499,1371.736786651238,1388.8119826855288,1387.8891829570464,1354.1700626285606,1319.6441629525668,1301.6377748478476,1301.790449986156,1327.3452296930056,1380.5720247725874,1410.882397542804,1428.5327880243724,1416.4357325462552,1444.6901945702803,1449.7969607816347,1433.7988455438774,1429.7675920213587,1411.2383608232942,1412.831674822113,1374.4705717465372,1367.3942341394227,1372.6138306138307
514,719,Floyd County,county,IN,IN,"Louisville/Jefferson County, KY-IN",18,043,,,,,,,,,,,,,,,,,,,,,,,,,,,,,,,,,,,,,,,,,,,,,,,,,,,,,,,,,,,,,,,,,,,,,,,,,,,,,,,,,,,,,,,,,,,,1028.5680804818244,,1023.9202710703576,1011.0081611558941,1026.1396438058207,1043.5966084328597,1032.2274213144435,1041.600183521464,1092.8830243065618,1134.2309967783715,1146.2147141576331,1110.2416229759167,1107.94664340881,1123.8258779954194,1126.796360740334,1134.583751336362,1150.6388357148398,1168.4986871378892,1161.2054533714986,1155.315575245676,1166.7577316516615,1208.7732988060247,1210.4131500293377,1225.5057147146251,1201.0930567460682,1199.982080355144,1182.0757669288469,1186.0733613757886,1209.80531192825,1196.0973908970122,1200.185536903621,1176.1000000000001
1345,721,Putnam County,county,TN,TN,"Cookeville, TN",47,141,,,,,,,,,,,,,,,,,,,,,,,,,,,,,,,,,,,,,,,,,,,,,,,,,,,,,,,,,,,,,,,,,,,,,,,,,,,,,,,,,1168.4953181787378,1200.2965721736475,1191.4224941368973,1205.163870883893,1211.3799793111766,1234.8546370430295,1248.6754842497887,1276.7871457520482,,1314.0001715288406,1305.316335818893,1305.6812603503965,1309.7797792687386,1354.1238768402063,1343.2023690484655,1352.4931420481935,1321.600860079264,1342.221681104729,1363.4173394363368,1383.8046257033243,1399.775367782328,1397.4705089703232,1406.46911348815,1406.1170184313207,1398.9378078314317,1383.2958826544666,1395.2152552739713,1418.549331858938,1438.6409788183234,1410.8863318804347,1383.2388573957946,1391.42588095135,1421.4692068974716,1454.552405289149,1463.9057859535185,1452.7253016132304,1446.8164967522284,1425.4181149089382,1411.037257807981,1418.2055922083637,1433.9837433994321,1472.3925021863581,1475.2083333333333
1628,722,Clinton County,county,MI,MI,"Lansing-East Lansing, MI",26,037,,,,,,,,,,,,,,,,,,,,,,,,,,,,,,,,,,,,,,,,,,,,,,,,,,,,,,,,,,,,,,,,,,,,,,,,,,,,,,,,,,,,,,,,,,,,,,,,,,,,,,,,,,,,,,,1525.8199140134388,1533.467578651706,1581.6484366609657,1616.7029801945862,1618.2482867194624,1604.8173401822412,1585.4470971445517,,1590.8652904061698,1553.7741741387435,1541.3613167971453,1568.9730195528396,1608.1666666666667
3243,723,Lynchburg City,county,VA,VA,"Lynchburg, VA",51,680,768.901875672809,765.3625923048082,770.3685960810262,775.0301269543551,779.4709331429896,775.8094272107701,778.5320875671778,774.9579948475234,787.4440976067559,786.0902704779595,803.325198841214,795.6889414488243,810.5257900878004,805.4769016341738,810.5418268099368,803.3103593520674,807.0691866305929,812.3695625383351,813.9067087010951,811.618768603633,811.8525999066898,810.2989300543514,812.8526246477509,812.9918129866796,813.8929025133115,811.2543280815387,815.9492178523519,826.5657832056245,838.1004358908106,838.3240648259479,836.7913850599784,832.8287661796012,834.5061689480347,832.2124820073411,836.7592192302419,835.5584552946991,836.3700005903034,835.5710057074843,842.7482583808518,857.0603303311076,864.0980596851064,864.7984829572194,853.026879972359,847.1194676334661,844.8337725059712,847.313206485069,852.437394877032,852.0910800169166,861.2415662515384,872.6354073408899,883.4516880420421,895.4935728807585,890.1379340402833,896.7352906677568,888.8743908779937,887.6800280560095,879.1710729880738,883.44613096805,885.6698906873954,900.279660579837,901.6986162046925,919.5164650405032,920.2007501847874,929.0208409552583,933.0752272599982,925.8234588669495,933.243452153978,934.5269018880871,953.0921430724502,949.498658783843,951.2605771752018,966.4252026064484,964.0941248404578,976.3921616357472,976.8444895356411,1000.8635109930409,1004.2734070797933,1015.1729350836883,1029.3042493496803,1031.5301031531008,1047.9462309482449,1055.9767891215702,1100.782029429426,1116.6472522913632,1126.514631660085,1119.9994672339533,1134.572538435695,1161.9554576734338,1208.9854110220754,1205.5861984643543,1217.3730020557616,1224.3897537507335,1252.1940069230882,1258.675299323134,1256.3937807155785,1261.2156844179412,1263.8278870353636,1241.7016714206882,1239.1396435510337,1260.9836232257026,1278.7926022630288,1280.158293606876,1269.0602612083724,1260.3644620085427,1266.658162604757,1265.0611883484662,1265.7310877918503,1269.7000639955816,1288.950715746482,1305.3412475069083,1317.2157541084646,1307.6193698773664,1305.331291531089,1286.5194541455874,1292.7206656144224,1298.7376027264058,1320.6091644651813,1314.4046169406154,1340.5520257497553,1343.911376879287,1350.9615150984685,1340.3372807991218,1340.076914098973
1495,724,Wilson County,county,NC,NC,"Wilson, NC",37,195,,,,,,,,,,,,,,,,,,,,,,,,,,,,,,,,,,,,,,,,,,,,,,,,,,,,,,,,,,,,,,,,,,,,,,,,,,,,,,,,,,,,,,,,,,,,,,,,,,,,,1145.604923865601,1161.5941975462842,1156.2511943710003,1162.8502373471297,1166.1538785399882,1167.8897154705971,1155.9044387279762,,1166.1247812208576,1188.821735025633,1209.4650906966042,1203.7439330533002,,1204.9450414815692,1248.206725938801,1243.9525381132657,1276.9408073244783,1261.141918323902,1261.3545340737446,1225.6057569714621,1211.6335567525366,1235.2979595663376,1248.75
1751,725,Hancock County,county,IN,IN,"Indianapolis-Carmel-Anderson, IN",18,059,,,,,,,,,,,,,,,,,,,,,,,,,,,,,,,,,,,,,,,,,,,,,,,,,,,1248.2264122486256,1258.677906961315,1260.9068523677033,1266.2625492898735,1265.7297714211513,1266.8970948113417,1280.682563257765,1267.3721122483994,1259.0373344018906,1228.1933179973466,1257.7512037060103,1272.0087118267304,1291.8119277676274,1282.554291394046,1300.2182161914777,1313.143376252705,1329.4860320477992,1332.6144711408626,1334.067561463678,1340.1706573796698,1343.4757224860411,1349.1647457862693,1359.5916673006886,1375.1732233675077,1380.1910308187362,1384.4012916579907,1404.2983191796059,1425.4597739854412,1429.967303877384,1428.5087981158758,1434.0240860254094,1443.1196408153828,1445.637231725509,1465.2454434540803,1475.9569252879871,1492.000255118082,1506.2662343891877,1528.8341766265396,1545.058171327806,1558.9780030455684,1566.6415163902755,1582.8944946048935,1602.4594196603898,1614.0290164422213,1617.722451356414,1581.6639902482902,1582.3382937121576,1573.082198606237,1600.8652835305147,1608.4650722664694,1635.4646852875119,1649.0887428592682,1661.1948755845726,1655.835330327784,1641.8309186037918,1630.9840585817744,1627.892283365691,1644.42216343578,1680.848043593321,1696.0193518412457,1721.9449188361261,1717.484967358486,1730.5699862915344,1723.1894992018192,1731.456472457412,1744.1588639944637,1739.7267523373864,1739.767830208096,1720.821315444896,1716.9990969434134,1706.8992756787513,1738.7510870292522,1779.1162758809817
932,726,Chelan County,county,WA,WA,"Wenatchee, WA",53,007,,,,,,,,,,,,,,,,,,,,,,,,,,,,,,,,,,,,,,,,,,,,,,,,,,,,,,,,,,,,,,,,,,,,,,,,,,,,1392.3196839056882,1419.455653827127,1449.387197694798,1483.436560749591,1520.557298423946,1523.605401422599,1545.266353531934,1539.7582692168219,1548.633444880989,1559.5859322843066,1581.9713252394347,1608.4300601652942,1628.304035139419,1644.3967190657222,1664.9814892719974,1674.9096930593598,1693.262701645561,1681.5087019583766,1658.6997681504404,1645.8421562267913,1647.9686103690979,1676.9319298995222,1680.1167086682508,1678.2390235108276,1662.934914582213,1654.0119214864396,1663.8418284964227,1676.8406112120651,1691.7471862396633,1686.143391464424,1697.734397747024,1675.5532018258987,1689.7657966033732,1677.168964152482,1708.1832010766982,1704.1939645891764,1706.8467293258598,1721.232081879942,1747.806739392631,1768.9193202363108,1772.4998272418336,1777.0063039706206,1782.9936550267169,1777.5675192438523,1765.331079056031,1761.0813121126935,1765.8917739870299,1755.8819444444443
2567,727,Sullivan County,county,NY,NY,,36,105,,,,,,,,,,,,,,,,,,,,,,,,,,,,,,,,,,,,,,,,,,,,,,,,,,,,,,,,,,,,,,,,,,,,,,,,,,,,,,,,,,,,,,,,,,,,,,,,,,,,1507.1159657813594,1506.6115362209632,1508.7861857602118,1523.188149927912,1596.5488971111547,1595.0840688573098,1571.1228300840555,1515.233183853682,1513.5109188658557,1517.3123782372816,1540.0010334707779,1563.1666268215274,1677.6657966393684,1672.9787086782148,1704.9834626896425,1655.1516749736431,1719.714582344546,1765.5485759152016,1766.3148596632388,1792.0763345580192,1749.472068352951,1745.2957967988414,1720.4477899453632,1706.9444444444443
1276,728,Oconee County,county,SC,SC,"Seneca, SC",45,073,,,,,,,,,,,,,,,,,,,,,,,,,,,,,,,,,,,,,,,,,,,,,,,,,,,,,,,,,,,,,,,,,,,,,,,,,,,,,,,,,,,,,,,,,,,,,,1192.3675764348188,1153.5457066367564,1149.0305694733102,1177.4679626213326,1208.7606509328523,1226.2772260483969,1239.661227747077,1237.8264520178202,1263.1077855673243,1251.9494199114097,1261.6768025812316,1236.1749893399913,1232.8280592787369,1249.2187435628812,1274.2848590478793,1280.1792731053438,1277.3291083962345,1296.5440574387544,1317.280853696328,1356.7875365281882,1348.8742123311358,1371.467960993187,1336.9944041533324,1343.1915277091105,1359.2835502440835,1362.6548528351743,1351.661399230109,1339.9328572404527,1322.1190785667009,1362.5555555555557
2942,729,James City County,county,VA,VA,"Virginia Beach-Norfolk-Newport News, VA-NC",51,095,1351.7305778892567,1339.756300201779,1343.1928570568448,1357.7931181779998,1368.5840225211768,1369.4592745615691,1373.8717133262112,1373.2870450050057,1373.7304484865901,1369.9755359318979,1365.2088383177888,1362.8404056548388,1353.358705542859,1358.2079355559906,1353.9650522675922,1366.6740965295228,1371.406569063235,1386.3734493727043,1397.42656582389,1398.831766429001,1394.5764647679102,1378.4820520591788,1369.553673117463,1377.7935200784086,1384.4889878577505,1393.8849312767322,1387.1257618123886,1394.966093244382,1404.2350715769446,1417.8956498726293,1422.417613332604,1423.1668179404937,1418.9891997268942,1403.2572587606508,1392.5164059141428,1400.9351842166723,1428.1306847297508,1449.49602600501,1448.537752383503,1444.7338964690553,1444.1647003662963,1446.333901979064,1443.3253139267379,1444.972266404893,1435.8147441817705,1437.5212985503115,1423.9190687912705,1442.876190584279,1450.6660140273952,1463.650826679615,1466.2871103167145,1476.7009145246147,1491.659141381501,1497.9829017622442,1488.742989194201,1488.2658424285905,1482.8564627791106,1499.1798560294737,1490.366602191634,1508.7144004822794,1504.1135748561378,1524.195982068598,1512.9510708752684,1511.3802801458685,1510.0342750983189,1515.6345372109788,1525.1248757293822,1534.7299123930297,1547.514636172076,1552.788436372583,1567.7279592860496,1570.3365037986782,1572.5258092556833,1554.9754511645651,1560.3500994639337,1585.770464260592,1601.3062619540726,1628.662518471769,1659.8708902842334,1720.760094133706,1750.1012632673726,1775.370849206259,1763.6350797754199,1759.6252691039451,1745.756946538113,1777.8659520130134,1798.5846109447853,1829.4438617688106,1851.0547831100864,1879.2356682291863,1906.3017583820872,1923.0671105332192,1891.97478960975,1904.421081168525,1890.304589292788,1931.8773983892618,1912.0078142217799,1923.9913790825967,1944.2855956382216,1969.658591913117,1998.5119925969163,2020.213003315153,2047.1521242237463,2060.44834721835,2062.765074411873,2073.341144725764,2053.1591099484,2050.1785837908533,2031.3800444737533,2053.180118481225,2079.7174556061113,2103.9320306376812,2120.1288567229276,2126.0069184423974,2139.280675597835,2130.0319049067225,2123.0957975956876,2139.7659141337454,2145.3212952304466,2181.937161510876,2177.6873946008677,2198.8179670246464,2198.4366883116886
1710,730,Forrest County,county,MS,MS,"Hattiesburg, MS",28,035,,,,,,,,,,,,,,,,,,,,,,,,,,,,,,,,,,,,,,,,,,,,,,,,,,,,,,,,,,,,,,,,,,,,,,,,,,,,,,,,,,,,,904.4634533728673,917.3179531104669,927.311470525807,926.8278649622667,925.2057125513031,946.1750253980919,954.8945736913042,988.1143803486085,964.1991735005611,1003.1125878395887,1012.0885964451084,1045.196216293432,1019.8737401462243,1018.1403776297753,993.1308334560388,994.4656046354218,962.2723539444638,989.1575461981487,993.3076892682896,1011.3694267099182,974.8768455078026,983.8287360704315,1004.3644557991888,1054.2839376359484,1054.7725751158894,1061.579256712798,1064.0708031009158,1066.9066322762833,1052.234663027853,1053.985172216872,1045.7563690388686,1057.752773314633,1053.702638783627,1057.5943566409126,1072.9864648809325,1069.3623446889026,1086.5709109844588,1084.4986242724563,1086.5833333333333
137,731,Cole County,county,MO,MO,"Jefferson City, MO",29,051,,,,,,,,,,,,,,,,,,,,,,,,,,,,,,,,,,,,,,,,,,,,,,,,,,,,,,,,,,,,,,,,,,,,,,,,,,,,,,,,,,,,,,,,,,,,,,,,,,,723.6673974415593,725.8973868278661,745.1469917533764,734.783980341361,738.4558192285953,735.6693670713443,736.1640124632803,748.940602818182,748.2385220414174,753.0439319755724,751.0406333310362,745.136786366916,748.8185113043969,759.8157837266584,796.359297251976,810.8028728764397,837.38534654219,827.8755036803161,824.7770194069614,810.3066462800659,811.8358998709774,820.0209892127432,822.9454200113398,819.952926401118,825.7777777777777
1619,736,Clallam County,county,WA,WA,"Port Angeles, WA",53,009,,,,,,,,,,,,,,,,,,,,,,,,,,,,,,,,,,,,,,,,,,,,,,,,,,,,,,,,,,,,,,,,,,,,,,,,,,,,,,,,,,,,,,,,,,,,,,,,,,,,,,,,,,,,,,,,,,,,,,,,,,,2122.9
2123,737,Anderson County,county,TN,TN,"Knoxville, TN",47,001,,,,,,,,,,,,,,,,,,,,,,,,,,,,,,,,,,,,,,,,,,,,,,,,,,,,,,,,,,,,,,,,,,,,,,,,,,,,,,,,,,,,,,,,,,,,,,,,,,,1376.0226157487527,1345.7385822104243,,1429.558963101479,1482.19654950396,1517.7567674733452,1507.5473963839067,1525.054601542798,1478.2241789654277,1470.2432133158804,1455.1636008599987,1477.8382518263593,1538.412203826892,1554.5527140889512,1597.2991493263773,1543.819662676568,1538.7360731792946,1569.186953743085,1572.7931519504464,1607.188434312196,1574.559976987812,1606.164514400716,1583.5902392309067,1646.560832641193,1663.0333333333335
929,738,Cayuga County,county,NY,NY,"Auburn, NY",36,011,,,,,,,,,,,,,,,,,,,,,,,,,,,,,,,,,,,,,,,,,,,,,,,,,,,,,,,,,,,,,,,,,,,,,,,,,,,,,,,,,,,,,,,,,,,,,,,,,,,,,,,,,,,,,,,,,,,,,,1439.4015235882594,1435.036777514898,1442.3018630291663,1434.110459993691,1414.4033344974778,1366.111111111111
1466,739,Walker County,county,TX,TX,"Huntsville, TX",48,471,,,,,,,,,,,,,,,,,,,,,,,,,,,,,,,,,,,,,,,,,,,,,,,,,,,,,,,,,,,,,,,,,,,,,,,,,,,,,,,,,,,,,,,,,,,,,,,1226.01895060719,1224.1704036239623,1197.548097150749,1208.6946861384652,1237.9002921946096,1246.870188745756,1261.194003899439,1249.0152300052362,1255.5964151846636,1252.7764102746075,1248.5508010867222,1253.0204739074788,1249.6540865644788,1249.899369754937,1262.3233016140396,1281.8797117749068,1274.7670613094576,1262.7689177613552,1283.6078152420541,1307.3522908672367,1325.0216546051472,1299.2234034146204,1299.699727151201,1317.9174633863609,1345.1289481278743,1344.0086536358308,1369.6807239302173,1372.8471806588793,1391.0277777777776
2195,740,Cheshire County,county,NH,NH,"Keene, NH",33,005,,,,,,,,,,,,,,,,,,,,,,,,,,,,,,,,,,,,,,,,,,,,,,,,,,,,,,,,,,,,,,,,,,,,,,,,,,,,,,,,,,,,,1489.6150643323037,1481.1697950799153,1488.0706674615444,1525.7211495677368,1546.628773136675,1570.638072524955,1554.784409972119,1567.621843897889,1584.306942605673,1594.7071898708252,1591.6137324564659,1581.68548319009,1597.2514827622701,1615.563364580629,1625.168473850204,1631.9276979617084,1620.8361660928324,1633.9026494511768,1673.0651525321405,1675.6311442136239,1680.32041498682,1661.6986580048092,1697.3634062621604,1702.3165366642124,1673.9429629520464,1698.1180557797436,1710.0133996519949,1767.568106467347,1767.179221308872,1756.3555620595657,1751.1383032952795,1757.8267308025868,1774.8436348645293,1767.2176190220093,1757.771761899891,1744.4152953713751,1783.2354821849467,1755.503226762508,1776.1111111111113
2586,742,Valencia County,county,NM,NM,"Albuquerque, NM",35,061,,,,,,,,,,,,,,,,,,,,,,,,,,,,,,,,,,,,,,,,,,,,,,,,,,,,,,,,,,,,,,,,,,,,,,,,,,,,,,,,,,,,,,,,,,,1157.9876126270253,1148.5759006230267,1158.3505329434122,1197.8858678667164,1203.0690119215046,,1163.2567525851075,1136.8543378579354,1161.374529282404,1161.0994777916521,1199.692823419989,1216.0987505513835,1224.587245151931,1238.8369845337268,1250.7180737298422,1268.5988605457005,1243.3799732365549,1247.3652609988333,1231.6059143635312,1252.9616163036321,1242.7312895753585,1272.298439869799,1274.580801505077,1279.8687161130142,1276.0240691733236,1273.4287793369206,1269.9513804998635,1280.5350426406462,1282.9533356304564,,,1440.1142764082833,
2860,744,Van Buren County,county,MI,MI,,26,159,,,,,,,,,,,,,,,,,,,,,,,,,,,,,,,,,,,,,,,,,,,,,,,,,,,,,,,,,,,,,,,,,,,,,,,,,,,,,,,,,,,,,,,,,,,,,,,,,,,,,,,,,,,,,,,,,,,,,,,,,,,1673.75
1755,745,Hancock County,county,OH,OH,"Findlay, OH",39,063,,,,,,,,,,,,,,,,,,,,,,,,,,,,,,,,,,,,,,,,,,,,,,,,,,,,,,,,,,,,,,,,,,,,,,,,,,,,,,,,,,,,,,,,,,,1132.7815411147644,1107.659159868766,1110.4335873361129,1104.1107347990817,1096.2728249003255,1089.4850507236447,1104.1286501310124,1093.426765697122,1104.441392670908,1107.5343320094064,1118.6505900956497,1126.6448221001538,1121.7677974806707,1148.1791169125756,1167.1780312757517,1187.007335284288,1178.6699777663966,1174.4191237822786,1178.1624172039299,1194.7309908797608,1185.764813689778,1193.596524887945,1212.0495180067837,1226.3048130928423,1299.3015811305625,1315.651155173141,1336.913278438815,1282.476809584534,1288.5199698605143,1278.0253660269505,1290.655314582476,1285.9057030399224,1316.7777777777776
1609,746,Chatham County,county,NC,NC,"Durham-Chapel Hill, NC",37,037,,,,,,,,,,,,,,,,,,,,,,,,,,,,,,,,,,,,,,,,,,,,,,,,,,,,,,,,,,,,,,,,,,,,,,,,,,,,,,,,,,,,,,1761.6312992236785,1804.582002003888,1856.892255195066,1903.5301800802988,1952.399718450866,1964.915371420393,1980.3866741881875,,1897.427833965703,1845.8540875654421,1840.4000549359384,1846.0926644173755,1905.5036114892487,1944.3109554626315,1996.4529269694513,2010.6915710797778,2037.8253067970686,2066.171383175862,2088.261825663001,2098.1746525306144,2093.659790170795,2050.5493167803043,2002.7665332483962,1989.7845941808607,2013.7678964433223,2034.4273567486166,2046.270348140397,2049.518912330397,2071.926169601859,2101.713274242648,2130.0126307995884,2104.526387368442,2075.858195942625,2090.876095254972,2152.619034964763,2134.8242472952556,2126.1106035560983,2099.875
2865,747,Vermilion County,county,IL,IL,"Danville, IL",17,183,,,,,,,,,,,,,,,,,,,,,,,,,,,,,,,,,,,,,,,,,,,,,,,,,,,,,,,,,,,,,,,,,,,,,,,,,,,,,,,,,,,,,,,,,,,693.381289859937,669.7103162496371,670.3544480474636,664.0484322359264,658.1163652621983,662.5761782244588,664.5031437419848,663.9782376942575,677.1233284672389,688.6465079081862,711.9354545695255,713.8469431151254,717.2770199127757,716.3840274767223,712.5363033202065,717.0104601111802,720.686691123811,721.7034305988218,722.6660214131024,723.8924810419967,747.4866686790265,818.8446508969242,867.1638187341572,899.1830049405633,857.3331023493814,841.1341244716389,820.0107911178131,811.9526997440192,801.842370620577,802.3224001967573,797.2989961789551,813.6933826998885,818.6300505050505
1990,748,Raleigh County,county,WV,WV,"Beckley, WV",54,081,,,,,,,,,,,,,,,,,,,,,,,,,,,,,,,,,,,,,,,,,,,,,,,,,,,,,,,,,,,,,,,,,,,,,,,,,,,,,,,,,,,,,,,,,,,,,,,,,,,,,,,,,,,,,,,,,,,,,,1071.440661783842,1078.1161998038772,1096.1020480365858,1165.411100963352,1198.158174377461,1188.611111111111
3163,749,Grays Harbor County,county,WA,WA,"Aberdeen, WA",53,027,,,,,,,,,,,,,,,,,,,,,,,,,,,,,,,,,,,,,,,,,,,,,,,,,,,,,,,,,,,,,,,,,,,,,,,,,,,,,,,,,,,,,,,,,,1178.121758803655,1179.0503184899883,1200.2155623843091,1203.149887467445,1207.9011632461068,1223.1843226751205,1229.3155457891357,1243.1703614095811,1262.8299137862216,1268.090364607919,1245.958972941753,1232.4419970210588,1237.574168605648,1252.3480118383948,1262.978162238345,1276.2230865515276,1294.6644090618295,1285.3425520666312,1274.316787359179,1265.0330245881732,1274.8709664571834,1316.8238019335176,1322.003235411058,1320.9703363496317,1304.430680037225,1306.6647349468585,1300.2071779939668,1319.824450524708,1337.4180030281725,1346.9604976070939,1324.8675260656923,1320.8446709956415,1313.4392732476479,1339.8095238095239
337,753,Wood County,county,WI,WI,"Wisconsin Rapids-Marshfield, WI",55,141,,,,,,,,,,,,,,,,,,,,,,,,,,,,,,,,,,,,,,,,,,,,,,,,,,,,,,,,,,,,,,,,,,,,,,,,,,,,,,,,,,,,,,,,,,,,,,,,,,,,,,,,,,,,,,,,,,,,,,,,,,1137.077441260458,1160.0
1795,754,Jackson County,county,GA,GA,"Jefferson, GA",13,157,,,,,,,,,,,,,,,,,,,,,,,,,,,,,,,,,,,,,,,,,,,,,,,,,,,,,,,,,,,,,,,,,,,,,,,,,,,,,,,,,,,,,,,1719.4776860633556,1739.6506740622706,1797.909778599672,1847.1155711628915,1857.814930801666,1853.4392985219736,1843.2500434324468,1839.5662181123128,1866.3091121322418,1908.9654940452285,1943.933147086269,1948.782374727585,1930.5736595178419,1909.5740997869107,1910.529553135932,1924.998918619533,1956.0964042087335,1946.1496768359852,1921.891446312467,1901.6835763680222,1896.0694733488551,1917.902982296036,1948.1262444674492,1971.2944389399959,1987.9926369700336,1992.7590368410058,1999.3678869034645,1996.219638247476,1995.4697335747173,1995.9540866628674,1988.815181440117,1971.5230492951007,1979.3719721478722,1969.3532549192691,1965.939755013808,1968.7870373216535,2001.0353535353536
1149,755,Lonoke County,county,AR,AR,"Little Rock-North Little Rock-Conway, AR",05,085,,,,,,,,,,,,,,,,,,,,,,,,915.2770906243529,918.9413349100756,908.962061648022,894.2971390620452,907.435230205292,909.8470735164296,917.6499975878519,912.11618026021,916.0089560539338,915.4759151743175,908.8490152881501,897.9667312356755,892.9061636551086,896.4154227316709,903.8442349815527,908.9265843334133,914.2287782383562,915.6547863182683,918.9617176745465,913.4431796024471,914.1251049810418,916.5708832918273,920.2701092293368,921.9290064190268,925.4986709435415,921.1874963650471,930.922386950036,932.8776963951982,942.6808772008745,940.4245186805289,940.4178828925959,947.1575902548532,957.2465500323519,964.8061600391817,964.260236202548,962.5231198409812,960.8027690114485,969.2912878345727,967.2424936357952,966.98444426314,957.4468719636858,961.6062042639271,965.7646994768443,971.7003028021046,,978.920074834146,986.0828431773881,988.8456995804452,1000.0612723975999,1012.7752260003996,1034.0554338923812,1041.0901395846129,1040.4091259667641,1041.0869473139367,1050.5740704763223,1072.6599422433062,1093.4051211756516,1107.5856883853119,1105.456175493161,1120.6617586486109,1150.514502258815,1161.891045088068,1169.957994278147,1141.517086443075,1145.453952398954,1138.105677688409,1171.8399963339043,1200.117613916363,1209.5506384312564,1208.161839284874,1197.614737568941,1202.8594600705217,1202.8771954146014,1222.0942450794346,1249.1436294440146,1263.3058643607899,1256.2918556308155,1246.9313891335203,1236.520337000524,1244.4652150830918,1250.601496050572,1249.3531029799246,1243.711179972609,1249.2397163340859,1255.9962893376319,1271.4528497181182,1284.8737944045615,1295.898125595302,1301.3377142854783,1303.2120925739666,1308.675590220005,1308.1789309729495,1306.4422502929444,1306.3966535417273,1300.8033718379374,1294.3207042584797,1283.8341526494082,1318.9196157742078,1320.3365549046628,1347.0370370370372
2953,756,Lauderdale County,county,MS,MS,"Meridian, MS",28,075,,,,,,,,,,,,,,,,,,,,,,,,,,,,,,,,,,,,,,,,,,,,,,,,,,,,,,,,,,,,,,,,,,,,,,,,,,,,,,,,,,,,,,,,,,,,,,,,,,,,,,,,,,,,,,,,1302.738380183557,1274.6096607791148,1237.2119010655294,1239.0651490716523,1260.545395100644,1279.1509463879581,1297.332907969735,1284.0883980395997,1313.3729975133867,1369.4972515877334,1436.634216922193,1461.5333333333335
1468,757,Walton County,county,FL,FL,"Crestview-Fort Walton Beach-Destin, FL",12,131,1039.2885924309787,1020.148255503654,1036.810258238415,1062.3697549160202,1089.0540184240099,1096.2598690050875,1100.7174809359653,1112.7527056976153,1103.5332352962353,1089.0465202719795,1080.3799474744212,1061.2169233435159,1081.5919448811999,1110.2272009395851,,1135.28977574443,1108.5318615193328,1111.2379139696268,1134.7258432608166,1155.7234275482288,1155.1987682565675,1146.9257813682898,1143.1266966528553,1135.5483540965597,1146.2402327488946,1161.4815525423046,1190.0270033404902,1197.7496422737763,1209.6704533743882,1218.5618584890972,1222.0335210226424,1227.4757279765774,1220.0639982649855,1215.2180490170472,1218.9364598718616,1216.7488043078035,1215.4509362595861,1213.3128818725693,1226.1075630700977,1247.0281807437789,1273.2119393474775,1291.0263042141303,1312.2235261275714,1308.0134033309246,1290.572719300954,1301.9013555055833,1319.5055489497856,1362.4109034413161,1369.9795761904102,1382.0310937552547,1379.7628782415793,1418.846745955212,1443.1004434376896,1457.7231181566613,1438.1514516088846,1422.3083313144273,1417.1791506393654,1388.8948324819605,1353.3384474335992,1343.2403991978965,1368.086757070437,1416.8697093379403,1448.4097204752175,1440.7532614374225,1400.2584938143946,1419.4729634158825,1471.3371659989746,1519.0496430470553,1502.4579405989932,1474.1134715332773,1456.41764002498,1443.1867082288634,1469.565451310951,1549.2049026771617,1633.0914693727907,1723.2077347396992,1782.894069503224,1858.9030733776185,1936.9802589182923,1987.050054250993,1986.9162295976178,1922.9289376885727,1907.3613443316253,1912.1172976108585,1964.931147643726,1984.9280928332137,2038.08980166723,2056.7357807709727,2059.412191888217,2063.9904498698124,2082.3764059716073,2101.636447811611,2088.59337472382,2024.9760019816042,1967.0039538069082,1908.2280457707043,1902.2867483549562,1926.8819577129384,1981.9138186626847,2013.4778383945131,2036.853420907154,2061.8574726404977,2055.046602416986,2044.93423294894,2019.558066441997,1990.9195657682717,1990.3656598837304,1940.438095712556,1946.8432911799146,1937.267572873703,1988.1258763357453,2023.0728611493744,2034.9842822888068,2030.9148643773635,2034.6119948031821,2032.2046826544336,2016.7883606527869,1991.3941559397392,1952.695756883091,1942.676937649684,1958.1273167815673,2006.5389760994442,2030.0731182795698
578,758,Kauai County,county,HI,HI,"Kapaa, HI",15,007,,,,,,,,,,,,,,,,,,,,,,,,,,,,,,,,,,,,,,,,,,,,,,,,,,,,,,,,,,,,,,,,,,,,,,,,,,,,,,,,,,,,,,,,,,,,,,,,,,,,,,,,,,,,,,,,,,,,,,,,,,4810.68623656916,4775.0
1338,759,Putnam County,county,FL,FL,"Palatka, FL",12,107,,,,,,,,,,,,,,,,,,,,,,,,,,,,,,,,,,,,,,,,,,,,,,,,,,,,,,,,,,,,,,,,,,,,,,,,,,,,,,,,,,,,,,,,,,,,,,,,,,,,,1329.5027653251293,1290.8240107022602,,1317.2062817882772,1327.9093018296346,1323.785998633951,1348.1277030114009,1345.9109623726538,1389.3211042456267,1358.9352667126905,1306.1525128411772,1286.9438432345808,1311.3520900418605,1363.411589927298,1367.9046865618423,1354.4858765267081,1371.4612811043141,1392.780794162702,1463.103991971507,1496.2849037573446,1491.0145769818077,1450.9578175821946,1407.0
3093,760,Grand Forks County,county,ND,ND,"Grand Forks, ND-MN",38,035,,,,,,,,,,,,,,,,,,,,,,,,,,,,,,,,,,,,,948.468015861772,946.8374631944754,940.0794240063511,943.1931923673558,940.9353151320662,938.3125723293086,938.0897241551909,934.9222033576924,933.2302495466818,,919.300195382929,912.181037240064,917.5551259872335,925.883847951973,944.6700915638993,954.6784081014083,961.1378858654712,958.0699312085161,950.4684744695047,939.8779307401054,936.7977038100169,945.4533952727198,949.687748743592,959.6823681379167,963.7476471297066,973.4493887741226,974.8724783115457,972.6723836119467,976.5132988013349,972.9166042099832,967.0814210170818,970.4407488705838,978.3897773077975,985.1177713801169,969.9085362119365,961.7457766697179,967.0233193470523,981.492636921696,989.764359993377,989.8257155081775,995.6523460568206,998.1188116712489,1000.792816490784,1007.3159044983357,1007.35617906343,1007.357482009545,1007.5959007533573,1007.8290775029562,1004.7872675961785,1008.8959769907012,1016.5938860135775,1030.8678283099275,1035.5447846966233,1043.3209791060924,1051.5395279301495,1061.4571921751237,1061.288457988034,1063.8940745024258,1054.9047375434973,1060.2660468334695,1056.0194784515088,1064.9318363843047,1070.3578239028932,1076.7740054199592,1083.166272374056,1090.9001647048979,1104.3331503277916,1110.1892649295673,1111.6893264725259,1103.6608757550741,1103.577064978651,1092.809719570035,1101.6744589842808,1109.0245372875277,1134.714060342163,1146.183022439486,1153.198799630767,1163.120483059919,1174.4317872043277,1189.4975245163077,1186.6332839811903,1177.7504606662528,1179.8511799812597,1185.2094583042706,1195.1420199838979,1207.9921230903537,1230.1893589743588
695,763,Riley County,county,KS,KS,"Manhattan, KS",20,161,799.0012728773534,809.4204427777668,810.3496411777422,804.346899507565,797.7107398999799,797.9943888819628,800.4649668717049,803.3352060585171,799.7957212010316,795.6607088325627,784.4120373104844,785.1443999027224,790.592394158011,803.1059523804814,799.8346524501527,799.2769224332674,790.9380093549078,795.9553681723171,797.0809404955752,803.3501332100354,798.4633289791248,786.1499363043491,780.3603774847427,775.5155945459469,790.2292462245142,799.734402543411,813.86090878246,807.713887046285,802.5582553395056,792.638013336094,794.9544080565838,791.6583289894046,787.4098797003899,781.5051456197165,781.824033788309,798.3558071872653,806.8866683448863,816.9462372436408,811.4599427313143,808.1154342191921,800.8696893275132,802.9432221362075,796.8727005241144,792.0175296025504,780.3379595549445,785.9394437958309,800.1160102830409,815.3102552773832,819.4324723694976,817.7617676354099,811.6096403773748,805.1129766923134,795.1607373425973,794.4148085519371,792.5215457753914,786.9576770978458,777.7163864315276,773.4078926631862,790.0412307981366,803.1435096507325,815.3136385835087,810.5532850392651,810.4388040533888,803.9687204151257,802.4127457107817,794.8982718541058,792.685883836291,782.1019556162788,783.6524371894438,790.7907129523597,805.3098725027045,813.2996621337002,817.6690380223594,820.8919688857225,824.7334724083905,826.4161114384176,821.7358715731052,820.1426182326637,811.0680963086438,815.5970244193668,814.1080353142899,822.2637531327165,827.4363489377876,840.0019172436628,850.1647437074746,855.6539790815191,855.9873190675145,857.4205167275712,857.8009501404913,854.9321783634349,855.6826868361543,863.5156820346083,871.3617207543624,874.7071351294071,872.0488687371484,876.0799873807501,878.5856941331367,877.3721620868503,875.5472301849279,877.2882443299213,883.8379083061159,887.4448941974019,888.6214940799481,882.9136809734265,887.4003882456383,899.3724185729986,916.4791988581206,920.915458645466,922.5500019834078,917.3523704651963,918.5180819212803,919.9762405018564,923.8702862470628,929.8346165833865,939.7823907847461,952.3789763064509,959.557599983219,953.5799697977948,957.2067351072269,956.658145465846,967.7707146684572,963.4970134747043,965.5940419229893
2261,764,Fauquier County,county,VA,VA,"Washington-Arlington-Alexandria, DC-VA-MD-WV",51,061,,,,,,,,,,,,,,,,,,,,,,,,,,,,,,,,,,,,,,,,,,,,,,,,,,,,,,,,,,,,,,,,,,,,,,,,,,,,,,,,,,,,,,,,,,,,,,,,,,,,,,,,,,,,,,,,,,,,,,,,,2258.8940834111095,2281.5283636123463,2301.1111111111113
2658,765,Christian County,county,KY,KY,"Clarksville, TN-KY",21,047,,,,,,,,,,,,,,,,,698.9451687698996,695.827459702627,697.5601246419627,688.319907772704,689.6327744195231,696.295339819738,702.4790170275008,697.6968427778614,692.073665490918,692.5603540115923,700.9737863321224,708.7882848606623,706.417229526987,707.5550183182846,707.8352570768817,713.2883278794601,709.532738073401,707.8854249332405,701.8298514604779,708.261385863408,713.3334239952607,724.1328761179573,726.5279618782793,729.7284678290316,733.2325387826376,737.2752144920651,738.5000642649154,737.167641839462,730.7239434744461,731.3447511444684,727.6627292991926,731.556681776723,730.7075748316308,740.3014316516468,751.6472981363767,758.3838274800491,759.0059285584193,764.5748242479898,773.7791264402839,786.1513519650518,786.4322856234713,785.4925327966907,783.6156809592369,788.1279067139251,794.0335200862712,804.205295344268,801.8461758039131,809.3063355041675,808.1085533122515,825.7049995711659,837.7035725650585,851.1289818971161,853.3622986791273,843.2377543876095,835.1660645044112,852.5221930978007,874.4311337371568,888.9816592298522,886.077405070207,875.7587262378344,915.0521186674096,931.4363515903133,970.5360844404393,961.2064489401106,967.0392352378074,973.1302677243958,974.6992189761571,987.1776786718851,988.6793747541647,1016.9164177194457,1034.2494060253734,1053.7004600055784,1061.8302705414833,1067.0727406393273,1080.217768170754,1074.3831761898023,1072.26222353264,1067.1048639957178,1062.7578799602952,1064.9839901295568,1065.92976868476,1086.3582462209306,1101.375993718778,1116.4654944205113,1112.3705426278116,1114.1907151172727,1109.2717327370972,1108.5268238995698,1107.2412248172611,1101.8111172518707,1108.296083253633,1121.61345664395,1134.5849535299765,1137.6713892346481,1140.3728324282058,1147.9158541812965,1163.2019299718163,1170.2861966466437,1181.4046189369533,1181.6464801655716,1185.179485821507,1178.398875395154,1191.3140839594785,1188.4976629826979,1186.034383195163,1178.8400478615797,1181.8680555555557
2894,766,Broomfield County,county,CO,CO,"Denver-Aurora-Lakewood, CO",08,014,,,,,,,,,,,,,,,1503.2260220342093,1517.1591769730533,1532.3729339013144,1545.55140774681,1553.699554644822,1541.005564048179,1534.8204308304144,1511.66113420186,1495.2902521053745,1498.242853844389,1514.8827345379473,1536.1809164374465,1538.6732828748834,1554.147657968759,1569.4909118295343,1586.8443720115083,1586.4923433301117,1586.419251038199,1576.3572000479014,1569.8595428352262,1554.8723711384166,1548.7759872859497,1567.5721755407856,1582.3999983929853,1616.1043562770217,1621.6481445069642,1642.921399835907,1640.4568975705167,1651.9307866102718,1654.192245921198,1664.1860784585515,1657.506086950669,1646.1485521406707,1638.9215142345945,1636.0932106318653,1644.3649967869083,1644.9479223060937,1654.696381887159,1658.3895115716357,1689.087664109323,1701.0715067973722,1712.5814752729245,1702.0413169350009,1699.2350426914536,1678.506351562186,1674.7748726457958,1669.6686145432188,1677.658556700228,1668.411943668554,1665.026673847899,1673.4133123491997,1683.54690589579,1701.3833142369094,1707.0510345338378,1707.7314104878997,1705.9010638686693,1707.4575369392162,1705.0654889935126,1694.2730124221428,1696.1737432714642,1717.8746857091144,1752.031141752195,1792.0645481244776,1832.9218378343764,1878.1942948258056,1922.0682657289847,1947.656289060752,1946.9656693814175,1931.3306152902983,1920.7945577204898,1949.0985271203126,1976.1165160049247,2006.1777888996594,2012.7819590052993,2034.0439968506275,2055.3493338783583,2067.3516135616496,2064.1077296863937,2057.136120402862,2047.5430988409878,2039.6892567064242,2015.6229779706225,2004.4181433427805,2001.0187892282956,2032.7204477914884,2059.085765554484,2093.397077147228,2109.2628507033733,2122.0534827829233,2123.2943293155304,2113.287697674348,2093.5372306053887,2071.4420018618257,2045.9357488007583,2049.777996503832,2051.1354242592292,2075.9032724747667,2089.881177107601,2117.3891306244377,2142.0022931121694,2171.521526106734,2168.3825526681335,2152.0759232037317,2124.101159946216,2116.3398840648615,2097.1090427605996,2082.1999336144518,2066.3217335660997,2074.576745605815
3178,767,Pottawatomie County,county,OK,OK,"Shawnee, OK",40,125,,,,,,,,,,,,,,,,,,,,,,,,,,,,,,,,,,,,,,,,,,,,,,,,,,,,,,,,,,,,,,,,,,,,,,,,,,,,,,,,,,,,,,,,,,,,,,,,,,,1017.7048463627707,1006.6489708759918,1016.2026628558054,1031.0372903161733,1052.8913749074995,1061.25547398282,1064.469686969927,1050.649490063084,1062.7160291086354,1062.2277081262177,1069.4192685121347,1062.4447558419215,1071.9696193383793,1098.2285885008478,1090.4665604885156,1086.9387958029754,1071.4690293938247,1078.3153941145931,1089.6518379448971,1082.2749613433339,1095.3956961285658,1103.905994104578,1114.8633295815157,1115.0513430165054,1111.6031746031747
2834,768,Robertson County,county,TN,TN,"Nashville-Davidson--Murfreesboro--Franklin, TN",47,147,,,,,,,,,,,,,,,,,,,,,,,,,,,,,,,,,,,,,,,,,,,,,,,,,,,,,,,,,,,,,,,,,,,,,,,,,,,,,,,,,,1513.7352420881136,1492.0347796336,1498.7185396038612,1527.3718096921812,1530.7649965398489,1540.4751256210377,1543.101015046334,1587.6977661336898,1619.6345703146333,1640.4479529637827,1662.020007895509,1667.2604512960668,1677.7604523752916,1658.7876346696657,1662.8873166027388,1659.3319945841647,1686.4044462642746,1695.2975350507506,1721.887865359363,1733.8283683441998,1758.0663843793996,1743.1081473403055,1737.7654047171156,1743.207478517791,1743.8725972986954,1746.1447645641465,1719.3977258697353,1729.5726891133668,1740.0277526973925,1779.7621262083762,1795.599365575208,1777.3179281012517,1759.714698931703,1753.1431487991986,1766.8733308213789,1767.388199087239,1774.305427082759,1791.0051025721787,1795.2672228922136,1767.5655227095617,1777.9599503855836,1793.111111111111
460,769,Creek County,county,OK,OK,"Tulsa, OK",40,037,,,,,,,,,,,,,,,,,,,,,,,,,,,,,,,,,,,,,,,,,,,,,,,,,,,,,,,,,,,,,,,,,,,,,,,,,,,,,,,,,,,,,,,,,,,,,,,,,,,,,994.4878360640781,1012.4466556523414,1007.2698901075302,1009.2702819834026,1038.3393623592808,1015.7075304535056,1008.6532271457265,990.628079376487,1027.9402473864566,1052.8546660779932,1054.2046766677165,1093.1743264382446,1096.5251678427364,1118.6169432973052,1069.399042294112,1075.644497484183,1083.0303228554703,1113.7313406343276,1099.5283659536951,1108.5586961784995,1091.9109237059913,1141.0399106044008,1134.1666666666667
345,770,York County,county,VA,VA,"Virginia Beach-Norfolk-Newport News, VA-NC",51,199,1357.0735963312982,1356.0840441064686,1354.109623347296,1355.903509725882,1367.653103636998,1369.9592363082372,1366.0307737576052,1360.146414239389,1366.832579134109,1375.0727676277997,1378.100387213425,1376.5621542030046,1374.7927041730968,1367.3475647225048,1351.8128895339987,1352.2704908024114,1358.9401872494627,1370.6243687253839,1369.8378477935798,1372.6940378673958,1369.0733477135145,1362.91490303837,1356.3946929001343,1355.461544085723,1357.3855281198025,1365.7640896562345,1380.0589278246339,1379.4852343281707,1381.7662776039726,1381.1412987213205,1398.905489928559,1397.958600714738,1390.6759715533447,1372.582303478457,1374.8271541033866,1377.2795219579968,1384.1284632245909,1383.2177689308892,1392.0638444508495,1397.5440348807476,1402.5102244949614,1406.6328186895419,1416.6125137902127,1418.1736823894257,1407.2857549876505,1398.7862564928082,1407.5522637979814,1417.6992039928687,1416.215523051134,1408.3169558241764,1411.79817624285,1427.9956626118253,1448.9731827901642,1454.3533465061053,1455.7469087606653,1446.4467754507466,1443.0264162049914,1454.9380526867085,1448.442617144964,1450.626935377731,1434.3397752651013,1435.2629910876283,1436.574563559629,1446.1895323208225,1453.7777886118804,1467.4235578408188,1476.1218161608408,1493.9966062147362,1499.7382735405722,1516.4562536231938,1520.6154045791004,1516.8453613071708,1510.0953302726796,1519.4919996592066,1533.163503614484,1553.0881569895137,1602.772818982404,1645.4300533940218,1673.3258879575505,1686.3802070725908,1718.0827082692476,1764.7572866326539,1745.380072234274,1741.8454441381425,1707.8156551854884,1748.8255891766717,1759.202222953226,1786.1594344707523,1786.0960145978227,1779.377169106919,1785.4185278856319,1770.9643346646367,1811.6221646141132,1833.3586455619109,1851.3280992316597,1815.5342873699758,1815.144301874196,1825.276001760304,1857.8057573501148,1871.8867402925255,1901.7982934047543,1906.7847610718263,1926.366433580899,1924.2336164826938,1960.5671416247064,1956.3670104872788,1967.3101147626614,1945.9648932639095,1938.6865255377115,1934.3357806287393,1937.6789561724288,1959.3711764762947,1973.0957313401052,2003.1352404174627,2018.2233400301989,2037.5764310450436,2036.0660627229352,2026.5733139857823,2011.2686903639408,2012.7621498018616,2016.6746854892654,2021.738383938916,2045.1275252525254
1233,773,Morgan County,county,IN,IN,"Indianapolis-Carmel-Anderson, IN",18,109,,,,,,,,,,,,,,,,,,,,,,,,,,,,,,,,,,,,,,,,,,,,,,,,,,,,,,,,,,,,,,,,,,,,,,,,,,,,,,,,,,,,,,,,,,,,,,,,,,,,,,,,,,,,,,,,,,,,,,,,,,1850.226669340005,1852.5
1436,774,Tooele County,county,UT,UT,"Salt Lake City, UT",49,045,,,,,,,,,,,,,,,,,,,,,,,,,,,,,,,,,,,,,,,,,,,,,,,,,,,,,,,,,,,,,,,,,,,,,,,,,,,,,,,,,,,,,,,,,,,,,,,,1523.842395952721,1527.7017256722152,1591.4406079268463,1585.1588432093954,1578.5009749563433,1585.978281897242,1624.092026977584,1643.955478786255,1625.649303311034,1590.093106025175,1585.1185435217865,1561.100804022325,1601.4700144496203,1628.7155565906196,1644.7747978755056,1642.5478358396501,1618.7234448600848,1623.3717422047146,1639.4978862632966,1670.327986278317,1689.863485183438,1741.6328004360823,1717.7599028934353,1703.158075720625,1716.0473860977033,1738.69690491498,1745.9013600074188,1673.8888888888887
2281,775,Franklin County,county,MA,MA,"Springfield, MA",25,011,,,,,,,,,,,,,,,,,,,,,,,,,,,,,,,,,,,,,,,,,,,,,,,,,,,,,,,,,,,,,,,,,,,,,,,,,,,,,,,,,,,,,,,,,,,,,,,,,,,,,,,,,,,,,,,,,,,,,,,,,,,2003.3333333333333
1109,776,Iberia Parish,county,LA,LA,"Lafayette, LA",22,045,,,,,,,,,,,,,,,,,,,,,,,,,,,,,,,,,,,,,,,,,,,,,,,,,,,,,,,,,,,,,,,,,,,,,,,,,,,,,,,,,,,,,,,,,,,,,,,,,,,,,,,,,,,,,,,,,,,,,,,,,,1206.8628307093857,1155.0
1976,777,Portage County,county,WI,WI,"Stevens Point, WI",55,097,,,,,,,,,,,,,,,,,,,,,,,,,,,,,,,,,,,,,,,,,,,,,,,,,,,,,,,,,,,,,,,,,,,,,,,,,,,,,,,,,,,,,,964.3345949078782,960.4246492633956,962.4337867679977,995.1278315080723,1002.791775178303,,969.4654650828601,970.2725754687696,1001.9350778876749,1003.890528832905,1010.1998676820428,1026.2531757964427,1034.634925009937,1040.8082636301008,1031.3512647864475,1047.1424275249672,1064.6228541121468,1055.9927077504476,1068.2952273410037,1052.4725473399935,1063.7321687544948,1054.0207537722738,1079.9787861571554,1086.6831841931296,1085.7756566169085,1087.389300096788,1100.6463730349742,1118.4256059132124,1129.4019675525112,1132.252053174661,1147.4373666274348,1154.642599437131,1132.29793089235,1112.0834339846658,1102.5027692460344,1127.788617637128,1144.5235273975916,1155.2777777777776
3258,778,Lewis and Clark County,county,MT,MT,"Helena, MT",30,049,,,,,,,,,,,,,,,,,,,,,,,,,,,,,,,,,,,,,,,,,,,,,,,,,,,,,,,,,,,,,,,,,,,,,,,,,,,,,,,,,,,,,,,,,,,,,,,,,,,,1267.008660531734,1291.885934698545,1316.9788108661435,1346.161263033079,1351.4429620624655,1365.0133464059002,1361.9478465572763,1352.4124092046418,1340.5640715978507,1324.1195127611622,1341.3511535789655,1359.6171148633005,1411.8879046464547,1444.307154322575,1461.5200906739635,1456.0120165207397,1444.591709115364,1440.4116188187904,1455.931318698733,1447.2962073917927,1446.99829212484,1478.4559129692354,1487.1853764572659,1494.7222222222224
1063,779,Greene County,county,TN,TN,"Greeneville, TN",47,059,,,,,,,,,,,,,,,,,,,,,,,,,,,,,,,,,,,,,,,,,,,,,,,,,,,,,,,,,,,,,,,,,,,,,,,,,,,,,,,,,,,,,,,,,,,,,,,,,,,,,,,,,,,,,,,,,,,,,,,,,1187.0948764269579,1146.6236198253805,1141.6666666666667
393,780,Boone County,county,IN,IN,"Indianapolis-Carmel-Anderson, IN",18,011,,,,,,,,,,,,,,,,,,,,,,,,,,,,,,,,,,,,,,,,,,,,,,,,,1319.2219288719625,1309.3515225091153,1319.190768179312,,1321.5311117713516,1339.1619847524871,1348.025370230894,1347.6206884705246,1341.8922161371336,1350.3227174906115,1353.0691686383539,1365.3786253855096,1348.488777262857,1361.3195476808783,1350.8147070159257,1352.2852097238208,1349.5706616295934,1351.3764750660534,1379.4093937804,1380.280528128134,1377.0572138766076,1360.679428668706,1381.45328004537,1388.7610030716041,1397.4411674101582,1394.8707300988808,1410.214548679211,1433.3234295731106,1461.6952303025755,1501.8943197266544,1534.61248062614,1571.4161229727226,1599.0595205883533,1612.6069408198034,1611.1885363750318,1593.0045266541467,1592.8995084008536,1591.8429310974789,1604.9131474057733,1627.7281983354542,1662.3599266207243,1711.1174410719332,1725.9535216310767,1726.554243954948,1715.1914338254514,1707.6580436898892,1695.5579518273014,1681.2842995042022,1686.1089980442234,1698.3523058350036,1717.5473926757102,1723.9274803350763,1740.5887777775947,1728.2583042350125,1731.9861596072676,1736.137988814816,1752.3092711040704,1772.3759874046536,1764.396048039023,1768.2685090721461,1769.548775114682,1783.842938685646,1778.8027477141181,1795.415768594805,1811.4689111192592,1840.098916373022,1836.582948886506,1817.9948027055893,1803.2063127956335,1794.0775712096636,1815.4769776963276,1825.3801889076392,1846.1323262679475,1847.3244173947521,1863.062962962963
325,781,Ward County,county,ND,ND,"Minot, ND",38,101,,,,,,,,,,,,,,,,,,,,,,,,,,,,,,,,,,,,,,,,,,,,,,,,,,,,,,,,,,,,,,,,,,,,,,,,,,,770.5893636989393,789.4693726570463,779.6581840008728,783.0253942792617,782.2487558842173,778.3373187618378,780.4299470175723,772.6336006616963,779.8039402633719,775.7778671897116,777.1334854123647,770.9073539773594,773.89395825586,790.0114470907905,798.3583302130626,814.9434485364733,815.4585907493755,815.4458755511099,814.047857335706,814.5477459491831,825.3070672785943,826.5983384564087,832.3045122316379,829.9545677434738,837.2328035170211,841.8545130040417,859.416454179232,866.7811311470919,875.6844514176652,875.4512770290172,876.3447328554004,867.346236386596,860.9405652242328,854.9230512353047,863.7171192668845,870.7823485805601,880.5887263862164,884.4258021318537,891.3410574373034,892.1703096182413,900.1351987638396,897.5200287950018,901.8607411880201,898.3269447921307,893.7584050089094,892.9839098681136,903.1106334588666,916.5953169792332,921.6190476190477
756,782,Troup County,county,GA,GA,"LaGrange, GA-AL",13,285,,,,,,,,,,,,,,,,,,,,,,,,,,,,,,,,,,,,,,,,,,,,,,,,,,,,,,,,,,,,,,,,,,,,,,,,,,,,,,,,,,,897.191387051642,908.3994701670597,945.7844418497899,973.9155163842289,1003.1535166971496,996.7737561617519,1017.1326249412851,1020.1515811974982,1043.0518246673676,1036.1615005422796,1045.0670510928703,1049.160954017316,1051.2366635559447,1014.1773101272922,1036.7900716255588,1052.5501947771781,1105.253041478768,1115.7847262051175,1123.6905838003486,1108.726373729142,1092.779088709128,1098.580718812718,1108.4787272502795,1134.398215630945,1147.0926024556254,1151.4059886178165,1160.6531455727575,1149.1030956429695,1190.5443086734615,1202.2338656812576,1225.8918856888263,1196.7953721062788,1155.9734096627512,1143.3078971326668,1141.5177893619116,1155.1967201547038,1160.805442808115,1203.3682001811223,1202.714738279754,1253.2223807335565,1257.2041666666667
2710,783,Greenwood County,county,SC,SC,"Greenwood, SC",45,047,,,,,,,,,,,,,,,,,,,,,,,,,,,,,,,,,,,,,,,,,,,,,,,,,,,,,,,,,,,,,,,,,,,,,,,,,,,,,,,,,,,,,,,,,,,,,,,,,,,,,,,,,,,,,,720.8392217790156,753.1865210181842,778.4408647376367,735.5373687994778,739.5622482201322,724.0672868309106,784.1795593776629,792.6867072588367,827.9838012087724,800.1255603005047,844.5837886239706,839.3443432175676,871.6321421389705,853.3333333333334
2212,784,Columbia County,county,FL,FL,"Lake City, FL",12,023,,,,,,,,,,,,,,,,,,,,,,,,,,,,,,,,,,,,,,,,,,,,,,,,,,,,,,,,,,,,,,,,,,,,,,,,,,,,,,,,,,,,,,,,,,,,,,,,,,,,,1269.5135043920156,1288.3673091079565,1290.0934432143924,1328.217099310859,,1363.7966341991537,1343.493218652043,1355.8039224526149,1378.8380292200281,1400.3911165019263,1398.7427931132665,1400.0929103519445,1404.9208317036637,1401.4330653461382,1383.8611015771676,1371.7361300096018,1384.1779669464972,1412.3252997737563,1381.9583948025065,1419.2953475796085,1432.506824740031,1488.9196471669827,1520.5555555555557
1842,785,Klamath County,county,OR,OR,"Klamath Falls, OR",41,035,,,,,,,,,,,,,,,,,,,,,,,,,,,,,,,,,,,,,,,,,,,,,,,,,,,,,,,,,,,,,,,,,,,,,,,,,,,,,,,,,,,,,,,,,,,,,,,,,,,,1169.1667906275932,1156.8613934807959,1156.563310865447,1149.66173800871,1146.0120679918919,1146.1937174796503,1133.806271497541,1129.407945156061,1115.2719313684004,1119.5531176104569,1098.5093232514835,1103.4726939646516,1126.0585747489602,1161.9531866740138,1197.2481964647463,1190.2199366425702,1189.6939878999556,1191.8862718170824,1187.220508583825,1184.7903876155056,1173.2828839211527,1178.4310682106536,1190.5628135614404,1209.513888888889
2118,786,Allegany County,county,MD,MD,"Cumberland, MD-WV",24,001,,,,,,,,,,,,,,,,,,,,,,,,,,,,,,,,,,,,,,,,,,,,,,,,,,,,,,,,,,,,,,,,,,,,,,,,,,,,,,,,,,,,,,,,,,,,,,,,,915.6494962032261,941.8635327800134,974.7593938598443,958.4786887834307,960.3095042602412,940.765965909618,935.2762742102016,928.8326923901054,933.7938857760133,950.8354904906602,990.3486529922341,998.1237014417479,1028.9932094142268,1018.55410794226,1039.0178054108712,1031.1788912459654,1040.5607256868248,1041.9675927667101,1049.0758836234227,1051.0904771834423,1044.3305938681472,1047.5181771314794,1071.8004758946768,1115.2108878196466,1112.3987640600978,1069.1296417522422,1062.4404761904761
2335,787,Harrison County,county,TX,TX,"Longview, TX",48,203,,,,,,,,,,,,,,,,,,,,,,,,,,,,,,,,,,,,,,,,,,,,,,,,,,,,,,,,,,,,,,,,,,,,,,,,,,,,,,,,,,,,,,,,,,,,,,,,,,,,,,,,,,,,,,,,,,,,,,,,,,,1258.3333333333335
2891,788,Blue Earth County,county,MN,MN,"Mankato, MN",27,013,,,,,,,,,,,,,,,,,,,,,,,,,,,,,,,,,,,,,,,,,,,,,,,,,,,,,,,,,,,,,,,,,,,,,,,,,,,,,,,,,,,,,,,,,,,,,,,1182.7016713443313,1198.2706502496126,1237.8683295817868,1237.0737788295296,1229.1324694517975,1238.8827377492864,1241.9265312428752,1229.7132468604495,1200.4793777250093,1210.7010460707438,1254.3024924190975,1285.6197654420394,1294.5411299571188,1265.8436998734633,1268.378258854618,1277.2249814791194,1290.3635889227394,1298.3544549875314,1314.004093069749,1322.3392300043495,1320.9681235363714,1289.998719979656,1310.1840203469935,1317.195761730099,1378.6404074934394,1380.6667960763673,1393.0963070343978,1380.741532598619,1454.4761904761906
3190,789,San Patricio County,county,TX,TX,"Corpus Christi, TX",48,409,,,,,,,,,,,,,,,,,,,,,,,,,,,,,,,,,,,,,,,,,,,,,,,,,,,,,,,,,,,,,,,,,,,,,,,,,,,,,,,,,,,,,,,,,,,,,,,,,,,,,,,,,,,,,,,,,,,,,,,,,1730.8234069309067,1716.2855709457497,1761.1166666666668
1909,790,Madison County,county,NY,NY,"Syracuse, NY",36,053,,,,,,,,,,,,,,,,,,,,,,,,,,,,,,,,,,,,,,,,,,,,,,,,,,,,,,,,,,,,,,,,,,,,,,,,,,,,,,,,,,,,,,,,,,,,,,,,,,,,,,,,,,,,,,,,,,,,,,,,,,1135.930038456749,1143.75
3031,791,Shiawassee County,county,MI,MI,"Lansing-East Lansing, MI",26,155,,,,,,,,,,,,,,,,,,,,,,,,,,,,,,,,,,,,,,,,,,,,,,,,,,,,,,,,,,,,,,,,,,,,,,,,,,,,,,,,,,,,,,,,,,,,,,,,,,,,,,,,,,,,,,,,,,,,,,,,,,,1090.25
2733,792,Jefferson County,county,AR,AR,"Pine Bluff, AR",05,069,,,,,,,,,,,,,,,,,,,,,,,,,,,,,,,,,,,,,,,,,,,,,,,,,,,,,,,,,,,,,,,,,,,,,,,,,,,,,,,,,,,,,,,,,,,,,,,,,,,,,,,,,,,,,,,,,,,,,,,,,,,1074.5
333,794,Wise County,county,TX,TX,"Dallas-Fort Worth-Arlington, TX",48,497,,,,,,,,,,,,,,,,,,,,,,,,,,,,,,,,,,,,,,,,,,,,,,,,,,,,,,,,,,,,,,,,,,,,,,,,,,,,,,,,,,,,,,,,,,,,,,,,,,,,1886.1287905215363,1890.4135366983235,1886.9209729023667,1852.4280417090272,1841.538381983437,1842.5074680802331,1876.866918402369,1892.0866107658787,1900.8811866597223,1907.2768680246038,1875.0837287722688,1932.7710558879946,1942.9633429425548,1993.9726792092988,1965.459906842889,1910.752680058515,1898.764037503767,1882.964475765345,1973.5532504763373,1992.2640919264138,2004.6061740879993,1978.7391456647017,1983.804935625672,2002.8333333333333
2179,795,Carteret County,county,NC,NC,"Morehead City, NC",37,031,,,,,,,,,,,,,,,,,,,,,,,,,,,,,,,,,,,,,,,,,,,,,,,,,,,,,,,,,,,,,,,,,,,,,,,,,,,,,,,,,,1543.083885842341,1558.6578983983673,1533.0138034456115,1486.6290559846489,1515.085864980995,1559.2202199847925,1600.476279648114,1616.228010171691,1585.3649806663705,1570.5509393627285,1572.4736229079685,1606.9393054781685,1636.8748733499497,1609.8993332363123,1649.2607253416481,1666.4210504327955,1743.2849963906863,1731.6110780113033,1762.972202847253,1752.4312090965745,1749.7650424204735,1717.2906536032717,1718.351883608087,1715.5637919192818,1770.2089740601505,1795.9355948040031,1859.9428726816325,1848.9353553127019,1842.7029013272725,1818.8507308607257,1818.0683788181514,1857.511796762177,1880.6772629462114,1886.904146122051,1858.774020274809,1854.0141699776696,1868.5818605714342,1872.0847469332314,1933.5903664281782,1968.9134199791097,1981.5049191620217,1931.8650793650795
1465,796,Walker County,county,GA,GA,"Chattanooga, TN-GA",13,295,,,,,,,,,,,,,,,,,,,,,,,,,,,,,,,,,,,,,,,,,,,,,,,,,,,,,,,,,,,,,,,,,,,,,,,,,,,,,,,,,,,,,,,,,,,,,,,,,,,,,1504.3497555399597,1496.4998524887665,1507.5718871672989,1528.5141260879298,1546.185107961168,1537.1999392157,1542.2112341718957,1564.671860803017,1577.6654915915249,1564.8393899529285,1536.8713727483917,1571.4655887906833,1589.4165455112932,1591.3110300916994,1581.2839473005947,1612.6847316206658,1640.6500460274613,1638.5802518857763,1641.7556579764769,1604.0687255899159,1602.8771446464398,1592.802662824377,1603.611111111111
217,797,Lake County,county,CA,CA,"Clearlake, CA",06,033,,,,,,,,,,,,,,,,,,,,,,,,,,,,,,,,,,,,,,,,,,,,,,,,,,,,,,,,,,,,,,,,,,,,,,,,,,,,,,,,,,,,,,1586.7164212712942,1538.1180815294013,,1656.835756983239,1706.6962892703555,1667.503221701614,1626.1607322606733,1656.4127867352072,1723.0075011938602,1757.2811941309592,1770.0537767963694,1758.7899548471473,1748.5903958402182,1728.96898843884,1747.9407273710538,1719.3454471083069,1748.5897765131665,1754.9177648595773,1792.9398289722883,1767.15962141029,1780.2873227285602,1780.9591676387165,1782.9818725766597,1762.8277141297174,1723.8890419007068,1744.4168039048318,1786.4726024736926,1882.0240355761564,1907.4433928206233,1889.1097499613622,1849.0386319804607,1851.9379385701886,1871.3273002802434,1913.4110580360712,1947.634999692042,1931.4411165196643,1890.6682271785262,1853.3333333333333
2285,799,Franklin County,county,NC,NC,"Raleigh-Cary, NC",37,069,,,,,,,,,,,,,,,,,,,,,,,,,,,,,,,,,,,,,,,,,,,,,,,,,,,,,,,,,,,,,,,,,,,,,,,,,,,,,,,,,,,,,,,,,,1734.189878223351,1757.1625599949334,1770.357996505968,1784.0948873976397,1776.0498187654935,1771.4797062011087,1770.2235706042404,1790.9880251342404,1803.5834353584894,1801.660384931907,1801.2594729659652,1824.7162040897151,1836.3319562375204,1848.0205696583107,1858.505887700727,1850.7960858519132,1841.1400954633623,1822.5624788221064,1843.7602948974788,1857.6786123672098,1887.1476299247258,1907.3591661943908,1935.1667780369198,1934.3726342395448,1897.2710919002984,1893.8613075926653,1912.1873949286169,1962.1611712312597,1959.2939121961392,1927.5592691211723,1911.7233720349877,1905.8486020833022,1912.2030001576893,1954.625
1279,800,Oldham County,county,KY,KY,"Louisville/Jefferson County, KY-IN",21,185,,,,,,,,,,,,,,,,,,,,,,,,,,,,,,,,,,,,,,,,,,,,,,,,,,,,,,,,,,,,,,,,,,,,,,,,,,,,,,,,,,,,,,,,,,,,,,,,,,,,,,,,,,,,,,,,,,,,,,,,,,,1935.8333333333333
1605,801,Catoosa County,county,GA,GA,"Chattanooga, TN-GA",13,047,,,,,,,,,,,,,,,,,,,,,,,,,,,,,,,,,,,,,,,,,,,,,,,,,,,,,,,,,,,,,,,,,,,,,,,,,,,,,,,,,,,,,,,,,,,,,,,,,,,,,1307.5959261845935,1343.352665024068,1386.0708261188408,1391.9384387262846,1370.7510920464094,1381.1393177563255,1350.5527832255905,1367.0731038898348,1345.7948492667429,1380.434628875334,1418.180745123276,1420.8692572654857,1415.5038697975579,1402.572712807786,1469.5916832326216,1507.7233138557472,1521.6192708676404,1482.736583960998,1467.6605661054527,1450.5368214995212,1435.1863359791553,1424.063590676188,1446.9444444444446
900,802,Butler County,county,KS,KS,"Wichita, KS",20,015,,,,,,,,,,,,,,,,,,,,,,,,,,,,,,,,,,,,,,,,,,,,,,,,,,,,,,,,,,,,,,,,,,,,,,,,,,,,,,,,,,,,,,,,1084.7371146940793,1100.1308321619647,1091.3739164469778,1110.2637212854859,1110.9141141405528,1121.733634197828,1104.3197777538562,1122.9763103654989,1140.5046568139333,1178.5129105327946,1165.2978509342688,1173.7000733578868,1160.1213623825429,1186.2402150419057,1176.776732060833,1184.5841905661307,1169.885423511556,1179.4944798334168,1178.32111145297,1187.6067626346914,1192.5203695902867,1214.8610156580085,1231.6203655095524,1216.9681606963893,1200.9284125103843,1189.88597635925,1212.3923505935397,1221.2262934638268,1221.2289537985398,1214.7737964486687,1226.580994904256,1229.652080744389,1217.0183737736086,1218.0507473285957,1225.1739850542172,1239.6666666666667
2789,803,McCracken County,county,KY,KY,"Paducah, KY-IL",21,145,,,,,,,,,,,,,,,,,,,,,,,,,,,,,,,,,,,,,,,,,,,,,,,,,,,,,,,,,,,,,,,,,,,,,,,,,,,,,,,,,,,,,,,,,,,,,,,,,,,,,,,,,,,,,,,,,,,,,,,,,,,1480.0
664,805,Otero County,county,NM,NM,"Alamogordo, NM",35,035,,,,,,,,,,,,,,,,,,,,,,,,,,,,,,,,,,,,,,,,,,,,,,,,,,,,,,,,,,,,,,,,,,,,,,,,,,,,,,,,,,,,,,,,,1289.9365571343408,1278.5623753125979,1263.7619682429354,1249.3830267696608,1275.1207937555844,1284.1188257730835,1295.1177454864728,1307.7638562853983,1294.897412715422,1314.1325515812675,1303.3494790592163,1304.4565398228767,1289.9300939201335,1300.357637926644,1311.179663762348,1316.6307749496634,1312.1154879617927,1334.105272817079,1329.5059163921899,1335.1293154047708,1325.9268655342585,1342.2102251191209,1340.366680819223,1356.659049127627,1364.1286408908377,1379.0043291939635,1380.2313667496032,1387.409346847675,1374.1511695320046,1353.268785168062,1359.0549147745767,1371.5699792187213,1417.6696098449179,1408.0702933932623,1457.8796296296296
3079,807,Williamson County,county,IL,IL,"Carbondale-Marion, IL",17,199,,,,,,,,,,,,,,,,,,,,,,,,,,,,,,,,,,,,,,,,,,,,,,,,,,,,,,,,,,,,,,,,,,,,,,,,,,,,,,,,,,,,,,,,,,849.5269001893585,853.8405945486821,867.823007903561,886.5945394537719,879.0697905291962,880.8422921565854,870.8879754602672,884.0317350998697,890.9724450397672,916.0978420997963,910.9139475684534,913.9659166239194,901.7031193372247,910.0852661373814,902.7948858141871,907.7527887630293,927.1085626902186,943.4520962900609,949.4274038656586,936.8448974109405,932.3427211822263,940.0809024121546,955.1974508295823,966.9295612532694,966.9765737808777,992.3878796643738,1000.4739569774116,1005.6650171460568,988.2594809277443,982.5581593760056,996.0225288621667,1009.0792971043471,1008.8715908914547,1012.2222222222222
1852,808,Laurens County,county,SC,SC,"Greenville-Anderson, SC",45,059,,,,,,,,,,,,,,,,,,,,,,,,,,,,,,,,,,,,,,,,,,,,,,,,,,,,,,,,,,,,,,,,,,,,,,,,,,,,,,,,,,,,,,,,,,,,,,,,,,1502.9406215989504,1498.9135126696092,1485.6578399300315,1491.2965214742198,1516.6560406188391,1520.547269543198,1526.3366795087952,1540.5655750463166,1529.487641039238,1520.3008203479199,1508.2398197065145,1529.9105997440429,1547.131581605205,1565.6843605646195,1556.6580709625657,1589.3057386261614,1594.2709024740034,1598.434792755897,1591.0490738300102,1575.2839994050742,1584.3489978232262,1581.098237671772,1595.2473510813788,1531.648582544171,1535.9647125410715,1628.2777777777776
2450,811,Muskogee County,county,OK,OK,"Muskogee, OK",40,101,,,,,,,,,,,,,,,,,,,,,,,,,,,,,,,,,,,,,,,,,,,,,,,,,,,,,,,,,,,,,,,,,,,,,,,,,,,,,,,,,,,,,,,,,,,,,,792.4528070187434,812.9970198962851,837.512387797896,863.734663065357,864.4465056924508,836.3274275326443,834.8502474490443,841.7369994667872,852.6928301917959,880.7146713021556,875.1702841322254,880.5949400562108,874.4990783592634,891.4911842246332,906.7971936892956,910.8076877503883,879.0939048059538,904.0268690706391,910.0967047074244,930.0258029487745,913.1184037514122,913.3060506882597,934.4765558908953,946.5113059390177,965.1026442439147,953.5476050300422,951.6732137274105,967.5115291386207,1010.4461271196155,1007.5
304,813,Rice County,county,MN,MN,"Faribault-Northfield, MN",27,131,,,,,,,,,,,,,,,,,,,,,,,,,,,,,,,,,,,,,,,,,,,,,,,,,,,,,,,,,,,,,,,,,,,,,,,,,,,,,,,,,,,,,,,,,,,,,,,,,,,,,,,,,,,,,,,,,,,,,,,1663.1736109514488,1643.052106835842,1721.415347415938,1700.6132075159053,1742.7777777777776
2554,814,Spalding County,county,GA,GA,"Atlanta-Sandy Springs-Alpharetta, GA",13,255,,,,,,,,,,,,,,,,,,,,,,,,,,,,,,,,,,,,,,,,,,,,,,,,,,,,,,,,,,,,,,,,,,,,,,,,,,,,,,,,,1095.739654697444,1129.112827880485,1138.6495613391082,1147.6730041469457,1140.7155571300052,,1149.4775533517613,1161.6635997774586,1176.2841708983556,1187.1751933482442,1207.4463835060374,1203.3163973020344,1215.0496393423305,1207.6983626692027,1219.2596412586124,1210.5300381034426,1213.79456225408,1222.3654677835466,1251.0569294569873,1254.5517669350336,1246.0306396952951,1256.0005302960483,1280.0385249434498,1317.376341838137,1324.8368693092857,1320.7492984874355,1285.5984950221489,1259.9771911515911,1260.6587136522735,1284.8288837435146,1318.99775789118,1318.6661374563982,1315.6189665891116,1312.4429521022885,1328.5138910179376,1342.2528825347997,1344.98071835065,1331.7221542180737,1320.0761900865846,1311.8427086226495,1332.3335630752122,1347.8514549653287,1348.3787878787878
789,815,Wayne County,county,IN,IN,"Richmond, IN",18,177,,,,,,,,,,,,,,,,,,,,,,,,,,,,,,,,,,,,,,,,,,,,,,,,,,,,,,,,,,,,,,,,,,,,,,,,,,,,,,,,,,,,,,,,,,,,,,,,664.6053623646125,670.0885972717934,674.613311039809,,667.2400294530016,683.473086497619,688.5233693646652,700.583382397886,701.8033490450791,697.7486136539517,712.0499105826633,701.7935840611224,709.4823749465439,703.977411976514,707.3537660910538,714.0462192777578,706.5334391529984,714.903116374562,718.0279574106899,738.664258543014,748.4374189417784,756.6613286960464,750.2266200747986,751.8531614442581,761.2921739100539,758.710929732723,768.3608743212912,761.6666666666666
2785,819,Marquette County,county,MI,MI,"Marquette, MI",26,103,,,,,,,,,,,,,,,,,,,,,,,,,,,,,,,,,,,,,,,,,,,,,,,,,,,,,,,,,,,,,,,,,,,,,,,,,,,,,,,,,,,,,,,,,,,,,,,,,,,,,,,,,,1109.119431489176,1064.6324812791388,1136.0192480467472,1162.8126484313043,1209.992494011046,1202.535537081568,1206.01010428427,1238.4176958048652,1214.048164912717,1240.0912103142653,1243.8250127820234,1322.0866862308053,1289.9882734669097,1341.5811111862097,1311.6401804346792,1347.0316561567192,1291.622705300591,1312.3015873015875
2336,821,Harrison County,county,WV,WV,"Clarksburg, WV",54,033,,,,,,,,,,,,,,,,,,,,,,,,,,,,,,,,,,,,,,,,,,,,,,,,,,,,,,,,,,,,,,,,,,,,,,,,,,,,,,,,822.3112599712083,819.0941626146816,825.3291044161132,811.8580956682523,843.6878542594982,855.3397315036221,866.7424447282921,838.5230598826525,841.9415883469978,854.5545371897209,861.7101634332316,852.0973986452119,864.8938778468751,864.9779268602633,876.4360328441464,880.281086187541,883.4272221597279,896.1026720432918,904.6562923066818,904.3075497122458,901.6295010949268,891.3839538032175,904.0785055968229,905.358074767219,921.0562977830137,950.7387299971753,953.763903320848,952.9753422491251,945.325007352369,951.6084305596929,958.0088426678963,937.8136314752384,938.6525910371384,944.1659030412515,961.7408538024407,962.2768097494152,965.5097420312284,969.0568334950775,989.4911344192554,973.8086905831518,985.581910803856,976.800116311123,977.5323307460226,973.6111111111112
2675,823,Crow Wing County,county,MN,MN,"Brainerd, MN",27,035,,,,,,,,,,,,,,,,,,,,,,,,,,,,,,,,,,,,,,,,,,,,,,,,,,,,,,,,,,,,,,,,,,,,,,,,,,,,,,,,,,,,,,,,,,,,,,,,,,,,,,,,,,,,,,,,,,,,,,,,,,1343.829815160513,1356.6666666666665
356,824,Adams County,county,IL,IL,"Quincy, IL-MO",17,001,,,,,,,,,,,,,,,,,,,,,,,,,,,,,,,,,,,,,,,,,,,,,,,,,,,,,,,,,,,,,,,,,,,,,,,,,,,,,,,,,,,,,,,,,,,,,,,,,,,,,,,,,,,,,,,,,,861.2765276708293,891.9467374620626,940.2225394757962,935.4347538034064,947.9709961120111,926.8964340471407,942.2353481997819,975.2950479533976,985.9076566318606,980.8333333333334
2201,825,Chippewa County,county,WI,WI,"Eau Claire, WI",55,017,,,,,,,,,,,,,,,,,,,,,,,,,,,,,,,,,,,,,,,,,,,,,,,,,,,,,,,,,,,,,,,,,,,,,,,,,,,,,,,,,,,,,,,,,,,,,,,,,,,,,,,,,,,,,,1060.633871199589,1103.9837169543814,1120.7067673353492,1118.7637084430096,1117.0462952026246,1109.8191382859397,1108.5753060041657,1110.258455380518,1100.113182668525,1097.8195899807715,1111.6292870107986,1135.1688404689849,1149.926899300171,1131.9444444444443
2356,826,Isabella County,county,MI,MI,"Mount Pleasant, MI",26,073,,,,,,,,,,,,,,,,,,,,,,,,,,,,,,,,,,,,,,,,,,,,,,,,,,,,,,,,,,,,,,,,,,,,,,,,,,,,,,,,,,,,,,,,,,,,,,,,,,,,,,,,972.3653702883493,970.8472930795374,968.4977646396625,974.5791046322462,933.1797632320564,1007.8538246782227,1069.6583779181328,1141.06178825841,1078.202395103412,1029.0189215030014,1033.4734663538534,1034.040785435744,,1023.6061998619311,1105.093514637328,1147.0080851109067,1164.4023882897125,1101.371186007494,1086.6608645426704,1087.6190476190477
1479,827,Warren County,county,NY,NY,"Glens Falls, NY",36,113,,,,,,,,,,,,,,,,,,,,,,,,,,,,,,,,,,,,,,,,,,,,,,,,,,,,,,,,,,,,,,,,,,,,,,,,,,,,,,,,,,,,,,,,,,,,,,,,,,,,,,,,,,,,,,,,,,,,,,,,,,,1131.25
2749,830,Jefferson County,county,OH,OH,"Weirton-Steubenville, WV-OH",39,081,,,,,,,,,,,,,,,,,,,,,,,,,,,,,,,,,,,,,,,,,,,,,,,,,,,,,,,,,,,,,,,,,,,,,,,,,,,,,,,,,,,,,,,,,,,,717.2803767234452,691.1679197155314,689.0925748383635,697.5953773084749,705.4857700924123,681.9399629754249,674.4020458198893,669.4482312064139,681.3208392166985,690.2568863756615,690.6708095340681,702.9947999061555,703.3316182832716,732.5589600055041,746.7506177540749,760.3768922312865,740.2564471944733,731.5470724783497,721.6601726706778,716.4988216564487,734.8158709253117,767.4607878900315,784.5529299221674,757.2168281634588,726.4244584105578,719.987082442031,740.6958369039891,748.3760694784032,810.8078861474803,810.3959146549099,835.1313759006956,811.6666666666666
314,832,Sauk County,county,WI,WI,"Baraboo, WI",55,111,,,,,,,,,,,,,,,,,,,,,,,,,,,,,,,,,,,,,,,,,,,,,,,,,,,,,,,,,,,,,,,,,,,,,,,,,,,,,,,,,,,,,,,,,,,,,,,,,,,,,,,,,,,,,905.1247566623398,926.362978687774,892.5700012900658,892.0939213918386,879.6636884605473,894.3760413482854,897.0278560086507,889.4029884492876,891.1768638629535,909.0046041040026,994.550143803379,1002.6502578162336,1031.3458256026063,976.044709895119,997.0
1464,833,Walker County,county,AL,AL,"Jasper, AL",01,127,,,,,,,,,,,,,,,,,,,,,,,,,,,,,,,,,,,,,,,,,,,,,,,,,,,,,,,,,,,,,,,,,,,,,,,,,,,,,,,,,,,,,,,,,,,,,,,,,,,,,,,1341.72220797604,1362.492410767369,1360.108361187627,1349.3565021952597,1347.3340653521245,1364.33452435122,1400.9306036089044,1404.0763129314364,1419.8927284692863,1404.6787464413544,1415.8536117701456,1415.2287546670516,1458.1435772207954,1469.7712944558164,1511.7129937609382,1501.4367440583399,1500.761568517176,1468.928435861451,1448.9722350370323,1430.409737256461,1437.6666666666667
125,834,Clay County,county,MN,MN,"Fargo, ND-MN",27,027,,,,,,,,,,,,,,,,,,,,,,,,,,,,,,,,,,,,,,,,,,,,,,,,,,,,,,,,,,,,,,,,,,,,,,,,,,,,,,,,,,,,,,,,,,,,,,,1310.2937096816597,1321.1650189940824,1314.4765538736276,1335.1609513461847,1321.1194804723482,1326.2570851352398,1312.9135234174398,1321.7170698452633,1322.459698278409,1360.1049406777342,1388.8581282022176,1401.3568469553313,1413.5494774327694,1404.2739244563097,1405.1574276486763,1364.6967737745058,1387.3475124090864,1399.7081068195698,1424.5710285512796,1399.51086950239,1399.946242862164,1422.6811537803596,1453.5315040738665,1504.4428957039213,1515.4977167443546,1513.7759261219296,1486.1655934254638,1492.7353434214551,1511.2202380952383
931,835,Chaves County,county,NM,NM,"Roswell, NM",35,005,,,,,,,,,,,,,,,,,,,,,,,,,,,,,,,,,,,,,,,,,,,,,,,,,,,,,,,,,,,,,,,,,,,,,,,,,,,,,,,,,,,,,,,,,1062.687371751438,1088.634047691543,1088.5388533927417,1110.9262843789136,1109.3338573759586,1107.7152679465507,1102.5314181966057,1079.8963831215895,1091.4898544877083,1094.6021160334585,1148.7486936029518,1166.7055753165369,1157.2519810212818,1142.8364705272315,1122.307415190005,1138.335263010635,1134.9631533437553,1148.2661844667011,1119.022859414508,1104.6622899625318,1113.70675620514,1144.97865517627,,1182.2870434058448,1209.2006882239139,1205.8291157918006,1237.2444615697725,1233.4707249479773,1210.7478806734175,1199.6827154807568,1194.9038068110328,1267.1814831417055,1323.3530282708246,1349.6636279291065,1300.0
2216,836,Columbia County,county,PA,PA,"Bloomsburg-Berwick, PA",42,037,,,,,,,,,,,,,,,,,,,,,,,,,,,,,,,,,,,,,,,,,,,,,,,,,,,,,,,,,,,,,,,,,,,,,,,,,,,,,,,,,,,,,,,,,,,,,,,,,,,,,,,,,,,,,964.6596643823307,965.399784304556,1001.0806600715468,1012.5081270176403,1036.5072919925572,1051.9660002772623,1069.3790689865218,1076.4843722375915,1092.294328419393,1076.1790193267498,,1079.1167498292584,1100.8131754823096,1122.0504849313254,1126.888888888889
1838,837,Kershaw County,county,SC,SC,"Columbia, SC",45,055,,,,,,,,,,,,,,,,,,,,,,,,,,,,,,,,,,,,,,,,,,,,,,,,,,,,,,,,,,,,,,,,,,,,,,,,,,,,,,,,,,,,,,,,,,,,,,,,,,,,,,,,,,,,,,,,,,,,,,,,1728.711569242117,,1743.8143427603475,1785.0
630,838,Mason County,county,WA,WA,"Shelton, WA",53,045,,,,,,,,,,,,,,,,,,,,,,,,,,,,,,,,,,,,,,,,,,,,,,,,,,,,,,,,,,,,,,,,,,,,,,,,,,,,,,,,,,,,,,,,,,,,,,,,,,,,,,,,,,,,,,,1389.0798291046742,1418.0531005545597,1378.8286031379973,1360.705292032268,1382.5922563562167,,1451.610784075183,1419.972801280254,1420.2260420244604,1422.0968538925238,1539.1402712504268,1540.6134387491884,1612.861111111111
3108,839,Nacogdoches County,county,TX,TX,"Nacogdoches, TX",48,347,,,,,,,,,,,,,,,,,,,,,,,,,,,,,,,,,,,,,,,,,,,,,,,,,,,,,,,,,,,,,,,,,,,,,,,,,,,,,,,,,,,,,,,,,,,,,,,,,,,,,,,,,,,,,,1108.8867556195337,1117.2548550938864,1147.2739359595544,1169.9298254988198,1182.6432229348684,1155.2563750132224,1134.9965273910852,1122.1405695000892,1119.547397972293,1121.244566151926,1118.5628824286418,1124.1106551648322,1121.1094084085926,1159.5
915,840,Carbon County,county,PA,PA,"Allentown-Bethlehem-Easton, PA-NJ",42,025,,,,,,,,,,,,,,,,,,,,,,,,,,,,,,,,,,,,,,,,,,,,,,,,,,,,,,,,,,,,,,,,,,,,,,,,,,,,,,,,,,,,,,,,,,,,,,,,,,,,,1042.2396126745693,1043.2433136931581,1051.0901967252064,,1034.7071430915637,1019.8109043224025,1038.7453747170637,1086.7115241351394,1084.4072296731488,1148.859078166852,1139.159773025252,1175.2982849678485,1117.753885174748,1097.4019439168153,1118.4121706634041,1115.7215693548385,1128.0948784437462,1132.900613527002,1150.2247234786782,1176.2656941727937,1162.533890142584,1213.0514914371965,1254.6666666666667
702,841,Salem County,county,NJ,NJ,"Philadelphia-Camden-Wilmington, PA-NJ-DE-MD",34,033,,,,,,,,,,,,,,,,,,,,,,,,,,,,,,,,,,,,,,,,,,,,,,,,,,,,,,,,,,,,,,,,,,,,,,,,,,,,,,,,,,,,,,,,,,,,,,,,,,,,,,,,,,,,,,,,,,,,,,,,1919.4695972381428,,2121.746974915487,2100.0
142,843,Coos County,county,OR,OR,"Coos Bay, OR",41,011,,,,,,,,,,,,,,,,,,,,,,,,,,,,,,,,,,,,,,,,,,,,,,,,,,,,,,,,,,,,,,,,,,,,,,,,,,,,,,,,,,,,,,,,,,,,,,,,,,,,,,,,,,,,,,,,,,,,,,,,,,1489.7879133619663,1518.3333333333335
1859,845,Liberty County,county,GA,GA,"Hinesville, GA",13,179,898.862815616332,904.1582845186657,911.2257252798938,908.7092351022181,915.7192022821766,913.2746969871062,916.8319336923768,913.5145992933913,909.781758622561,905.8974652602072,906.9200526922294,905.903649097312,908.2977157910692,906.9519794912324,916.1067492305679,915.2933732455244,920.6355892376558,914.6447867334672,920.3751001505068,914.3606289482797,919.2020146279775,920.2036596388007,924.4724451324661,925.5492846233841,927.6535900451661,929.1027726457932,928.9526872337873,924.3435587610592,930.6284879422028,931.663448764314,937.5738850961806,938.1430299453352,944.1821361435703,946.2483103683871,943.5423756393571,944.2074607002012,947.2694444344185,950.7612841262063,949.7659871482646,950.2246119626539,949.1246140936827,955.5845434918634,956.322483319571,962.0092177101548,962.7616696887893,962.2472710809936,959.5732325687961,962.5213166181748,966.7634556462167,975.967662210217,976.9328571355118,981.1058039136011,987.2050236069848,988.9157536028017,989.1244763474699,988.7965608651582,992.4644936512459,1000.1979051394302,997.5008266693602,995.7729000991579,993.6166812246116,1006.0022210306564,1015.6851243653274,1021.412124042155,1019.9610577454919,1019.5281086320474,1037.226566583679,1052.8960651893492,1064.4060929593313,1065.0674432843468,1063.9205915697614,1081.7939673926805,1093.2319374488256,1115.7450352811547,1118.0777118258009,1115.3749936722445,1133.531096677262,1155.3426162647631,1205.8072666145542,1235.9293167186293,1282.5861426305787,1288.652779979237,1332.3710517099976,1337.8538507155677,1361.1456003077565,1372.288375248562,1366.3860691050759,1403.6099166395427,1405.602007491485,1452.570279788321,1434.3772311111934,1449.723005867379,1454.7789788245955,1471.5085199057232,1459.2296841650261,1450.017538000952,1482.5920061677398,1489.853330444509,1503.7616284509584,1502.8186922102639,1508.5751253109192,1505.5538187679522,1472.0452215669916,1459.8522330495177,1461.4513709696414,1472.58038575566,1492.171012611268,1512.6907042058797,1529.4032921342903,1526.2870459981723,1528.1038656778617,1544.0375163523856,1592.7097742538322,1624.4016739801932,1651.4465482240214,1633.547575413305,1634.2549279950515,1630.852754509524,1640.5625731713894,1631.9850371858827,1633.6998850639386,1621.9531476196591,1618.155303030303
1745,846,Hamblen County,county,TN,TN,"Morristown, TN",47,063,,,,,,,,,,,,,,,,,,,,,,,,,,,,,,,,,,,,,,,,,,,,,,,,,,,,,,,,,,,,,,,,,,,,,,,,,,,,,,,,,,,,,,,,,,,,,,,,,,,,,,,,,,,,,,,,,,,1515.2418188651488,1588.1773229053506,1529.0750144768067,1560.9509404558034,1513.6405343946922,1472.3887307353814,1477.9868721749133,1520.5954148371025,1538.3333333333333
589,847,Lamar County,county,MS,MS,"Hattiesburg, MS",28,073,,,,,,,,,,,,,,,,,,,,,,,,,,,,,,,,,,,,,,,,,,,,,,,,,,,,,,,,,,,,,,,,,,,,,,,,,,,,,,,,,,,,,,,,,,,1246.1273517743955,1255.5960613360876,1289.6825061283766,1296.1037945607563,1291.3257581148494,1289.2271386556708,1268.3999341363417,1271.647656346994,1278.3506904759709,1291.0384604614794,1308.3460399470225,1323.7318723443914,1336.3609351274126,1331.363815274895,1301.4435682350759,1298.374837696995,1281.4132175506513,1281.974955425102,1269.5913101923304,1284.9519441676089,1304.3281275136244,1334.5905091390907,1350.4608626834781,1358.401928011412,1375.4758566271216,1380.3157162091393,1370.609941755999,1374.932964040094,1383.8595358265231,1401.291887888679,1390.0513256241309,1376.3213262432796,1393.7336932073777
2070,848,Warrick County,county,IN,IN,"Evansville, IN-KY",18,173,,,,,,,,,,,,,,,,,,,,,,,,,,,,,,,,,,,,,,,,,,,,,,,,,,,,,,,,,,,,,,,,,,,,,,,,,,,,,,,,,,,,,,,,,,,,,,,,,,,,,,,,,,,,,,,,,,,,,,,1497.044914869621,1529.3608807524558,1642.786299384659,1599.982274281973,1629.1666666666667
1539,849,Belknap County,county,NH,NH,"Laconia, NH",33,001,,,,,,,,,,,,,,,,,,,,,,,,,,,,,,,,,,,,,,,,,,,,,,,,,,,,,,,,,,,,,,,,,,,,,,,,,,,,,,,,,,,,,,,,,,,,,,,,,,,,,,,,,,,,,,,,,1796.6787217491446,1873.681581291343,1867.9609013021898,1857.0659450768237,1782.9125365770246,1738.4815279865709,1759.0313299679149,1784.770122732578,1783.862800340765,1793.3348495326904,1814.3333333333333
2689,850,Effingham County,county,GA,GA,"Savannah, GA",13,103,,,,,,,,,,,,,,,,,,,,,,,,,,,,,,,,,,,,,,,,,,,,,,,,,,,,,,,,,,,,,,,,,,,,,,,,,,,,,,,,,,,,,,1702.7633694942272,1730.535546508748,1768.288548689111,1759.8873599229978,1775.103198451348,1763.3760388036642,1782.9907060039725,1785.4910352913093,1807.4972302656245,1806.0261449612362,1813.6036217842434,1826.869058686417,1864.229547815579,1876.6236325727937,1906.227357105115,1939.2749979653295,1971.5221892809434,1971.3202306284936,1974.9964742023494,1969.3792061149472,1967.9998362440604,1999.832142369826,2005.556508928186,2007.5988286600277,1953.522567402039,1971.467375573721,1991.6172724253024,2026.1447092447709,2055.356819596333,2080.7961003827,2091.1989628046376,2092.1847352303275,2075.26195079092,2075.1059777984747,2049.5999447699705,2057.0647873830444,2077.4980092257333,2096.388888888889
3020,852,San Benito County,county,CA,CA,"San Jose-Sunnyvale-Santa Clara, CA",06,069,,,,,,,,,,,,,,,,,,,,,,,,,,,,,,,,,,,,,,,,,,,,,,,,,,,,,,,,,,,,,,,,,,,,,,,,,,,,,,,,,,,,,,,,,,,,,,,,2833.207547676323,2732.1951590851863,2741.1158068892323,2772.7961370984,2899.8606058063638,2902.3954728584963,2890.3648072380483,2878.9540227065313,2888.7206677265776,2865.076185821643,2815.6947184863902,2826.34582972058,2840.56633434443,2900.572675328044,2881.245173328986,2972.2763977861923,2954.9013956916683,2999.9722947118107,2957.905752669685,3009.008398298861,3046.949424652497,3044.9009686706677,3023.756081850704,3039.35488406418,3011.7987852636065,3037.8366389947837,3014.6718617379624,3069.3333333333335
1881,853,Lincoln County,county,SD,SD,"Sioux Falls, SD",46,083,,,,,,,,,,,,,,,,,,,,,,,,,,,,,,,,,,,,,,,,,,,,,,,,886.9438674680416,891.231072834223,884.0790941115955,889.8595233842441,895.3559432550999,907.8002000725076,892.6969959650716,907.0162476755482,905.8105982276821,924.9651154693798,921.4377382271232,921.345086943799,927.1869634990189,924.7597502252081,911.321911650119,904.2255458088802,907.3346911926494,916.2764060804523,926.147606204291,929.212585743641,934.09518517979,946.6025781722801,949.6922227403282,944.1724044322417,927.9947555183729,934.4449670927049,948.9936840201158,959.1444849415652,971.1536042507291,984.6516868072811,997.9398949152421,1003.2665063230572,1009.0711898113276,1016.1098880312679,1028.7471397425782,1040.774657997343,1048.8607014890933,1060.9445272812857,1073.7114307177235,1093.6055137868407,1103.7414651427407,1113.3819824996356,1133.7856669754697,1156.6655395869786,1180.791275813672,1174.2116734372412,1159.2847716122178,1152.2417952156134,1144.8317948129045,1146.1127160607766,1147.189819496665,1159.1816451556003,1166.0941458798304,1177.297212285959,1188.4277558024155,1198.4009091186251,1189.0882416866943,1184.21462785916,1170.7463782251032,1172.6074298809062,1167.4807098972578,1171.3618416446375,1174.9463981797462,1188.059594480483,1204.0231409122869,1208.6842594502675,1205.5669473285282,1200.7270494407605,1198.055643923519,1203.2815242117358,1199.3608227144161,1197.2161844914183,1198.3300549419714,1201.606931652252,1205.5442038707556,1196.958152958153
2928,855,Georgetown County,county,SC,SC,"Georgetown, SC",45,043,,,,,,,,,,,,,,,,,,,,,,,,,,,,,,,,,,,,,,,,,,,,,,,,,,,,,,,,,,,,,,,,,,,,,,,,,,,,,,,,,,,,,,,,,,,,,,,,,,,,,,,,,,,,,,,,,2089.9928073503606,2100.2490096597,2105.6771453362076,2095.9509874108717,2103.046489773301,2099.464814482043,2191.112448580626,2195.1038250134943,2163.4590454062795,2134.861233172361,2153.1666666666665
841,856,Athens County,county,OH,OH,"Athens, OH",39,009,,,,,,,,,,,,,,,,,,,,,,,,,,,,,,,,,,,,,,,,,,,,,,,,,,,,,,,,,,,,,,,,,,,,,,,,,,,,,,,,,,,,,,,,,,,,,,,,,,,,845.430408371882,830.2406014084273,867.0826046323629,886.3210319245438,924.8144546461032,937.404892658723,955.0555117568696,983.3380457263935,966.3565236417228,960.9361691151014,946.2069506225746,957.5200826469141,942.1235555360108,952.1391400411114,941.1844711628447,960.4583891578889,949.3041682866191,957.2209820147565,1051.912486164386,1107.3379117363986,1134.261545303625,1035.571719835133,1027.5308938763158,1059.4444444444446
86,857,Lee County,county,NC,NC,"Sanford, NC",37,105,,,,,,,,,,,,,,,,,,,,,,,,,,,,,,,,,,,,,,,,,,,,,,,,,,,,,,,,,,,,,,,,,,,,,,,,,,,,,,,,,,,,,,,,,,,,,,,,,,,,,,1575.7127085130655,1544.22041796024,1553.0525404967348,1545.5011938047082,1573.5480990319484,1530.1023075901358,1573.9132334783935,1546.1246701392151,1605.5522942184991,1611.2777419528377,1646.5538137929505,1669.0491759020722,1665.731056283572,1703.3578371882274,1698.497887016996,1686.142295764489,1666.9914133701438,1648.8202834754964,1638.9268652014127,1597.1061476814582,1610.4267439694372,1656.6666666666667
2303,858,Garfield County,county,OK,OK,"Enid, OK",40,047,,,,,,,,,,,,,,,,,,,,,,,,,,,,,,,,,,,,,,,,,,,,,,,,,,,,,,,,,,,,,,,,,,,,,,,,,,,,,,,,,,,,,,,,,991.0397626510894,1010.9201108509865,1024.0881994512415,1033.4925573851558,1038.377339856911,1018.5615345016336,1010.806364029778,995.9625152495023,1020.9732770822418,1025.088851636842,1039.762515170051,1035.2666311248831,1039.5405544137639,1041.0645644803024,1046.6968534958803,1046.341502445283,1045.7024216555794,1052.0928392318738,1054.724082895301,1062.7415384811086,1068.071834979068,1067.5430436646357,1065.485025146193,1059.6008590753115,1075.588855663844,1086.7600846340383,1086.8781953709567,1080.299789635341,1076.8280800904022,1075.7354378636835,1103.975813126035,1113.668919198395,1163.356587798639,1158.8204053315956,1167.3015873015872
173,859,Hall County,county,NE,NE,"Grand Island, NE",31,079,,,,,,,,,,,,,,,,,,,,,,,,,,,,,,,,,,,,,,,,,,,,,,,,,,,,,,,,,,,,,,,,,,,,,,,,,,,,,,,,,,,,,,,,,,,,,,,,,,,,,,,,,,,,,,,,,,,1211.621600321431,1218.620973118771,1227.5393612788166,1199.6544873316595,1216.8587794118714,1208.3104960489927,1249.3498483379824,1264.9125350313534,1299.3333333333333
3147,862,Walla Walla County,county,WA,WA,"Walla Walla, WA",53,071,,,,,,,,,,,,,,,,,,,,,,,,,,,,,,,,,,,,,,,,,,,,,,,,,,,,,,,,,,,,,,,,,,,,,,,,,,,,,,,,,,,,,,1404.3058287800375,1411.456408959803,1432.87313965874,1459.283418679864,1468.0120055042014,1489.0342334752117,1480.8635549445112,1488.1571401124297,1483.425412932932,1488.6116184490345,1506.378571507245,1505.8088615576,1526.8729022008715,1534.01404520719,1553.1961013482728,1554.1504986644654,1556.92599773007,1555.7624885463201,1569.7302620187843,1567.4375408380722,1580.0938063934266,1580.9452285156046,1579.7304335788829,1571.7452423468194,1567.5401647370325,1577.6010528013428,1581.1393442662475,1585.4363511253948,1599.8307028887425,1606.3448707115276,1618.630631753891,1615.9697348086304,1613.4380647005075,1602.0046140298764,1612.4588261765457,1627.254269440377,1636.5356380971425,1635.9278499278498
1397,863,Stanly County,county,NC,NC,"Albemarle, NC",37,167,,,,,,,,,,,,,,,,,,,,,,,,,,,,,,,,,,,,,,,,,,,,,,,,,,,,,,,,,,,,,,,,,,,,,,,,,,,,,,,,,,,,,,,,,,,,,,,,,,,,,,,,,,,,,,,,,,,,,,,,1668.8501183301307,1690.0031385296156,1614.8086978864212,1663.3333333333333
301,865,Reno County,county,KS,KS,"Hutchinson, KS",20,155,,,,,,,,,,,,,,,,,,,,,,,,,,,,,510.9368733692029,512.3509583146705,511.72698916192843,515.832019076988,517.3725259275354,520.5743015856394,522.648168547136,530.1570109614931,531.9926014585201,531.6294334096199,530.687522236301,533.0847391397016,533.0314984517639,524.0302729148658,526.6962088386991,526.416713667425,534.7249199282086,526.0563673688926,527.622404755017,528.251248050532,538.5644330239248,540.373003251047,541.8802740443065,541.7491019375458,543.5081451666094,540.763266108861,543.6135872730117,542.3076269409148,536.4076318142113,539.2397007808925,541.4217826324137,556.136152541522,552.9968758550837,560.4951070495372,559.9851156720257,561.1149209967518,561.296333001402,561.0183841890833,565.2344871661056,566.8034849926453,570.4566655556004,567.7792282075202,566.4474958074336,566.3426919268995,565.9980100303626,563.5202713894021,565.5702656781351,578.6559224460204,590.5611375000792,592.098265018867,591.1415823195998,588.3130438579794,589.6750508735447,588.3026413018204,579.5599435804105,599.0222560219177,605.5364611097569,626.2819375746242,610.8236773744488,616.6973920705043,622.2563122897614,,646.6103398282863,655.2278214763259,655.4738266344867,652.9751535883526,643.0270073162578,662.7271295112839,662.2049325849271,677.622004240116,674.2517854952845,678.9382968929914,680.5968816808925,688.2751762973513,689.1969744324313,695.5774568673812,701.3651079810093,711.6188947010232,708.2338208878322,702.7048444314948,703.2764413041527,705.4780572608872,720.4307558234974,726.6072398607722,736.1209811222445,733.2110574956564,726.464051155421,731.764863841065,731.869250608852,741.0903370420101,734.9454346586017,727.8328966596051,724.8678584316053,742.1882880783577,763.2724867724868
773,867,Union County,county,OH,OH,"Columbus, OH",39,159,,,,,,,,,,,,,,,,,,,,,,,,,,,,,,,,,,,,,,,,,,,,,,,,,,,,,,,,,,,,,,,,,,,,,,,,,,,,,,,,,,,,,1299.2693624220287,1308.7288753073342,1335.3815827795722,1373.1449078196963,1419.3452470465693,1442.264547465156,1485.6072296408877,1484.565316131103,1497.6801486783684,1487.3694373779829,1485.3822200946117,1490.1939907114809,1474.9128566411396,1463.174829726025,1462.659772323072,1485.4419066881524,1518.2787236025476,1542.9051218231689,1563.4875728539077,1570.8851749590958,1588.2493912984312,1552.6948878002709,1560.0660334254223,1553.572174922155,1577.5871437991902,1589.1050718619001,1594.8401296978695,1613.8941728941716,1639.2666438286537,1647.41546517047,1653.4760188058594,1639.946025008011,1650.22050835231,1662.6908945998177,1659.494942191585,1644.856077549618,1629.123700525088,1634.940414056692,1640.388888888889
1769,868,Haywood County,county,NC,NC,"Asheville, NC",37,087,,,,,,,,,,,,,,,,,,,,,,,,,,,,,,,,,,,,,,,,,,,,,,,,,,,,,,,,,,,,,,,,,,,,,,,,,,,,,,,,,,,,,,,,,,,,,,,,,,,,,,,,,,,,,1707.0679288518925,1720.139556084518,1707.5167008026103,1740.0211445771388,1767.6751916399708,1743.4790989484618,1741.7146537841277,1729.9502427487591,1756.6035672741193,1779.1201434232535,1765.0827873001194,1788.1545150697477,1827.5692177596256,1848.6016471380804,1852.0833333333333
2214,869,Columbia County,county,NY,NY,"Hudson, NY",36,021,,,,,,,,,,,,,,,,,,,,,,,,,,,,,,,,,,,,,,,,,,,,,,,,,,,,,,,,,,,,,,,,,,,,,,,,,,,,,,,,,,,,,,1784.3417792809867,1884.9974545757063,1935.357814484589,1933.7498913428717,1885.4465876329061,1881.43080491346,1938.6799416531142,1949.970559775217,1959.417826853424,1937.7718181152177,1965.9198655999942,1976.747538185784,1996.9732145916073,2002.3585596812857,1976.5799699487995,1994.0370343905715,1940.761192784298,1993.9186163583324,1990.6269899818344,2083.23055845417,2101.746827922993,2128.3772130955363,2063.4566632823244,2129.3469226833527,2144.785319435556,2192.978546825464,2090.912200800646,2097.236185533517,2164.8979209129157,2247.8068215898447,2224.3169313584585,2263.038390533949,2225.9249384919476,2310.1413088566355,2295.2237261141904,2331.7200337973804,2332.2075795614046,2360.0
2300,871,Garfield County,county,CO,CO,"Glenwood Springs, CO",08,045,,,,,,,,,,,,,,,,,,,,,,,,,,,,,,,,,,,,,,,,,,,,,,,,,,,,,,,,,,,,,,,,,,,,,,,,,,,,,,,,,,,,,,,,,,,,,,,,,,,,,,2476.6748334047074,2478.031055684094,2467.106952392749,2506.6632457855417,2503.930487213957,2475.891407960717,2490.108529827488,2522.400396521131,2466.0079817974865,2520.1162387119157,2563.874093564751,2710.9923331062823,2731.6339873551633,2714.2938646120365,2693.293269829105,2667.234597310298,2671.7312742521926,2684.8341609954305,2627.333015252565,2612.489342740105,2581.1737439300177,2649.809523809524
155,872,Eddy County,county,NM,NM,"Carlsbad-Artesia, NM",35,015,,,,,,,,,,,,,,,,,,,,,,,,,,,,,,,,,,,,,,,,,,,,,,,,,,,,,,,,,,,,,,,,,,,,,,,,,,,,,,,,,,,,,,,,,,,,,,,,,,,,,,,,,,,,,,2042.9639008615422,1978.7562566811116,2035.6665668509143,2073.622039097913,2161.213233312669,2156.4053946183353,2172.7265533179684,2155.0296532931516,2074.203648835238,2100.5984584027424,2090.2904316680665,2142.2123231374926,2096.60916882059,2072.222222222222
1435,873,Tipton County,county,TN,TN,"Memphis, TN-MS-AR",47,167,,,,,,,,,,,,,,,,,,,,,,,,,,,,,,,,,,,,,,,,,,,,,,,,,,,,,,,,,,,,,,,,,,,,,,,,,,,,,,,,,,,,,,,,,,,,,,,,,,,,,,,,,,,,,,,,,,1404.2834518083698,1425.9159650419804,1419.4490493265434,1442.633034335805,1455.017363628411,1476.9673353086098,1496.0470883115463,1509.9679027373027,1535.171196564855,1543.3333333333333
2226,874,Crawford County,county,AR,AR,"Fort Smith, AR-OK",05,033,,,,,,,,,,,,,,,,,,,,,,,,,,,,,,,,,,,,,,,,,,,,,,,,,,,,,,,,,,,,,,,,,,,,,,,,,,,,,,,,,,,,,,,,,,,,,836.167178000823,826.0098038133949,837.0676312144548,826.5255882390572,836.2097075464991,842.106555240651,851.2157344132094,843.35326150615,,855.7945909747541,870.7982043532962,879.2865800802165,887.3110107147171,885.6530866317673,869.8684683920568,864.0636984533438,864.9608488426957,877.9809634709052,872.94614554713,891.1973704016472,906.3575527139502,936.0847466758935,930.7354253810312,929.0683597497643,926.2166719200719,929.9954238790206,923.8918002119148,907.1121778475678,908.2165488132546,,929.3333333333334
2009,879,Rutland County,county,VT,VT,"Rutland, VT",50,021,,,,,,,,,,,,,,,,,,,,,,,,,,,,,,,,,,,,,,,,,,,,,,,,,,,,,,,,,,,,,,,,,,,,,,,,,,,,,,,,,,,,,,,,,,,,,,,,,,,,,,,,,,,,,,,,,,,,,,,,,,,1461.25
2915,880,Cumberland County,county,TN,TN,"Crossville, TN",47,035,,,,,,,,,,,,,,,,,,,,,,,,,,,,,,,,,,,,,,,,,,,,,,,,,,,,,,,,,,,,,,,,,,,,,,,,,,,,,,,,,,,,,,,,,,,,,,,,,,,,,,,,,,,,,,,,,,,,,,,,,1602.9480697139916,1657.25113280021,1716.6666666666667
184,881,Hood County,county,TX,TX,"Granbury, TX",48,221,,,,,,,,,,,,,,,1018.3306363027476,1025.4919952840069,1036.1689596423407,1037.6472055826657,1039.7162931530656,1035.5973534260802,1039.7679507210319,1056.8032539961973,1068.8079920346802,1070.826194943901,1060.2621920498193,1075.2673358251132,1095.33347007206,1099.7961302792044,1095.3546205685811,1088.1594795865471,1099.3172864120124,1109.2677072983488,1121.5301625550578,1127.8030711633558,1115.5143927654276,1099.9132881356911,1098.466681081233,1120.3122341663827,1131.9884569839896,1149.9213492186584,1149.831230521636,1167.867675452978,1159.0880447547738,1163.7154496328033,1165.8348020302685,1161.6053118608725,1171.8229467065105,1183.327627823623,1215.0062204637175,1228.1696773052188,1232.9048252684727,1219.0843045861511,1212.2764267096213,1224.3235462748032,1242.6893568825249,1245.1688784963176,1236.8423117766918,1222.3534098631465,1230.8970771068712,1225.7934257658494,1249.0832881749411,1247.6101903365834,1267.9343991118412,1261.4370943658103,1270.526303807421,1271.6512251316863,1267.1699398729663,1253.2144495066989,1254.976905022726,1276.046716195669,1306.2214563962602,1320.915626718906,1325.244110709573,1341.905143187972,1364.3592372088897,1389.6341197918407,1393.4526070024517,1363.2712087010132,1385.6273494661234,1385.590915747465,1426.1295899185138,1403.7539472863498,1454.696478760239,1508.1043154977294,1535.5571584208133,1528.6067639636408,1508.4038355874231,1524.7810145265787,1523.291341754772,1524.9281710039174,1537.5235069604141,1556.893654706386,1590.4295506829274,1605.2265010548194,1593.3699286879853,1599.7224391697212,1598.6100555193561,1567.5682447255806,1538.6091709750701,1534.7144347290007,1574.4170451898615,1596.8323135728467,1606.3149933612856,1617.3903127894257,1593.403191337314,1590.631660183322,1588.839586859884,1595.8813025510292,1610.8009530882869,1636.16944465517,1649.6907560989143,1662.8564395340652,1661.3933160477775,1665.5844579292657,1686.8386258523776,1689.8632305616657,1686.4291640429292,1665.9762611613978,1659.2598462563285,1692.6326190532247,1721.2747343511705,1698.715123444359,1695.2564102564102
2149,882,Bradford County,county,PA,PA,"Sayre, PA",42,015,,,,,,,,,,,,,,,,,,,,,,,,,,,,,,,,,,,,,,,,,,,,,,,,,,,,,,,,,,,,,,,,,,,,,,,,,,,,,,,,,,,,,,,,,,,,,,,,,,,,,,,,,,,,,,,,,,,,,,,,,,1060.2607181173416,1062.5
1313,883,Pender County,county,NC,NC,"Wilmington, NC",37,141,,,,,,,,,,,,,,,,,,,,,,,,,,,,,,,,,,,,,,,,,,,,,,,,,,,,,,,,,,,,,,,,,,,,,,,,,,,,,,,,,,,,,1608.2922903349038,1610.7250131311132,1657.4718299968863,1687.900222898782,1753.9428536998546,1769.6050626062035,1809.9463346916248,1826.8235351067383,1853.5867738152226,1839.8135986402078,1837.6194552745683,1804.3720294973432,1815.591482688084,1820.6427059420555,1832.5091447599573,1836.7496296415736,1843.9987985590524,1880.2982681676463,1902.8484373459592,1916.3150077865796,1894.3028655354515,1892.2387120996548,1905.9321339772696,1903.7265638295191,1900.3517405655273,1854.7393546368526,1851.3399649413766,1859.2037818731847,1900.2384446970123,1909.9466047932992,1932.610703158283,1977.2325534760291,2044.969195735368,2034.7651816537573,1994.934775197913,1927.9099656133649,1913.1907896563764,1908.4030460278825,1907.0787037037037
3067,884,Washington County,county,OH,OH,"Marietta, OH",39,167,,,,,,,,,,,,,,,,,,,,,,,,,,,,,,,,,,,,,,,,,,,,,,,,,,,,,,,,,,,,,,,,,,,,,,,,,,,,,,,,,,,,,,,,,,,,,,,,,,,,,,,,,,,,,,,,,,,,,,,1043.0750391051147,1085.6854296174108,1146.5518786015643,1127.1198037190015,1130.0555555555557
1204,885,Mercer County,county,WV,WV,"Bluefield, WV-VA",54,055,,,,,,,,,,,,,,,,,,,,,,,,,,,,,,,,,,,,,,,,,,,,,,,,,,,,,,,,,,,,,,,,,,,,,,,,,,,,,,,,,,,,,,,,,,,,,,,,,,,,,651.7723762441051,670.4291141098284,658.1026783157762,691.0852123265602,689.8682064949409,698.3257898719721,688.0538655027555,693.552319300023,725.2553322233937,733.0498875101464,739.4995812306876,728.0198471482923,748.4445700868866,734.0306445165033,753.4846512710155,750.4620010041488,776.6893125092474,781.4211786673446,797.630694086505,805.9907728459524,802.1823330397399,,805.8333333333334
2992,886,Otter Tail County,county,MN,MN,"Fergus Falls, MN",27,111,,,,,,,,,,,,,,,,,,,,,,,,,,,,,,,,,,,,,,,,,,,,,,,,,,,,,,,,,,,,,,,,,,,,,,,,,,,,,,,,,,,,,,,,,,,,,,,,,,,,,,,,,,,,,,,,,,,,,,,,,,,850.0
1298,890,Otsego County,county,NY,NY,"Oneonta, NY",36,077,,,,,,,,,,,,,,,,,,,,,,,,,,,,,,,,,,,,,,,,,,,,,,,,,,,,,,,,,,,,,,,,,,,,,,,,,,,,,,,,,,,,,,,,,,,,,,,,,,,,,,,,,,,,,,,,,1330.506111903321,1363.7564060008524,1335.9335297255009,1300.5048146222357,1323.093006643346,1322.66026022337,1369.8275840394244,1359.3166486736745,1335.4218696884648,1308.545897729847,1263.3333333333333
1890,893,Lowndes County,county,MS,MS,"Columbus, MS",28,087,,,,,,,,,,,,,,,,,,,,,,,,,,,,,,,,,,,,,,,,,,,,,,,,,,,,,,,,,,,,,,,,,,,,,,,,,,,,,,,,,,,,,,,,,,,,,,,,,,,,,,,,1355.8803079683998,1360.5270210611434,1359.8589491824832,1334.3305806491296,1325.0225986990642,1335.8308753117117,1339.8161321143127,1347.2884723904276,1368.4683487315765,1401.048901752269,1434.696446935677,1438.5542574307253,1455.033297271652,,1474.4844732986965,1453.5392149784298,1426.970224606379,1414.6962314649165,1437.7141719934896,1435.888888888889
2862,895,Van Zandt County,county,TX,TX,,48,467,,,,,,,,,,,,,,,,,,,,,,,,,,,,,,,,,,,,,,,,,,,,,,,,,,,,,,,,,,,,,,,,,,,,,,,,,,,,,,,,,,,,,,,,,,,,,,,,,,,,,,,,,,,,,,,,,,,,,,,,,,,1450.0
3257,896,Kenai Peninsula Borough,county,AK,AK,,02,122,,,,,,,,,,,,,,,,,,,,,,,,,,,,,,,,,,,,,,,,,,,,,,,,,,,,,,,,,,,,,,,,,,,,,,,,,,,,,,,,,,,,,,,,,,,,,,,,,,,,,,,,,,,,,,,,,,,,,,,,,,,1676.25
2005,897,Russell County,county,AL,AL,"Columbus, GA-AL",01,113,,,,,,,,,,,,,,,,,,,,,,,,,,,,,,,,,,,,,,,,,,,,,,,,,,,,,,,,,,,,,,,,,,,,,,,,,,,,,,,,,,,,,,,,,,,,1256.2961071438076,1244.0836893801832,1277.0117676480115,1297.7030956333144,1295.9177398930851,1284.7854581956055,1258.9896784623684,1265.7520747878482,1275.8432533568327,1290.175883813458,1291.7320801668643,1298.3362427330203,1319.0542012847889,1312.7021703694872,1309.2648267038242,1302.306079423139,1315.524204392664,1331.6088734123691,1339.991143023518,1360.8960835066468,1368.412402198931,1368.7360874147332,1381.9380146774065,1407.5309830268288,1396.0425898924461,1369.8187349771006,1347.486537131227,1357.0620315047133,1372.3310570904844,1389.6349867550923,1400.8386393689111,1430.277777777778
1872,898,Lincoln County,county,MO,MO,"St. Louis, MO-IL",29,113,,,,,,,,,,,,,,,,,,,,,,,,,,,,,,,,,,,,,,,,,,,,,,,,,,,,,,,,,,,,,,,,,,,,,,,,,,,,,,,,,,,,,,,,,,,,,,,,,,,,,,,,,,,,,,,,,,,,,,,,,,1463.0477421273715,1512.5
2479,901,Pickaway County,county,OH,OH,"Columbus, OH",39,129,,,,,,,,,,,,,,,,,,,,,,,,,,,,,,,,,,,,,,,,,,,,,,,,,,,,,,,,,,,,,,,,,,,,,,,,,,,,,,,,,,,,,,,,,,,,,,,,,,,1165.1636585876167,1182.7836290158682,1186.8360357612644,1181.6121369134064,1160.572592591645,1186.0427319936014,1215.461282252594,1236.646236514465,1246.372942950374,1266.4514688566962,1279.4716869676415,1277.9045534132692,1275.7883891430863,1281.710435802125,1277.158623376445,1292.9331584150561,1314.4446839469767,1359.2991875981716,1368.3053943099485,1290.2262532605048,1296.5130917521328,1299.9511537013884,1389.2712077037684,1410.21727609669,1439.1111111111113
1524,904,Autauga County,county,AL,AL,"Montgomery, AL",01,001,,,,,,,,,,,,,,,,,,,,,,,,,,,,,,,,,,,,,,,,,,,,,,,,,,,,,,,,,,,,,,,,,,,,,,,,,,,,,,,,,,1623.1152832100622,1622.6942489180187,1614.956119362225,1579.2830581459023,1625.313054745486,1661.2819834981176,1703.9198835107813,1677.0255590163767,1674.571216036746,1663.5370216756212,1704.437979098461,1710.5437483900696,1703.0063970268661,1667.4771465626684,1678.216213341621,1676.1282015695845,1724.2422962264864,1742.7445855700335,1771.6558646572648,1757.0847528992847,1773.2812685793867,1769.6452348835453,1772.0864827707392,1751.3498518276235,1752.825244785462,1725.6554606220384,1749.2571966867458,1782.1064086777913,1820.050570137067,1855.571423792538,1854.4746874116117,1875.9517034497549,1850.5244400643762,1868.485343278077,1864.0058442805948,1915.353345072285,1922.8577603418462,1937.3746769546178,1895.6896296614595,1883.5045551817723,1886.7849887886946,1915.0984848484848
2218,905,Columbia County,county,WI,WI,"Madison, WI",55,021,,,,,,,,,,,,,,,,,,,,,,,,,,,,,,,,,,,,,,,,,,,,,,,,,,,,,,,,,,,,,,,,,,,,,,,,,,,,,,,,,,,,,,,,,,,,,,,,,,,,,,,,,,,,,,,,,,,,,,,,,,,1100.0
249,908,Lyon County,county,NV,NV,"Fernley, NV",32,019,,,,,,,,,,,,,,,,,,,,,,,,,,,,,,,,,,,,,,,,,,,,,,,,,,,,,,,,,,,,,,,,,,,,,,,,,,1357.4197617130671,1347.8067807905645,1353.4265506352156,1385.1675428643657,1412.9689970254517,1434.582674707306,1425.7882911399481,1430.4900532012687,1438.5144974756838,1469.5010480849683,1455.4624484248345,1457.1195292051189,1437.7425804714,1462.3104854633377,1480.5294297896783,1505.8317644055217,1504.3538521776425,1496.2272702633306,1501.7822702245924,1503.5262241123587,1505.3917536975348,1500.564517053169,1509.0217697321245,1508.585145862725,1517.1175705785267,1525.3359154986779,1545.60762659504,1564.8955275457743,1579.9572911869188,1580.7176130721975,1560.2505557962713,1565.5348764279063,1565.1263292009237,1596.9968803149523,1593.2119716118805,1600.6927929049984,1584.5647013374348,1578.291119000177,1609.0970116018138,1631.3872771606193,1645.5267295043868,1632.0312788169445,1638.3877808321513,1655.7132508804377,1646.722633578279,1650.3930186975072,1641.5441806152064,1658.974871237443,1675.0015792726379,1687.375
3087,909,Carson City,county,NV,NV,"Carson City, NV",32,510,,,,,,,,,,,,,,,,,,,,,,,,,,,,,,,,,,,,,,,,,,,,,,,,,,,,,,,,,,,,,,,,,,,,,,,,,,,,,,,,,,,,,,,,,,,,,,1563.7297609879993,1567.4820980910113,1606.4717058067777,1601.6964674775472,1608.9766140552051,1601.569324628758,1632.901864479622,1646.5474291373364,1636.351257570993,1629.7436294301601,1638.3298281846771,1675.9505060207784,1676.8517332361416,1667.4053785887813,1640.271593520089,1650.9770115200697,1685.8155839379453,1706.5269010866634,1692.4232953244054,1674.9510425687738,1669.639078369221,1696.7562984443066,1715.4278901721425,1743.2464348395522,1741.142306153918,1736.9083108059774,1735.2335667298632,1734.3542041959452,1741.7604314190992,1765.375
1305,910,Oxford County,county,ME,ME,,23,017,,,,,,,,,,,,,,,,,,,,,,,,,,,,,,,,,,,,,,,,,,,,,,,,,,,,,,,,,,,,,,,,,,,,,,,,,,,,,,,,,,,,,,,,,,,,,,,,,,,,,,,,,,,,,,,,,,,,,,,,,,,1125.0
2866,911,Vermilion Parish,county,LA,LA,"Lafayette, LA",22,113,,,,,,,,,,,,,,,,,,,,,,,,,,,,,,,,,,,,,,,,,,,,,,,,,,,,,,,,,,,,,,,,,,,,,,,,,,,,,,,,,,,,,,,,,,,,,,,,,,,,,,,,,,,,,,,,,,,,,,,,,,1657.1645258357455,1687.5
2417,912,Maverick County,county,TX,TX,"Eagle Pass, TX",48,323,,,,,,,,,,,,,,,,,,,,,,,,,,,,,,,,,,,,,,,,,,,,,,,,,,,,,,,,,,,,,,,,,,,,,,,,,,,,,,,,,,,,,,,,,,,,,,,,,,,,,,,,,,,,,,,,,,,,,,1616.23756594519,1593.1772778754446,1614.118612447208,1588.2016945029247,1592.6428435491518,1621.2666666666667
2757,913,Jefferson County,county,WV,WV,"Washington-Arlington-Alexandria, DC-VA-MD-WV",54,037,,,,,,,,,,,,,,,,,,,,,,,,,,,,,,,,,,,,,,,,,,,,,,,,,,,,,,,,,,,,,,,,,,,,,,,,,,,,,,,,,,,,,,,,,,,,,,,,,,,,,1624.0400054800682,1622.7065169150446,1624.5423863481622,1675.2050846969887,,1680.3787567638728,1703.1679157595236,1709.1095396892163,1719.7426036204538,1660.2179884646634,1679.6143299385199,1704.0233887001507,1723.5612363483497,1724.9597290582906,1734.5793425076306,1760.0295560399074,1809.3075210980498,1814.9113862155166,1816.4645254293894,1794.8355527999652,1784.8352611969774,1755.8445078244836,1749.0324074074076
2099,914,Windsor County,county,VT,VT,"Lebanon, NH-VT",50,027,,,,,,,,,,,,,,,,,,,,,,,,,,,,,,,,,,,,,,,,,,,,,,,,,,,,,,,,,,,,,,,,,,,,,,,,,,,,,,,,,,,,,,,,,,,,,,,,,,,,,,,,,,,,,,,1693.9475799662773,1708.7650921126353,1745.295457579541,1753.9416293109052,1771.313487430224,1818.3818824799862,1787.6265144900258,1859.8250369834295,1816.3596644852873,1812.8198452929312,1788.576651097961,1836.8651405690716,1843.1944444444446
1346,915,Putnam County,county,WV,WV,"Huntington-Ashland, WV-KY-OH",54,079,,,,,,,,,,,,,,,,,,,,,,,,,,,,,,,,,,,,,,,,,,,,,,,,,,,,,,,,,,,,,,,,,,,,,,,,,,,,,,,,,,,,,,,,,,,,,,,,,,,,,,,,,,,,,,,,,,,,,,,,,,,1212.5
947,916,Coffee County,county,TN,TN,"Tullahoma-Manchester, TN",47,031,,,,,,,,,,,,,,,,,,,,,,,,,,,,,,,,,,,,,,,,,,,,,,,,,,,,,,,,,,,,,,,,,,,,,,,,,,,,,,,,,,,,,,,,,,,,,1257.2384987920755,1243.1600498078171,1251.2390522655703,1258.4573861418187,1264.725619365239,,1276.8043665683865,1285.8499455852643,1298.754252921175,1282.680555437161,1291.918824138913,1301.5496593114144,1333.487003851915,1349.0124373445271,,1357.1340887354634,1345.8799428804684,1347.9243162793023,1338.9258026075797,1363.6404810965364,1395.0369807161962,1419.6910955641376,1416.994932851996,1400.0245635040296,1400.9727636347795,1383.8585396315175,1410.3260117160423,1411.453105316946,1437.1130076821632,1426.8555969084496,1415.138888888889
1044,917,Gordon County,county,GA,GA,"Calhoun, GA",13,129,,,,,,,,,,,,,,,,,,,,,,,,,,,,,,,,,,,,,,,,,,,,,,,,,,,,,,,,,,,,,,,,,,,,,,,,,,,,,,,,,,,,,,,,,,,,,,,,,,,,,,,,,,,,,,,1451.2528869284824,,1399.0473890232415,1408.8083761562661,,,1507.1714152832346,1511.522732455796,1499.0822521544608,1589.8080393246055,,,1560.5555555555557
2637,918,Box Elder County,county,UT,UT,"Ogden-Clearfield, UT",49,003,,,,,,,,,,,,,,,,,,,,,,,,,,,,,,,,,,,,,,,,,,,,,,,,,,,,,,,,,,,,,,,,,,,,,,,,,,,,,,,,,,,,,,,,,,,,,,,,,,,,,,,,,,,,,,1475.2554126457771,1498.1155659507224,1477.6569947918938,1460.7078946621652,1465.6224753962003,1476.8109876033573,1508.8612241409626,1498.8020382600967,1511.0899052101124,1482.9663662217936,1489.1697174871858,1465.8176634730212,1479.716758642131,1510.0
1768,919,Hawkins County,county,TN,TN,"Kingsport-Bristol, TN-VA",47,073,,,,,,,,,,,,,,,,,,,,,,,,,,,,,,,,,,,,,,,,,,,,,,,,,,,,,,,,,,,,,,,,,,,,,,,,,,,,,,,,,,,,,,,,,,,,,,,,,,,,,,,,,,,,,,,,,,,,,,1473.3475156635873,1455.1570720676566,1454.0500350948096,,1342.1890133214413,1393.0
923,921,Carter County,county,TN,TN,"Johnson City, TN",47,019,,,,,,,,,,,,,,,,,,,,,,,,,,,,,,,,,,,,,,,,,,,,,,,,,,,,,,,,,,,,,,,,,,,,,,,,,,,,,,,,,,,,,,,,,,,,,,,,,,,,,,,,,,,,,,,,,,,,,,,,,1091.480716702883,1065.079904579453,1092.0833333333333
710,922,Scott County,county,KY,KY,"Lexington-Fayette, KY",21,209,,,,,,,,,,,,,,,,,,,,,,,,,,,,,,,,,,,,,,,,,,,,,,,,,,,,,,,,,,,,,,,,,,,,,,,,,,,,,,,,,,,,,,,,,,,,,,,,,,,,,,,,1376.7007187145643,1386.7361553241342,1387.7446700001776,1361.4908921433234,1344.7369281936087,1363.1963646442468,1372.385877347857,1392.0927708230731,1392.2515839830544,1411.870231935267,1443.6376275501266,1446.7118758414952,1479.820563403659,1484.751102512375,1466.5597559985836,1453.2554030777897,1428.0208182885863,1458.5149856719404,1476.5864931566982,1504.4642857142856
1175,923,Marion County,county,WV,WV,"Fairmont, WV",54,049,,,,,,,,,,,,,,,,,,,,,,,,,,,,,,,,,,,,,,,,,,,,,,,,,,,,,,,,,,,,,,,,,,,,,,,,,,,,,,,,,,,,,,,,,,,,,,,,,,,,,,,,,,,,,,,,,,,,,,,,,,,1124.375
2193,924,Cherokee County,county,SC,SC,"Gaffney, SC",45,021,,,,,,,,,,,,,,,,,,,,,,,,,,,,,,,,,,,,,,,,,,,,,,,,,,,,,,,,,,,,,,,,,,,,,,,,,,,,,,,,,,,,,,,,,,,,,,,,,,,,,,,,,,,,,1007.1947385958548,1007.2523383338756,1035.956226881201,1050.9155595478026,1057.0643394733036,1026.5774778607386,1007.5509963121492,979.1919403485459,983.9912206904862,993.6273655511621,,1024.7042984461552,1057.2955559281627,1059.236822406941,1053.0555555555554
1082,925,Hardin County,county,TX,TX,"Beaumont-Port Arthur, TX",48,199,,,,,,,,,,,,,,,,,,,,,,,,,,,,,,,,,,,,,,,,,,,,,,,,,,,,,,,,,,,,,,,,,,,,,,,,,,,,,,,,,,,,,,,,,,,,,,,,,,,,,,,,,,,,,,,,,,1392.3693925164184,1397.326598204825,1396.8129058690038,1428.7884781366297,1452.6568758081914,1527.411526100809,1465.995572350189,1472.7799859502002,1458.1787045003484,1435.6944444444443
1636,926,Colbert County,county,AL,AL,"Florence-Muscle Shoals, AL",01,033,,,,,,,,,,,,,,,,,,,,,,,,,,,,,,,,,,,,,,,,,,,,,,,,,,,,,,,,,,,,,,,,,,,,,,,,,,,,,,,,,,,,,,,,,,,,,,,,,,,,,893.3293108728719,902.3549986781562,901.5769126242101,,931.5578339041394,947.8247870600826,944.5743700152276,913.0329838360767,906.6934479309524,901.148386567756,926.0296129361958,913.0853995520786,934.9721215036118,931.9782049250567,962.3020078655909,978.5425298370745,975.2404342616194,955.1863890491959,946.1969577249254,960.4293608243238,966.0611750345129,977.1158175896146,975.0
3115,927,Pearl River County,county,MS,MS,"Picayune, MS",28,109,,,,,,,,,,,,,,,,,,,,,,,,,,,,,,,,,,,,,,,,,,,,,,,,,,,,,,,,,,,,,,,,,,,,,,,,,,,,,,,,,,,,,,,,,,,,,,,,,,,,,,,,,,,,,,,,,,,,,,,,,,,1200.0
741,929,Taney County,county,MO,MO,"Branson, MO",29,213,,,,,,,,,,,,,,,,,,,,,,,,,,,,,,,,,,,,,,,,,,,,,,,,,,,,,,,,,,,,,,,,,,,,,,,,,,,,,,,,,,,,,,,,,,,,,,,,,,,,,1157.5712689577067,1155.0323470285452,1158.690577066703,1184.018741396078,1193.1714304318173,1187.7516427942755,1204.8431960656756,1218.0659235214478,1239.556183565024,1236.1852399140562,1233.1780957979083,1211.4131280575932,1222.0982174250255,1232.7377581059059,1257.842486994719,1256.5105478048108,1243.1395755854464,1239.5979582241155,1238.2076065687402,1262.145321362244,1241.167070657082,1260.0522544123894,1257.8703703703702
193,930,Iron County,county,UT,UT,"Cedar City, UT",49,021,,,,,,,,,,,,,,,,,,,,,,,,,,,,,,,,,,,,,,,,,,,,,,,,,,,,,,,,,,,,,,,,,,,,,,,,,,,,,,,,,,,,,,,1346.0163403359988,1364.8274323118876,1374.7783964927537,1399.9449314533001,1377.7283205446886,1384.7297019189552,1354.6031949151043,1399.0715089323112,1386.8701464617372,1387.6046326406251,1326.012089606301,1331.5868624020459,1353.574409507104,1384.490898700365,1377.4485383258973,1384.8242399505116,1385.2670975114477,1399.3461433635548,1407.249328105694,1421.4664108205598,1408.346334796013,1390.7298894063945,1395.515529343935,1414.097778663173,1426.329050137366,1403.0062254529191,1405.978495559392,1418.378638460734,1433.2216776077582,1428.223978712817,1439.0299708771208,1432.025435275548,1439.9218823272831,1392.35366197941,1360.7486184597808,1360.284538141274,1395.939393939394
2772,931,Lafayette County,county,MS,MS,"Oxford, MS",28,071,,,,,,,,,,,,,,,,,,,,,,,,,,,,,,,,,,,,,,,,,,,,,,,,,,,,,,,,,,,,,,,,,,,,,,,,,,,,,,,,,,1479.4315008375038,1481.253113897498,1475.743731807083,1448.366270788196,1441.7360265206307,1431.2830040284748,1438.990184671025,1448.6806581229407,1443.9050620551202,1479.6186236368994,1527.42433503358,1612.5600269769147,1610.9570879838575,1598.8976674775577,1594.0135622883665,1597.3975700801202,1627.930752627304,1656.918211315617,1722.7611382279824,1767.1783809080328,1784.3264454414114,1783.3640305595547,1814.5280631681214,1836.5368914542296,1863.763703034517,1856.6899985694292,1792.871969537358,1786.8540594817177,1823.8015685732366,1941.6762089041958,1996.9467753276217,2018.3541817309542,1999.2709045414251,2010.5422529308742,2090.16992663589,2138.506182765324,2215.9293552313243,2237.7357113585667,2227.5571354252806,2186.9516490578126,2136.6186500765957,2197.7708333333335
491,932,Eagle County,county,CO,CO,"Edwards, CO",08,037,,,,,,,,,,,,,,,,,,,,,,,,,,,,,,,,,,,,,,,,,,,,,,,,,,,,,,,,,,,,,,,,,,,,,,,,,,,,,,,,,,,,,,,,,,,,,,,,,2974.0715369224417,3006.192957398404,2957.542919357089,2974.8067696693483,2967.138569058599,2967.868559983975,2990.821305435995,3031.3226245503947,3121.749617895645,3114.1289815947584,3241.063001076377,3201.8435541468093,3392.0767681125867,3346.197792551585,3369.5837184748325,3283.7890112043706,3206.593014191523,3227.9263727671923,3253.6722567082784,3430.9103134077286,3516.778620789985,3524.846009515914,3582.4662072840683,3523.1853786407646,3716.5046531884086,3640.8522756555853,3616.3611111111113
2369,933,La Plata County,county,CO,CO,"Durango, CO",08,067,,,,,,,,,,,,,,,,,,,,,,,,,,,,,,,,,,,,,,,,,,,,,,,,,,,,,,,,,,,,,,,,,,,,,,,,,1523.3948882043983,1532.21028502732,1540.93122553301,1598.5561080808507,1619.259341968325,1655.8409545617174,1674.4996423139214,1713.4021289088666,1763.3507261723357,1764.8608456581458,1743.8534195323289,1707.6777990218454,1719.14302432624,1737.7603266901574,1786.6083119902066,1825.7625241514475,1881.5242056376655,1890.0755660979232,1890.1191719674548,1885.360151405014,1882.485669538262,1899.7065900305658,1884.692154184369,1888.1562278350862,1876.3684738406005,1880.7618113531405,1876.1422842840886,1895.6743389527312,1924.0530747041407,1940.5452992284518,1961.9700924219032,1966.085441255408,1966.049401848003,1949.7486928177734,1927.3558914903879,1895.5899058854013,1911.3921538872085,1910.4820273070395,1947.2687371147244,1943.3279139920348,1972.5126184592934,1991.4425467249764,2020.6181393185855,2033.4935959139934,2032.5926325393918,2033.869828791428,2038.1359215994323,2020.0792327076551,1989.4241378481029,1984.7223369748287,2027.5790849673201
2171,934,Campbell County,county,VA,VA,"Lynchburg, VA",51,031,,,,,,,,,,,,,,,,,,,,,,,,,,,,,,,,,,,,,,,,,,,,,,,,,,,,,,,,,,,,,,,,,,,,,,,,,,,,,,,,,,,,,,,,,,,,,,,,,,,,,,,,,,,,,1158.4650140905205,1185.3560294094982,1217.5679866553846,1219.11231326103,1196.962750702336,1190.7343380961233,1205.3644005323981,1201.4110040382402,1194.0147442520795,1184.4459009559225,1192.667723908822,1200.7586032930576,1225.1440644570566,1263.6581454140548,1278.75
1467,935,Waller County,county,TX,TX,"Houston-The Woodlands-Sugar Land, TX",48,473,,,,,,,,,,,,,,,,,,,,,,,,,,,,,,,,,,,,,,,,,,,,,,,,,,,,,,,,,,,,,,,,,,,,,,,,,,,,,,,,,,,,,,,,,,,,,,1949.8488449044828,1943.987498120898,1942.7852356928383,1898.698189767055,1886.3462500488797,1919.14471508049,1955.3309235073993,1998.5924438663442,1998.526010747832,1989.5637661735914,1965.0392631112861,1972.8728259373845,2018.5495329327023,2066.9317078570757,2096.187213192406,2083.6067875270933,2067.6202231986895,2051.9606439307545,2031.8507516699065,2056.10221225412,2084.2071303774947,2117.1997902211697,2105.3771071361584,2077.962416140678,2107.474977724489,2141.6075241268654,2259.4710330380212,2244.1629584666043,2248.2538588343727,2197.0634920634925
1147,937,Lenoir County,county,NC,NC,"Kinston, NC",37,107,,,,,,,,,,,,,,,,,,,,,,,,,,,,,,,,,,,,,,,,,,,,,,,,,,,,,,,,,,,,,,,,,,,,,,,,,,,,,,,,,,,,,,,,,,,,,,,,,,,,,,,,,,,,,,,,,,,,,,,,,,,1000.0
2292,941,Franklin County,county,VA,VA,"Roanoke, VA",51,067,,,,,,,,,,,,,,,,,,,,,,,,,,,,,,,,,,,,,,,,,,,,,,,,,,,,,,,,,,,,,,,,,,,,,,,,,,,,,,,,,,,,,,,,,,,,,,,,,,,,,,,,,,,,,,,,,,,,,,,,,1170.48579149639,,1400.0
527,942,Grady County,county,OK,OK,"Oklahoma City, OK",40,051,,,,,,,,,,,,,,,,,,,,,,,,,,,,,,,,,,,,,,,,,,,,,,,,,,,,,,,,,,,,,,,,,,,,,,,,,,,,,,,,,,,,,,,,,,,,,,,,,,,,,,,,,,,,,,,,,,,,,,,,,,,1289.375
1364,944,Saline County,county,KS,KS,"Salina, KS",20,169,,,,,,,,,,,,,,,,,,,,,,,,,,,,,,,,,,,,,,,,,,,,,,,,,,,,,,,,,,,,,,,,,,,,,,,,,,,,,,,,,,,,,,,,,,,,,,,,,,,,,1005.8744397491953,1020.575636032163,984.0583109237274,978.7417287546336,975.7458163716414,1000.1787120258822,1008.5264294415308,1033.833688519821,1040.0916629607138,1020.7786539734833,1016.9037092442534,1040.405774489404,1076.151985128877,1065.2813858026109,1052.1357300635398,1054.5091852942019,1053.0147595745514,1065.8068312020198,1074.7257810667018,1079.6812161657795,1065.2864827542335,1051.211043432011,1063.888888888889
2753,945,Jefferson County,county,TN,TN,"Morristown, TN",47,089,,,,,,,,,,,,,,,,,,,,,,,,,,,,,,,,,,,,,,,,,,,,,,,,,,,,,,,,,,,,,,,,,,,,,,,,,,,,,,,,,,,,,,,,,,,,,,,,,,,,,,,,,,,,,,,,,,,,,,,,,,,1798.125
1151,946,Loudon County,county,TN,TN,"Knoxville, TN",47,105,,,,,,,,,,,,,,,,,,,,,,,,,,,,,,,,,,,,,,,,,,,,,,,,,,,,,,,,,,,,,,,,,,,,,,,,,,,,,,,,,,,,,,,,,,,,,,,,,,,1756.940910148694,1768.3197886797568,1808.1978577144403,1814.1531756108832,1837.228563277738,,1830.5385982922262,1845.5568192158876,1865.2917503120323,1908.02173957741,1915.7910358718177,1926.8294134150142,1932.9950490137512,1957.245510642889,1943.4030689054896,1952.4434322576421,1933.567066735332,1974.8545186705012,2005.5267183535243,2024.7455512964261,1994.5215845993678,1974.1229038962729,2005.5295044524512,2028.9870899557864,2066.8888888888887
908,947,Camden County,county,GA,GA,"St. Marys, GA",13,039,,,,,,,,,,,,,,,,,,,,,,,,,,,,,,,,,,,,,,,,,,,,,,,,,,,,,,,,,,,,,,,,,,,,,,,,,,,,,,,,,,,,,,,,,1384.845761455378,1406.5821164444008,1407.8485037092169,1411.440024638297,1416.8709981019238,1434.7193419816126,1448.1120481832943,1445.0929891010603,1447.2268470999672,1444.3050736887224,1438.7753070815613,1438.247019432963,1440.9762230702836,1460.5265018431705,1477.5401055445598,1485.3442322558938,1479.1910247019691,1483.19934124449,1474.9725266155833,1492.2190654884669,1484.0872962831681,1481.4800449484492,1479.3593260554544,1494.2058028238155,1529.7044666520587,1557.2072027000643,1557.772563087167,1531.375315409424,1515.7150711950117,1526.2146997712898,1566.078287528376,1575.6879877618637,1568.4919981117578,1556.480849949234,1570.5120879120877
2073,948,Watauga County,county,NC,NC,"Boone, NC",37,189,,,,,,,,,,,,,,,,,,,,,,,,,,,,,,,,,,,,,,,,,,,,,,,,,,,,,,,,,,,,,,,,,,,,,,,,,,,,,,,,,,,,,,,,,,,,,,,,,,,,,,,,,,1823.59174619827,1828.5747951240214,1799.0500438246684,1812.0926154249437,1773.3366363628327,1748.8991131662326,1782.236907253134,1823.1357800013777,1857.157972379328,1883.652608212937,1912.2765264604784,1936.9462298411577,1876.9011041615115,1858.7186458836686,1881.7334237280854,1895.2229447880918,1893.877812673807,1855.079365079365
1668,950,Dickson County,county,TN,TN,"Nashville-Davidson--Murfreesboro--Franklin, TN",47,043,,,,,,,,,,,,,,,,,,,,,,,,,,,,,,,,,,,,,,,,,,,,,,,,,,,,,,,,,,,,,,,,,,,,,,,,,,,,,,,,,,,,,,,,,,,,,,,,,,,,,,,,,,,,,,,,,,,,,,,,,1683.1382932724232,1653.4393744869392,1645.8333333333333
1824,951,Johnson County,county,MO,MO,"Warrensburg, MO",29,101,,,,,,,,,,,,,,,,,,,,,,,,,,,,,,,,,,,,,780.2613625385203,788.7213484002136,796.1759079061353,798.6124719541018,797.059813060434,792.636339334438,788.9568510482155,791.226070016727,792.2185673243479,791.39639187901,780.4870001939181,786.3296527560859,795.3980687402958,811.91783571369,821.4232627673125,819.4753758991,821.3513288806507,816.2021251299687,817.4906669300224,816.6360903566522,819.8506559846337,825.403215649502,825.72471608287,827.7248006212229,829.9465331770856,842.7960644466181,841.7157818264262,845.289850204631,836.8882788806612,837.9854041607214,842.6946696153298,856.2143364001147,862.5294831134291,864.5252892688937,856.084005352443,868.5321927471473,874.0585287086373,882.5941379255996,891.3691572903164,909.4775229667578,925.7166572688983,925.0152764082709,918.5713970978301,926.8784587019499,921.8915878938035,926.5524982768992,925.8028656517748,935.6040600012907,943.802797940805,956.7615472024665,967.1863655629724,976.0559114498441,978.3715020957848,983.3676445052866,980.1401556776684,979.4268444390245,995.7195653982928,1004.9004759850021,1015.2403269991704,1015.6419623939942,1028.3056613305375,1033.8820498494094,1034.6051139699205,1031.6222832815204,1036.335722899076,1040.4794059059275,1049.3486868056762,1052.0452820283242,1055.7152144982606,1060.118199801032,1059.1640410806704,1072.0373455420915,1067.5600901306464,1082.058871986658,1080.7080697343108,1096.0634730934942,1093.435170868934,1105.8007673235456,1123.9204731035557,1121.7148476879772,1124.0943325283868,1110.9209615333184,1127.9005659844981,1126.6701204294209,1133.5715513840191,1132.2698665520104,1131.8915343915344
1797,952,Jackson County,county,IL,IL,"Carbondale-Marion, IL",17,077,,,,,,,,,,,,,,,,,,,,,,,,,,,,,,,,,,,,,,,,,,,,,,,,,,,,,,,,,,,,,,,,,,,,,,,,,,,,,,,,,,,,,,,,,,,,,,,673.3736913064371,684.0266607069822,686.2270413850604,664.2552554905718,653.984622165133,659.8828162068844,665.2296353290471,669.1937630556752,672.8251368098486,681.0903852991412,,686.7262957644405,686.9322094279181,695.4978976473737,697.9005752375864,,706.0179173219842,709.2067573271061,696.214090792193,702.8238058062626,704.15740849231,717.4635524657116,709.9634779335041,716.3961906526023,731.1035023286227,747.5589775297037,751.7386260834427,732.511883527036,732.7777777777778
392,953,Boone County,county,IL,IL,"Rockford, IL",17,007,,,,,,,,,,,,,,,,,,,,,,,,,,,,,,,,,,,,,,,,,,,,,,,,,,,,,,,,,,,,,,,,,,,,,,,,,,,,,,,,,,,,,,,,,,,,,,,,,,,,,,,,,,,,,,,,,,,,,,,,,,,1500.0
1024,954,Fulton County,county,NY,NY,"Gloversville, NY",36,035,,,,,,,,,,,,,,,,,,,,,,,,,,,,,,,,,,,,,,,,,,,,,,,,,,,,,,,,,,,,,,,,,,,,,,,,,,,,,,,,,,,,,,,,,,,,,,,,,,,,,,,,,,,,,,,,,,,,,,,,,,902.4708476516378,1000.0
1986,955,Pulaski County,county,MO,MO,"Fort Leonard Wood, MO",29,169,,,,,,,,,,,,,,,,,,,,,,,,,,,,,,,,,,,,,,,,,,,,,,,,,,,,,,,,,,,,,,,,,,,,,,,,,,,,,,,,,,,,,,,,,,,,,,,,,,,,895.0792444177879,908.1870545595485,912.7340380567691,895.1422406864166,893.3175122986547,897.6715285710442,898.7053443405382,898.5608880287662,911.7181755259128,915.5098326117715,918.7408177358087,911.6395030174882,915.668251389531,929.7011972818647,935.3483665067936,959.7176838234037,961.1870411393762,976.4088083870348,970.7404800431736,973.3648190508258,984.7963455644137,996.0511309592647,998.7270315392562,992.1666666666666
156,956,Elko County,county,NV,NV,"Elko, NV",32,007,,,,,,,,,,,,,,,,,,,,,,,,,,,,,,,,,,,,,,,,,,,,,,,,,,,,,,,,,,,,,,,,,,,,,,,,,,,,,,,,,,,,,,,,,,,,,,,,,,,,,,,,,,,,,,,,,,,1439.6844806369081,1525.9494082179135,1531.5702832487532,1539.783354385955,1521.5763553877373,1520.524828797159,1477.3383314299845,1464.929846836471,1498.611111111111
696,957,Roane County,county,TN,TN,"Knoxville, TN",47,145,,,,,,,,,,,,,,,,,,,,,,,,,,,,,,,,,,,,,,,,,,,,,,,,,,,,,,,,,,,,,,,,,,,,,,,,,,,,,,,,,,,,,,,,,,,,,,,,,,,,,,,,,,,,,,,,,,,,,,,,,1502.1683167667154,1452.6215244537643,1432.7777777777776
1190,960,McMinn County,county,TN,TN,"Athens, TN",47,107,,,,,,,,,,,,,,,,,,,,,,,,,,,,,,,,,,,,,,,,,,,,,,,,,,,,,,,,,,,,,,,,,,,,,,,,,,,,,,,,,,,,,,,,,,,,,,,,,,,,,990.9813417767591,994.1005542662041,,1014.3114695404515,1011.0302815062448,1024.0962513732304,1025.2000826301341,1057.6978843722334,1065.4737230230946,1083.3598316675623,1045.0106954217035,1066.6858628689754,1048.100222125321,1100.1180996280114,1096.6572028105686,1163.3396964928008,1172.4108485462016,1159.1016950902506,1123.8603067188494,1099.1611149174685,1117.987461231748,1115.8471958931955,1156.6666666666667
945,961,Coffee County,county,AL,AL,"Enterprise, AL",01,031,817.6905899299818,814.0983373731235,809.0059503249373,808.5961207501483,813.5392182557395,816.778713860995,823.2033073273057,820.9426168672404,823.101961667284,823.3483392528391,828.859988046508,828.0549569309686,824.6269573287093,823.131774168843,826.0779442924252,829.9501285396534,829.1594128946442,826.9262974518795,827.5998987252963,830.9565210904623,833.8053237481159,835.4106744036942,837.3779719404672,839.4960192706795,846.223932623993,848.4693078194758,853.2596667396024,853.8987423839864,857.2240539135255,857.7978334749755,855.2554711145681,855.9612774706179,857.7089181272074,859.9057999584953,859.7604765916532,859.88111522397,854.9290439323114,852.4913053770352,850.3777834624821,860.9547798151871,869.4038122847003,878.8054154740089,881.4747671869771,889.4042930973767,886.8695072767621,889.1464992109096,877.5980094026856,886.0521886166702,892.2150448547902,905.2006350381469,901.7014142049089,902.2546707101869,908.3404352801773,915.3330567190499,917.0214021809817,918.9955751994656,925.9864692996176,924.9483907854819,928.8107239019096,920.2841049748198,924.6561022360328,921.1163175753001,941.568557816565,949.4760843190305,962.0072002064487,965.0944930692218,975.6486472083312,981.7514564365337,981.5739879184832,985.2345053509275,985.1964912930171,998.1813668494119,1049.0222065004548,1078.7565931718445,1085.6108044122586,1062.5833745229988,1063.5561639758769,1081.7140962093176,1083.1979711911663,1091.4390620817476,1097.1196276126693,1115.2969003249575,1126.1385848383097,1130.0209000794275,1148.8241024198308,1167.4183545674746,1206.4109820684637,1227.024925049549,1246.1394439987234,1260.3667896376853,1251.9133423454434,1250.3187862046357,1245.4859834400415,1251.5015797826823,1259.230959255191,1253.679690487103,1255.4360296001141,1256.592027306104,1279.775425738506,1290.6202059701502,1312.3833576148782,1314.2423349547992,1326.7678289836042,1324.6683777811265,1327.4264007569102,1330.3196785395721,1326.406630431128,1330.6861697355876,1328.172669829837,1334.1166398461878,1317.1405995786592,1321.5983584134967,1326.0955221526724,1349.1179039469648,1356.4110490728783,1362.2620838360144,1374.8343880790878,1374.6579830174446,1385.7507282490021,1390.489387296286,1399.4888792816253,1391.9828090432522,1382.642857142857
2758,962,Jessamine County,county,KY,KY,"Lexington-Fayette, KY",21,113,,,,,,,,,,,,,,,,,,,,,,,,,,,,,,,,,,,,,,,,,,,,,,,,,,,,,,,,,,,,,,,,,,,,,,,,,,,,,,,,,,,,,,,1045.7877848328765,1094.4150879248239,1091.4261047373984,1117.78829690222,1115.846446553004,1129.2239857655375,1121.5802356458937,1118.8093991188885,1117.215815652217,1114.7108244470971,1115.453759440064,1130.8492494033542,1151.6457887003103,1150.895079276897,1171.1255329777025,1181.048597360309,1219.2780121295768,1231.447341477023,1239.9656599027237,1243.5288577260258,1241.7063556866815,1251.1478665179486,1251.11684392095,1250.4332799136148,1273.0739108909281,1261.807382333137,1273.035142895812,1314.850794208722,1372.2851639306393,1393.0666198250053,1371.3138750581172,1368.1236231581715,1392.9243441810759,1373.664512700367,1353.15766070476,1353.0326862145075,1365.9444444444443
1519,963,Ashland County,county,OH,OH,"Ashland, OH",39,005,,,,,,,,,,,,,,,,,,,,,,,,,,,,,,,,,,,,,,,,,,,,,,,,,,,,,,,,,,,,,,,,,,,,,,,,,,,,,,,,,,,,,,,,,,,,,,,,,,,,,,,,,,,,,,,,,,,,903.1515777173345,887.2800896542135,910.2653650759387,910.382623980289,936.8625069867533,939.736565315301,940.8155875156779,924.4444444444445
205,966,Kerr County,county,TX,TX,"Kerrville, TX",48,265,,,,,,,,,,,,,,,,,,,,,,,,,,,,,,,,,,,,,,,,,,,,,,,,,,,,,,,,,,,,,,,,,,,,,,,,,,,,,,,,,,,,,,,,,,,,,,,,,,,1656.987590957156,1675.55699306091,1715.2127600933763,1743.6656949474266,1773.6199125819937,1767.9783567809493,1749.282758238331,1733.919724321353,1740.4996898806176,1709.9368925173383,1695.685437256861,1738.4897427653816,1758.110997593913,1746.0647420271189,1704.901688473126,1724.626314055157,1756.8906186136026,1777.3030270401966,1765.3621568919164,1776.591568580957,1793.686719763995,1791.7755296687092,1786.5667250577656,1758.1979347357692,1757.3611111111113
3068,967,Washington County,county,OK,OK,"Bartlesville, OK",40,147,,,,,,,,,,,,,,,,,,,,,,,,,,,,,,,,,,,,,,,,,,,,,,,,,,,,,,,,,,,,,,,,,,,,,,,,,,,,,,,,,,,,,,,,,,,,,,,,,,1088.9640817873471,1112.6141950458298,1128.3735518557949,1136.8201106595586,1155.8688598859665,1156.792668475089,1158.7944430725381,1135.9799806821873,1142.360317646265,1131.109229076538,1144.6310149078358,1141.139717800534,1156.124129223164,1169.2754830757299,1195.2403973489338,1199.6316766188788,1228.2867543566197,1243.1655006901726,1260.3786367601679,1233.6589080649894,1221.3329837217273,1219.7208983083651,1231.7854429586737,1236.199932181983,1222.1875928105983,1218.3690476190477
2215,968,Columbia County,county,OR,OR,"Portland-Vancouver-Hillsboro, OR-WA",41,009,,,,,,,,,,,,,,,,,,,,,,,,,,,,,,,,,,,,,,,,,,,,,,,,,,,,,,,,,,,,,,,,,,,,,,,,,,,,,,,,,,,,,,,,,,,,,,,,,,,,,1710.1301149201354,1733.8977154249433,1792.322146651097,1807.7052075932252,1825.43525705779,1827.2808838506085,1813.072392042031,1770.4984642945867,1725.0417614074531,1766.4420084815727,1802.7997320805455,1866.969319871326,1837.4961150648164,1813.0967010155885,1804.2466119575176,1877.0898334446815,1933.394581871242,1873.0095703844293,1841.3192424116376,1818.5909719298609,1896.4876396138993,1868.7335033906966,1883.75
1068,969,Grundy County,county,IL,IL,"Chicago-Naperville-Elgin, IL-IN-WI",17,063,,,,,,,,,,,,,,,,,,,,,,,,,,,,,,,,,,,,,,,,,,,,,,,,,,,,,,,,,,,,,,,,,,,,,,,,,,,,,,,,,,,,,,,,,,,,,,,,,,,,,,,,,,,,,,,,,,,,,,,,,,,1245.8333333333335
3222,970,Saint Charles Parish,county,LA,LA,"New Orleans-Metairie, LA",22,089,,,,,,,,,,,,,,,,,,,,,,,,,,,,,,,,,,,,,,,,,,,,,,,,,,,,,,,,,,,,,,,,,,,,,,,,,,,,,,,,,,,,,,,,,,,,,,,,,,,,,,,,,,,,,,,,,,,,,,,,,,1520.7271041293006,1480.0
2880,971,Worcester County,county,MD,MD,"Salisbury, MD-DE",24,047,,,,,,,,,,,,,,,,,,,,,,,,,,,,,,,,,,,,,,,,,,,,,,,,,,,,,,,,,,,,,,,,,,,,,,,,,,,,,,,,,,,,,,,,,,,,,,,,,,,,,,,,,,,,,,,,,1882.1081063306003,2033.5545413307284,2107.2400339606957,2129.6732447631384,2101.155899533552,2099.2536806643798,1997.7776534619118,1983.8570290790074,1956.3309405157754,2050.9770985525106,2074.722222222222
181,974,Hoke County,county,NC,NC,"Fayetteville, NC",37,093,,,,,,,,,,,,,,,,,,,,,,,,,,,,,,,,,,,,,,,,,,,,,,,,,,,,,,,,,,,,,,,,,,,,,,,,,,,,,,,,,,,,1356.9785570013603,1393.5215441402006,1399.8823426025565,1404.3651275448722,1419.3232157137932,1476.2714138145504,1478.953762776165,1491.9465199321933,1466.5352629657286,1481.1939860971215,1495.1032656183868,1480.4825593114936,1468.0906637265268,1480.3272140760253,1496.1160085642966,1509.8588717164316,1513.7867408978984,1541.2398307581957,1533.6627117552857,1543.98808837074,1544.2207125023335,1561.4529773451732,1555.4631199953465,1528.8930450055914,1514.5885198208596,1521.712980085889,1532.7866846827187,1561.143672906004,1570.2708345540846,1588.9696262873197,1602.099125085049,1617.4287041896414,1640.5494052829922,1648.9759959619214,1658.6928508953536,1644.2464836393835,1639.99569672856,1633.4686191433393,1653.131175412942,1671.4365634365633
3273,976,Harrisonburg City,county,VA,VA,"Harrisonburg, VA",51,660,,,,,,,,,,,,,,,,,,,,,,,,,,,,,,,,,,,,,,,,,,,,,,,,,,,,,,,,,,,,,,,,,,,,,,,,,,,,,,,,,,,,,,,,,,,,,,,,1301.7936021755224,1321.2716683152914,1366.5075184747195,1395.2275832672879,1430.6089550516128,1430.4770366461858,1452.4957456249438,1428.4062470146844,1425.2535309416087,1386.8078935742737,1359.422986286759,1346.3364338984832,1387.1766141877968,1418.3056615937824,1414.6193719084026,1431.71346922802,1469.610066078509,1535.330933476915,1513.355349917086,1516.8112838828542,1500.4429319522835,1503.415241909811,1494.5879035594928,1486.4970333917129,1548.9966886550035,1580.843257791385,1601.0238401239938,1601.0648148148148
2240,977,Culpeper County,county,VA,VA,"Washington-Arlington-Alexandria, DC-VA-MD-WV",51,047,,,,,,,,,,,,,,,,,,,,,,,,,,,,,,,,,,,,,,,,,,,,,,,,,,,,,,,,,,,,,,,,,,,,,,,,,,,,,,,,,,,,,,,,,,,,,,,,,,,,,,,,,,,,,,,,,,,,,,,,,,,1610.0
1942,978,Navarro County,county,TX,TX,"Corsicana, TX",48,349,,,,,,,,,,,,,,,,,,,,,,,,,,,,,,,,,,,,,,,,,,,,,,,,,,,,,,,,,,,,,,,,,,,,,,,,,,,,,,,,,,,,,,,,,,,,,,,,,1143.511299742393,1139.8936731299698,1140.5261708221176,1100.716636157608,1111.5809968755468,1106.5646173854664,1132.9805679483495,1147.2748386416574,1161.222719632111,1168.9243577845593,1159.4778731938197,1145.5448200195162,1116.4569844182054,1112.3633935593243,1142.0197881635127,1174.2257805516701,1184.6501484053313,1220.285491376995,1214.4007452482433,1229.3115171358613,1189.5714576109037,1205.0916984234595,1201.2183023408745,1214.6633446163887,1207.4345163616526,1232.9063348257453,1225.5166666666667
1471,979,Warren County,county,IA,IA,"Des Moines-West Des Moines, IA",19,181,,,,,,,,,,,,,,,,,,,,,,,,,,,,,,,,,,,,,,,,,,,,,,,,,,,,,,,,,,,,,,,,,,,,,,,,,,,,,,,,,,,,,1021.6600618466191,1017.7750593182166,1020.4045922344353,1035.5615501306,1049.5355049310213,1066.7605430600622,1070.5386225815942,1084.5471589470105,1095.3806226863892,,1077.2410300744298,1072.2844507584355,1074.3835027917,1085.6872631759013,1083.1727340194655,1088.753040247957,1088.612738653148,1099.1305362322853,1100.202799153847,1106.5635790436554,1093.2545405731535,1097.1516538818482,1093.2304917683896,1127.5778182203092,1126.4167002529168,1147.8228360501328,1133.191319605241,1138.7450176138905,1136.9840100996773,1148.019309825728,1151.7781620707296,1164.1967067903954,1172.285821477289,1179.802094427581,1163.9205783629866,1140.8300221912752,1146.6482851710502,1144.7993553286378,1164.75
259,981,Ogle County,county,IL,IL,"Rochelle, IL",17,141,,,,,,,,,,,,,,,,,,,,,,,,,,,,,,,,,,,,,,,,,,,,,,,,,,,,,,,,,,,,,,,,,,,,,,,,,,,,,,,,,,,,,,,,,,,,,,,,,,,,,,,,,,,,,,,,,,,,,,,,,,,1250.0
110,983,Cass County,county,MI,MI,"South Bend-Mishawaka, IN-MI",26,027,,,,,,,,,,,,,,,,,,,,,,,,,,,,,,,,,,,,,,,,,,,,,,,,,,,,,,,,,,,,,,,,,,,,,,,,,,,,,,,,,,,,,,,,,,,,,,,,,,,,,,,,,,,,,,,,,,,,,,,,,,,965.0
2818,985,Oktibbeha County,county,MS,MS,"Starkville, MS",28,105,,,,,,,,,,,,,,,,,,,,,,,,,,,,,,,,,,,,,,,,,,,,,,,,,,,,,,,,,,,,,,,,,,,,,,,,,,,,,,,,,,,,,,,,,,,,,,,,,,,,,,,,,,1328.339044579437,1315.076024702606,1349.5442386478826,1373.4615631511722,1400.3862337661917,1402.9716905409289,1399.9032868348743,1405.9801568780154,1409.7730438319495,1419.8351666870437,1424.4408496602223,1402.6688755910873,1390.6804766355617,1399.401493362962,1446.0743355505178,1455.703056481166,1473.8805830550673,1473.0976800976803
2279,986,Franklin County,county,KY,KY,"Frankfort, KY",21,073,,,,,,,,,,,,,,,,,,,,,,,,,,,,,,,,,,,,,,,,,,,,,,,,,,,,650.0874523145345,653.7388796397579,652.6380700225424,657.7322944263208,667.8830365665045,663.8052732100346,655.0189182815443,656.813459983653,674.4713370804424,680.8619598111433,,664.702862280907,662.4805530170565,651.1000622155169,681.4914450972034,702.6579929741639,719.8634688894452,724.1124986324138,725.0038575899446,727.5803036502338,710.9758089541074,704.045042361939,711.8269131978192,724.9922797212118,744.0011956194043,761.8184108481834,777.1454680170435,777.2790791256026,785.2376297688178,783.7256838912061,801.0619747239904,795.5506232788416,798.6426909745577,778.9948078124022,777.91568528742,790.0464246220095,816.6989473721625,834.6528005080436,839.8845128483212,851.4026106290291,849.8314998730466,861.8807463907787,858.5462656073245,868.3339727063133,878.7679758871882,884.0236230134595,885.3534386193089,881.9986735858396,880.9324425312353,885.2181077074308,889.2425415607538,907.0476277644136,926.6012813054354,933.2628179679404,932.1337076545894,911.1239933348927,904.7953693316014,898.1928431804075,920.5652270581397,930.7846865290222,935.4662526231215,923.184784203163,936.5273084840023,940.439590335409,951.8946230707504,953.2492172903662,969.8628585569771,974.9312147405107,969.0568219402563,968.4478079630805,979.8965793058863,990.4583333333334
798,987,Wayne County,county,PA,PA,,42,127,,,,,,,,,,,,,,,,,,,,,,,,,,,,,,,,,,,,,,,,,,,,,,,,,,,,,,,,,,,,,,,,,,,,,,,,,,,,,,,,,,,,,,,,,,,,,,,,,,,,,,,,,,,,,,,,,,,,,,,,,,,1157.5
1899,990,Madison County,county,ID,ID,"Rexburg, ID",16,065,,,,,,,,,,,,,,,,,,,,,,,,,,,,,,,,,,,,,,,,,,,,,,,,,,,,,,,,,,,,,,,,,,,,,,,,,,844.1805665382026,836.3534122492762,839.6211532193291,843.7718418000768,849.9205564214802,861.2195813609468,894.9368859299419,921.4055958142601,940.6808325981789,943.2774688110961,943.7767153344256,965.9656106187169,985.4843354384855,1014.5959810439671,1028.9985757357886,1032.874593685642,1028.2377439914626,1032.6277172112507,1035.0900695302323,1038.4247215408852,1040.0774873035007,1057.5000227045182,1066.6891926019189,1071.408586542463,1047.8816215904724,1043.7482659761442,1026.3611268275065,1043.802367589596,1043.659454385667,1055.1446207549131,1056.5890341170887,1059.4174474461427,1068.048694153093,1065.6400671028234,1079.0045638492356,1071.4004826227574,1061.9752552366829,1049.3230285050922,1047.1337592979671,1059.8334066882699,1068.7411143386103,1072.3284535965292,1090.871866421834,1084.0937044111297,1083.744705043942,1077.7726133720732,1079.9839423562346,1086.1165314841294,1070.1146383582563,1077.5555555555557
1559,992,Bristol County,county,RI,RI,"Providence-Warwick, RI-MA",44,001,,,,,,,,,,,,,,,,,,,,,,,,,,,,,,,,,,,,,,,,,,,,,,,,,1478.0970824315873,1483.3552142982999,1478.4424286465337,1502.3788842580116,1495.1475684157324,1481.7059099089583,1484.0528945947094,1500.572726376521,1551.55224931187,1594.9591677279218,1622.1341796173638,1569.882857850461,1538.9335266092237,1557.3531814101348,1604.3749591596588,1606.459970001743,1556.1365946406465,1552.6462671367665,1589.0421013178054,1654.9903593847278,1714.9953961661615,1730.812015076147,1706.1654179061932,1700.0970195709026,1702.8951775402838,1713.3578342453607,1737.7652774394683,1762.1622368182748,1807.6083261973158,1803.068083029714,1827.9125092117429,1835.147863772091,1855.1346029322083,1857.8837613419146,1917.2192635196059,1903.7744768482464,1929.6861050017278,1867.7725150435454,1933.8804706433373,1943.87509422743,2002.0794338655396,2020.191042638322,2066.0536389712097,2093.758335370351,2107.3896525021173,2125.099036048136,2149.889146675811,2128.695037970694,2139.0854467951167,2128.9180502425324,2155.448144571857,2172.6024850342983,2211.2847532300607,2242.293317381987,2233.0970178499197,2254.618476648287,2271.3048929511087,2295.1643316337445,2283.8861344314155,2262.149001828126,2257.7617318376274,2261.666353620515,2294.036013520027,2319.104361056147,2358.9365018136145,2371.7025486946204,2375.2359398125195,2389.0996989071714,2415.3459705877176,2464.4534703294453,2482.7823902382706,2527.899849482866,2486.8603191948973,2472.286452600787,2411.31746031746
1192,995,Medina County,county,TX,TX,"San Antonio-New Braunfels, TX",48,325,,,,,,,,,,,,,,,,,,,,,,,,,,,,,,,,,,,,,,,,,,,,,,,,,,,,,,,,,,,,,,,,,,,,,,,,,,,,,,,,,,,,,,,,,,,,,,,,,,,,,,,,,,,,,,,,,,,,,,,,,,1874.0627534672394,1937.5
2551,996,Somerset County,county,ME,ME,,23,025,,,,,,,,,,,,,,,,,,,,,,,,,,,,,,,,,,,,,,,,,,,,,,,,,,,,,,,,,,,,,,,,,,,,,,,,,,,,,,,,,,,,,,,,,,,,,,,,,,,,,,,,,,,,,,,,,,,,,,,,,1193.7160716818178,,1250.0
90,999,Nye County,county,NV,NV,"Pahrump, NV",32,023,,,,,,,,,,,,,,,,,,,,,,,,,,,,,,,,,,,,,,,,,,,,,,,,,,,,,,,,,,,,,,,,,,,,,,,,,,,,,,,,,,,,,,,,,,,,,,,,1227.6655638257707,1199.7332764827338,1202.160244627491,1200.298039339721,1194.9785173891166,1201.6295548642456,1194.2833243439743,1201.1916033526554,1199.4596624303833,1184.5568036232062,1197.9111884939746,1203.3072249138515,1238.7579095161918,1226.6970808968276,1259.832304759243,1283.178507969432,1306.6307650581157,1302.3131661394427,1318.9676348025282,1322.9777467631827,1328.0740183251426,1301.435421896591,1295.560634202577,1292.4535144309248,1295.7972886502782,1335.0684721308326,1338.8359953729685,1352.7777777777776
1598,1000,Carroll County,county,NH,NH,,33,003,,,,,,,,,,,,,,,,,,,,,,,,,,,,,,,,,,,,,,,,,,,,,,,,,,,,,,,,,,,,,,,,,,,,,,,,,,,,,,,,,,,,,,,,,,,,,,,,,,,,,,,,,,,,,,,,,,,,,,,,,,,2433.3333333333335
1498,1002,Winona County,county,MN,MN,"Winona, MN",27,169,,,,,,,,,,,,,,,,,,,,,,,,,,,,,,,,,,,,,,,,,,,,,,,,,,,,,,,,,,,,,,,,,,,,,,,,,,,,,,,,,,,,,,,,,,,1023.852042563121,1021.1645199864965,1019.3029041252594,1019.1709141793242,1039.9481442969125,1078.006322260914,1090.952361408787,1092.3838061247636,1081.4631137033796,1067.0748252365738,1069.4950935435706,1064.5590124853584,1040.9487847683909,1023.6568888335428,1025.166885706484,1062.0031047037899,1100.9249738838726,1114.0096578854634,1129.2811573340123,1148.8079432662232,1174.2839777517027,1180.2853086661464,1208.895239111214,1193.8588686682085,1172.4419031345676,1121.3592554507543,1125.708356654281,1131.6746373028395,1175.2445143607206,1203.8311181428999,1228.9480628397682,1207.9952567389653,1209.1666666666667
1880,1003,Lincoln County,county,OR,OR,"Newport, OR",41,041,,,,,,,,,,,,,,,,,,,,,,,,,,,,,,,,,,,,,,,,,,,,,,,,,,,,,,,,,,,,,,,,,,,,,,,,,,,,,,,,,,,,,,,,,,,,,,,,,,,,,,,,,,,,,,,,,2131.6821163494146,2142.792572735651,2199.1865683393394,2163.5081559033147,2146.6646396385468,2183.315350692885,2216.1529645787373,2224.4426228152697,2128.9529247502305,2143.5514342936144,2195.8333333333335
1562,1004,Buffalo County,county,NE,NE,"Kearney, NE",31,019,,,,,,,,,,,,,,,,,,,,,,,,,,,,,,,,,,,,,,,,,,,,,,,,,,,,,,,,,,,,,,,,,,,,,,,,,,,,,,,,,,,,,,,,,,,,,,,,,,,,,,,,,,,,,,,,,,,,,,,,,,,1621.875
2687,1011,Edgecombe County,county,NC,NC,"Rocky Mount, NC",37,065,,,,,,,,,,,,,,,,,,,,,,,,,,,,,,,,,,,,,,,,,,,,,,,,,,,,,,,,,,,,,,,,,,,,,,,,,,,,,,,,,,,,,,,,,,,,,,,,,,,,,,992.4585514557253,973.8490973020658,970.8691804512519,958.7535476412281,1010.5203234234503,988.8672638835112,1020.6631325006837,1030.3754504465926,1082.3110611410389,1059.4933314024424,1036.5059072343604,1045.946671010425,,1085.1869177773328,1138.3871383282885,1159.0388619383843,1154.5434663243834,1104.1011595856385,1089.330665491892,1086.7937157056965,1063.8077081948259,1160.0
2979,1012,Montgomery County,county,NY,NY,"Amsterdam, NY",36,057,,,,,,,,,,,,,,,,,,,,,,,,,,,,,,,,,,,,,,,,,,,,,,,,,,,,,,,,,,,,,,,,,,,,,,,,,,,,,,,,,,,,,,,,,,,,,,,,,,,,,,,,,,,,,,,,,,,,,,,,,,,1195.8333333333335
1497,1015,Wilson County,county,TX,TX,"San Antonio-New Braunfels, TX",48,493,,,,,,,,,,,,,,,,,,,,,,,,,,,,,,,,,,,,,,,,,,,,,,,,,,,,,,,,,,,,,,,,,,,,,,,,,,,,,,,,,,,,,,,,,,,,,,,,,,,,,,,,,,,,,,,,,,,,,,,,,,1515.1021243612834,1544.1666666666665
294,1016,Polk County,county,TX,TX,,48,373,,,,,,,,,,,,,,,,,,,,,,,,,,,,,,,,,,,,,,,,,,,,,,,,,,,,,,,,,,,,,,,,,,,,,,,,,,,,,,,,,,,,,,,,,,,,,,,,,,,,,,,,,,,,,,,,,,,,,,1369.6382498931,1385.6200595931966,1376.2572616668137,1360.0366766823188,,1416.6666666666667
1743,1017,Halifax County,county,NC,NC,"Roanoke Rapids, NC",37,083,,,,,,,,,,,,,,,,,,,,,,,,,,,,,,,,,,,,,,,,,,,,,,,,,,,,,,,,,,,,,,,,,,,,,,,,,,,,,,,,,,,,,,,,,,,,,,,,,,,,,,,,,,,,,,,,,,,,,,,,,,,1100.0
1851,1018,Laurens County,county,GA,GA,"Dublin, GA",13,175,,,,,,,,,,,,,,,,,,,,,,,,,,,,,,,,,,,,,,,,,,,,,,,,,,,,,,,,,,,,,,,,,,,,,,,,,,,,,,,,,,,,,,,,,,,,,,,,,,,,,,,,,,,,,,,,,,,,,,,,,,,1200.0
1677,1019,Douglas County,county,NV,NV,"Gardnerville Ranchos, NV",32,005,,,,,,,,,,,,,,,,,,,,,,,,,,,,,,,,,,,,,,,,,,,,,,,,,,,,,,,,,,,,,,,,,,,,,,,,,,,,,,,,,,,,,,,,,,,,,,,,,2185.507079345186,2157.8990698710477,2270.5548440734483,2383.13925843162,2479.5252410656753,2396.0418323569174,2418.984114283363,2387.2794417959367,2360.0037320474435,2359.027103369463,2369.546305003345,2391.2259244110255,2339.6318891739306,2324.2258456651093,2308.985468245902,2333.2688221134117,2407.557548302555,2459.573325032703,2494.17314327769,2459.0641603414265,2459.98892836186,2429.1127505885033,2392.6160904111975,2335.8270528165303,2344.010071779534,2393.1097567137454,2430.555555555555
1457,1020,Vernon Parish,county,LA,LA,"Fort Polk South, LA",22,115,,,,,,,,,,,,,,,,,,,,,,,,,,,,,,,,,,,,,,,,,,,,,,,,,,,,,,,,,,,,,,,,,,,,,,,,,,,,,,,,,,,,,,,,,,,,,,,,,,,1015.2774207361191,1044.4106125425694,1053.5050749157901,1073.6210681853452,1043.655944050802,1036.4236326970079,1036.6098791876489,1040.2586607550322,1024.8590910653932,1054.2105460708217,1069.9782402556402,1087.8098854408468,1093.6323635769477,1095.9810115710113,1101.62627893644,1087.6798698948737,1074.0980423410056,1072.8991680911806,1095.099653690607,1096.8214430753521,1133.4949767265,1124.231655600366,1120.7762093833999,1124.849458816832,1108.3333333333333
1713,1021,Fremont County,county,CO,CO,"Ca-¦on City, CO",08,043,,,,,,,,,,,,,,,,,,,,,,,,,,,,,,,,,,,,,,,,,,,,,,,,,,,,,,,,,,,,,,,,,,,,,,,,,,,,,,,,,,,,,,,,,,,,,,,,,,,,,,,,,,,,,,,,,,,,,,,,,1324.947523502365,1309.8265820077552,1321.6666666666667
612,1022,Logan County,county,OK,OK,"Oklahoma City, OK",40,083,,,,,,,,,,,,,,,,,,,,,,,,,,,,,,,,,,,,,,,,,,,,,,,,,,,,,,,,,,,,,,,,,,,,,,,,,,,,,,,,,,,,,,,,,,1176.963410848444,1190.735953019508,1179.1253569458029,1176.2225569271477,1162.469147187337,1189.0583611982584,1201.227086616572,1223.531659691836,1221.9934681707234,1232.64710593871,1248.3427801549196,1291.3805783838786,1299.3351291382094,1310.8409536533566,1277.3070134589716,1267.6931065428137,1252.8732838858527,1244.524917965416,1258.1426009694708,1268.6568109492669,1287.8057991696355,1289.1663884729494,1305.1899652863756,1320.1085261429241,1325.22870310358,1312.283972210396,1309.6484523724844,1291.5286271961215,1294.1761996029725,1298.0563309488396,1322.0804995777535,1333.7883152860168,1339.1270862911638,1354.1666666666667
556,1023,Henry County,county,IN,IN,"New Castle, IN",18,065,,,,,,,,,,,,,,,,,,,,,,,,,,,,,,,,,,,,,,,,,,,,,,,,,,,,,,,,,,,,,,,,,,,,,,,,,,,,,,,,,,,,,,,,,,,,,,,,,,,,,,,,,,,,,,,,,,,,,,,,,872.3858578019041,913.6800848222251,855.8333333333334
465,1024,Curry County,county,NM,NM,"Clovis, NM",35,009,,,,,,,,,,,,,,,,,,,,,,,,,,,,,,,,,,,,,,,,,,,,,,,,,,,,,,,,,,,,,,,,,,,,,,,,,,,,,,,,,,,,,1011.6363745306104,998.0034517150192,,1000.8001944521917,1000.7074949563716,1007.8791553955365,1020.117361020983,1022.5374415344058,1017.2095261818889,1020.7421488383083,1034.0040509534706,1060.4224264085358,1058.8240060821297,1068.6310677691372,1065.921662189083,1077.2372737204694,1072.6870552820308,1065.0815674672967,1062.5330197836424,1070.1355610601709,1079.0728514816608,1092.0491000702384,1102.1468835511419,1108.9073478921787,1112.8614009487976,1116.18688077797,1120.5851260784805,1124.4875699440431,1115.4212334353836,1127.8879374576004,1127.9702231165384,1134.9085948440731,1120.6711473458674,1122.047482293724,1120.8100391866963,1125.003066024529,1135.1867867409992,1140.2540792767827,1146.4722222222224
748,1026,Tioga County,county,NY,NY,"Binghamton, NY",36,107,,,,,,,,,,,,,,,,,,,,,,,,,,,,,,,,,,,,,,,,,,,,,,,,,,,,,,,,,,,,,,,,,,,,,,,,,,,,,,,,,,,,,,,,,,,,,,,,,,,,,,,,,,,,,,,,,,,,,,,,,,,950.0
897,1028,Burnet County,county,TX,TX,,48,053,,,,,,,,,,,,,,,,,,,,,,,,,,,,,,,,,,,,,,,,,,,,,,,,,,,,,,,,,,,,,,,,,,,,,,,,,,,,,,,,,,,,,,,,,,,,,,,,,,,1548.5067348300158,1593.1933336987543,1574.0136088674647,1603.9436471871904,1575.409386352172,1574.3454853884728,1556.0252094897592,1538.7087494369162,1522.245425308472,1510.9656262955389,1538.2916581887255,1629.265545945238,1679.667993670125,1700.2016262884288,1663.838744062981,1658.8457443654354,1609.2764272105746,1596.9045099229984,1563.7944553780892,1574.0858237588861,1560.4004917085267,1577.0687229179841,,1638.2233403606403,1619.4666666666665
1869,1029,Lincoln Parish,county,LA,LA,"Ruston, LA",22,061,,,,,,,,,,,,,,,,,,,,,,,,,,,,,,,,,,,,,,,,,,,,,,,,,,,,,,,,,,,,,,,,,,,,,,,,,,,,920.7711316414841,928.7171485786641,924.0531610593171,921.4376495880999,934.8954323182164,965.5186666281445,980.4283429091173,982.5458086773662,,950.6182652391323,940.1567739588073,966.8410633434887,964.8735069261494,980.9609030585095,982.5542403301824,998.1165051880294,1008.3794141495957,1010.8787388641367,1005.9531851943109,998.7190083825242,993.8582948663458,993.098613226981,998.3960761669457,1006.5551140886399,1023.94529772599,1035.2776145504154,1040.2147548048604,1037.783781774538,1044.4427579868775,1059.7783183493812,1054.70761601953,1049.5673583285295,1035.4071220336339,1038.1668465356152,1037.990654921379,1031.0221159872651,1031.903034763586,1034.026210667302,1050.2249599063632,1064.8873414445393,1079.7434310499352,1092.6801784833171,1093.4984564720776,1084.007766191717,1056.6388961082853,1048.8903980395987,1052.6297274105057,1054.3333333333333
2093,1032,Whitman County,county,WA,WA,"Pullman, WA",53,075,,,,,,,,,,,,,,,,,,,,,,,,,,,,,,,,,,,,,,,,,,,,,,,,,,,,,,,,,,,,,,,,,,,,,,,,,,,,,,,,,,,,,,,,,,,,1374.2556975912412,1297.078944983007,1319.3743401597883,1335.0796864168092,1375.7596850808902,1398.0655185723679,1427.9042043172867,1454.3652962465187,1448.538622388833,1449.4942232466378,1436.8217103622344,1414.335114700527,,1410.1406476239424,1457.4791272953905,1447.57307273098,1454.2440405939153,1435.6346184964416,1462.0556161692498,1485.7243935653478,1492.895362380942,1451.1353981671145,1463.8054008161723,1455.0544852877883,1509.6911909316107,1487.1966746365076,1546.4354099408858,1558.9487256750238,1552.9210635320503,1516.483462644853,1490.9141083538566,1518.741288515406
922,1033,Carter County,county,OK,OK,"Ardmore, OK",40,019,,,,,,,,,,,,,,,,,,,,,,,,,,,,,,,,,,,,,,,,,,,,,,,,,,,,,,,,,,,,,,,,,,,,,,,,,,,,,,,,,,,,,,,,,,,,,,,,,,,,,,,,,,,,,,,,,1043.5525159304107,1039.1291760079978,1112.1647764878878,1124.9492012452868,1160.1434150569803,1110.653463976387,1154.8487861239869,1154.9150026275875,1167.2961094947761,1132.239408831989,1135.4166666666667
1794,1034,Jackson County,county,FL,FL,,12,063,,,,,,,,,,,,,,,,,,,,,,,,,,,,,,,,,,,,,,,,,,,,,,,,,,,,,,,,,,,,,,,,,,,,,,,,,,,,,,,,,,,,,,,,,,,,,,,,,,,,,,,,,,,,,,,,,,,,,,,,,,1289.509042218848,1312.5
103,1035,Boyd County,county,KY,KY,"Huntington-Ashland, WV-KY-OH",21,019,,,,,,,,,,,,,,,,,,,,,,,,,,,,,,,,,,,,,,,,,,,,,,,,,,,,,,,,,,,,,,,,,,,,,,,,,,,,,,,,,,,,,,,,,,,,,,,,,,,,,,,,,,,,,,,,,,,,,,,,,,,675.0
1060,1036,Greene County,county,NY,NY,,36,039,,,,,,,,,,,,,,,,,,,,,,,,,,,,,,,,,,,,,,,,,,,,,,,,,,,,,,,,,,,,,,,,,,,,,,,,,,,,,,,,,,,,,,,,,,,,,,,,,,,,1416.1281941107072,1465.1684245202587,1471.43401254193,1485.187530314549,1512.2599756511293,1523.8624602177294,1530.8002831266456,1446.4364785706123,1489.0348448322397,1479.2018176341064,1553.0537575092267,1539.1484720423134,1562.4994250100442,1619.8278203039547,1648.0052736978744,1647.4310062287557,1617.0368775796105,1598.9218100461721,1608.5177320764,1625.7556225045055,1650.5009471577316,1636.8403757212325,1635.130298506453,1675.0
2857,1038,Val Verde County,county,TX,TX,"Del Rio, TX",48,465,,,,,,,,,,,,,,,,,,,,,,,,,,,,,,,,,,,,,,,,,,,,,,,,,,,,,,,,,,,,,,,,,,,,,,,,,,,,,,,,,,,,,,,,,,,,,,,,,,,,,,,,,,,,,,,,,,,,,,,,,1773.5344683093163,,1800.0
1545,1042,Bingham County,county,ID,ID,"Blackfoot, ID",16,011,,,,,,,,,,,,,,,,,,,,,,,,,,,,,,,,,,,,,,,,,,,,,,,,,,,,,,,,,,,,,,,,,,,,,,,,,,,,,,,,,,,,,,,,,,,,,,,,,,,,,,,,,,,,,,,,,1209.0039776396718,1217.2207008598464,1234.4168120050451,1240.5936178366715,1248.4694729482662,1233.5161915733179,1234.912044100379,1226.7633184154304,1230.2753957548423,1240.1914150959744,1254.1666666666667
1727,1044,Goodhue County,county,MN,MN,"Red Wing, MN",27,049,,,,,,,,,,,,,,,,,,,,,,,,,,,,,,,,,,,,,,,,,,,,,,,,,,,,,,,,,,,,,,,,,,,,,,,,,,,,,,,,,,,,,,,,,,,,,,,,,,,,,,,,,,,,,,,,,,,,,,,,,1347.832413361553,1329.3902379123272,1360.5555555555557
3024,1045,Santa Cruz County,county,AZ,AZ,"Nogales, AZ",04,023,,,,,,,,,,,,,,,,,,,,,,,,,,,,,,,,,,,,,,,,,,,,,,,,,,,,,,,,,,,,,,,,,,,,,,,,,,,,,,,,,,,,,,,,,,,,,,,,,,,,,,,,,,,,,,,,,,,,,,,,,,,1741.6666666666665
2192,1048,Cherokee County,county,OK,OK,"Tahlequah, OK",40,021,,,,,,,,,,,,,,,,,,,,,,,,,,,,,,,,,,,,,,,,,,,,,,,,,,,,,,,,,,,,,,,,,,,,,,,,,,,,,,,,,,,,,,,,,,,,,,,,,,,,,,,,,,,,,,,,,,,,,,,,921.0984876784705,920.7109220474407,893.5993435749723,913.8888888888888
2224,1050,Cortland County,county,NY,NY,"Cortland, NY",36,023,,,,,,,,,,,,,,,,,,,,,,,,,,,,,,,,,,,,,,,,,,,,,,,,,,,,,,,,,,,,,,,,,,,,,,,,,,,,,,,,,,,,,,,,,,,,,,,,,,1122.8457895660326,1129.7991262011083,1152.6947881663784,1221.5527442207717,1275.4509789943083,1297.4018874764895,1340.2072145102125,1304.6371360089317,1294.6092231018454,1317.914154385779,1346.0364801434785,1393.4736216109823,1354.3246809724565,1364.8213913701857,1333.970877771523,1328.592188328386,1326.9427375413104,1379.9046399976799,1412.8088028488567,1348.215077511761,1339.3245972152968,1323.3038373994996,1421.906630380913,1419.5942039734762,1438.0202213054774,1341.4388888888889
2172,1051,Campbell County,county,WY,WY,"Gillette, WY",56,005,,,,,,,,,,,,,,,,,,,,,,,,,,,,,,,,,,,,,,,,,,,,,,,,,,,,,,,,,,,,,,,,,,,,,,,,,,,,,,,,,,,,,,,,,,,,,,,,,,,,,,1085.7066356869025,1105.8843320130889,1129.6020914054493,1142.5033534328209,1130.0079083262576,1111.7722026522133,1118.1109863034721,1121.375629181454,1147.0448907302314,1163.0347640260031,1191.5090680554285,1193.7944092456842,1185.2906889457086,1172.5383766143461,1185.1006643429043,1245.4749579775935,1256.1605206297647,1255.4412558242034,1224.6961526468142,1229.4808025414284,1226.66305423474,1210.611111111111
3288,1054,Charlottesville City,county,VA,VA,"Charlottesville, VA",51,540,1140.8392348753,1155.614453351827,1159.5953635450023,1188.909165058027,1183.01255340725,1185.7056331143604,1184.692365465202,1205.894738494069,1210.1406774169936,1233.3501561844005,1207.0386393292704,1203.998859700969,1207.0603588269248,1239.0383145163514,1248.6959378678634,1241.084140922213,1238.177321556833,1250.1569031174824,1256.4991906623443,1259.7579323173743,1257.095018381247,1256.102042739124,1256.2954486034062,1268.2421968320148,1274.0049910849707,1287.6804927178493,1287.0061731278502,1294.566649888342,1300.5100992876198,1308.464716520481,1322.9317874456065,1345.458144184542,1353.5285199121786,1350.662127101589,1344.096345521625,1368.7771396542769,1378.4239590644768,1371.1061751373913,1349.201126946444,1350.586358331394,1363.8845044781863,1375.9658714648729,1398.7869021742285,1413.5021472220799,1424.1981535097707,1409.6885917140205,1397.1681086010592,1397.8384325202317,1402.7864675458943,1419.294435973671,1426.1258423225893,1434.4970266606795,1438.8568330376631,1434.5357342060768,1426.9793512426436,1419.3668879596917,1427.7651158198107,1460.6105239397584,1479.6224164211633,1461.1152719453007,1448.1914948762062,1456.8223276894848,1483.05397468072,1487.2507745669789,1488.99915973885,1500.6924851212195,1506.4111009305943,1497.2271334504157,1498.697391781509,1514.1969207292523,1526.2720836032515,1522.8042417076747,1531.123027409078,1542.664331980558,1555.6055600019158,1552.7329016331648,1559.6531605758466,1573.864999527531,1597.241345547304,1592.3888543981927,1610.5573892535624,1616.0660617095614,1641.9957386746996,1654.4239285617941,1657.2830067359357,1679.2736611559894,1687.6577053737367,1713.5484298351817,1710.397839222884,1713.7453775995878,1738.1290403342512,1784.233935718641,1799.3048357688292,1784.8420525579752,1778.9911275506909,1797.4473744851907,1806.4430127284193,1799.5735464245886,1802.7103114988458,1818.2412844931891,1850.2870603837557,1848.792756851591,1852.7776180931587,1882.4600136719848,1914.9921126905604,1937.7100355688967,1938.4278771522088,1923.8183919234928,1919.4321763060548,1933.6021580235029,1960.630950031354,1979.379016101491,1974.0128836649976,1982.9990227734143,1992.5953221653242,1989.295988530025,1985.6144899569751,1983.9444892478268,1965.4301600926988,1975.8672854479723,1975.2690491535482,2015.1231194092709,2023.6831518774163
885,1057,Bonner County,county,ID,ID,"Sandpoint, ID",16,017,,,,,,,,,,,,,,,,,,,,,,,,,,,,,,,,,,,,,,,,,,,,,,,,,,,,,,,,,,,,,,,,,,,,,,,,,,,,,,,,,,,,,,,,,,,,,,,,,,,,,,,,,,,,,,,,,,,,,,,,,,,1802.5
1254,1058,Nelson County,county,KY,KY,"Bardstown, KY",21,179,,,,,,,,,,,,,,,,,,,,,,,,,,,,,,,,,,,,,,,,,,,,,,,,,,,,,,,,,,,,,,,,,,,,,,,,,,,,,,,,,,,,,,,,,,,,,,,,,,,,,,,,,,,,,,,,,,,,,,,,,,,1318.75
2134,1059,Auglaize County,county,OH,OH,"Wapakoneta, OH",39,011,,,,,,,,,,,,,,,,,,,,,,,,,,,,,,,,,,,,,,,,,,,,,,,,,,,,,,,,,,,,,,,,,,,,,,,,,,,,,,,,,,,,,,,,,,,,,,,,,,,,,,,,,,,,,,,,,,,,,,,,,,,1125.0
1227,1063,Monroe County,county,WI,WI,,55,081,,,,,,,,,,,,,,,,,,,,,,,,,,,,,,,,,,,,,,,,,,,,,,,,,,,,,,,,,,,,,,,,,,,,,,,,,,,,,,,,,,,,,,,,,,,,,,,,,,,,,,,,,,,,1010.3125065927943,984.366534513416,987.3650875167373,1006.3691705327288,1029.1762992220085,1029.847369007784,1068.0392990337168,1072.0819005742076,1077.1123824470699,1065.3412582517667,1063.4163733592404,,1080.6369326337028,1072.0568906392043,,1049.1666666666667
2139,1066,Beltrami County,county,MN,MN,"Bemidji, MN",27,007,,,,,,,,,,,,,,,,,,,,,,,,,,,,,,,,,,,,,,,,,,,,,,,,,,,,,,,,,,,,,,,,,,,,,,,,,,,,,,,,,,,,,,,,,,,,,,,,,,,,,,,,,,,,,,,,,,,,,,,,,1449.3929501330956,1472.455093970838,1495.5555555555554
1754,1069,Hancock County,county,MS,MS,"Gulfport-Biloxi, MS",28,045,,,,,,,,,,,,,,,,,,,,,,,,,,,,,,,,,,,,,,,,,,,,,,,,,,,,,,,,,,,,,,,,,,,,,,,,,,,,,,,,,,,,,,,,,,,,,,,,,,,,,,,,,,1564.0824882887414,1534.7602901679165,1571.424575477169,1582.935892603112,1628.9519417752583,1613.1410698010422,1543.799021670788,1539.9000631160482,1532.8742669409748,1598.529411274625,1588.7233598959729,1575.4002498365323,1616.8739346869713,1652.948099298682,1694.942298440719,1673.4487031027493,1656.1626632185157,1640.8333333333333
2098,1071,Windham County,county,VT,VT,,50,025,,,,,,,,,,,,,,,,,,,,,,,,,,,,,,,,,,,,,,,,,,,,,,,,,,,,,,,,,,,,,,,,,,,,,,,,,,,,,,,,,,,,,,,,,,,,,,,,,,,,,,,,,,,,,,,,,,,,,,,,,,,1773.75
413,1072,Bryan County,county,OK,OK,"Durant, OK",40,013,,,,,,,,,,,,,,,,,,,,,,,,,,,,,,,,,,,,,,,,,,,,,,,,,,,,,,,,,,,,,,,,,,,,,,,,,,,,,,,,,,,,,,,,,,,,,,,,,,,,,,,,,,,,,,,,,,,,,,,,,,1573.795029763642,1550.0
2713,1075,Habersham County,county,GA,GA,"Cornelia, GA",13,137,,,,,,,,,,,,,,,,,,,,,,,,,,,,,,,,,,,,,,,,,,,,,,,,,,,,,,,,,,,,,,,,,,,,,,,,,,,,,,,,,,,,,,,,,,,,,,,,,,,,,,,,,,,,,,,,,,,,,,,,,,,1850.0
2164,1083,Caldwell County,county,TX,TX,"Austin-Round Rock-Georgetown, TX",48,055,,,,,,,,,,,,,,,,,,,,,,,,,,,,,,,,,,,,,,,,,,,,,,,,,,,,,,,,,,,,,,,,,,,,,,,,,,,,,,,,,,,,,,,,,,,,,,,,,,,,,1631.6877244085586,1673.2197564566297,1691.285326499847,,1640.7078519701495,1641.864827413009,1662.4262799750168,1624.2928505093494,1615.533837018154,1634.2206810509344,1722.1997589259868,1750.1470852315576,1739.751119627184,1691.7865987623884,1700.8713914650752,1690.3850391262417,1708.3869185912722,1715.0742615132617,1724.5132533166538,1697.6234144772634,1712.5227481372033,1691.8701808272394,1813.888888888889
2182,1084,Chambers County,county,TX,TX,"Houston-The Woodlands-Sugar Land, TX",48,071,,,,,,,,,,,,,,,,,,,,,,,,,,,,,,,,,,,,,,,,,,,,,,,,,,,,,,,,,,,,,,,,,,,,,,,,,,,,,,,,,,,,,,,,,,1905.7579353225196,1955.4758752666398,1948.014623659249,1942.7777322425072,1915.8083588992513,1943.714737764335,1974.0619621884919,1984.0493034716526,1985.8012386989933,1970.5768511886752,1985.2796107321453,2023.8013022751772,2045.0031916210044,2049.435902212833,2024.5099703054423,2014.098588702442,2024.8591379443308,2016.479040688072,2055.535804831754,2052.3928652137974,2043.0790368402834,2020.8138058224306,2019.2475300753167,2054.3954355532087,2058.1292459235633,2066.3922968906672,2058.8585845818266,2072.473217523493,2034.7233517900409,2026.3165719731353,2032.747895935485,2068.2401259340813,2084.1619801923857,2100.055555555555
152,1085,Dunn County,county,WI,WI,"Menomonie, WI",55,033,,,,,,,,,,,,,,,,,,,,,,,,,,,,,,,,,,,,,,,,,,,,,,,,,,,,,,,,,,,,,,,,,,,,,,,,,,,,,,,,,,,,,,,,,,,,,,,,,936.7729157288385,939.3984266472906,977.4403310040473,971.2456762536631,962.6489989537723,946.9495479032719,932.9534386382151,956.3840215521375,961.9850416598163,989.169539839295,983.958254852458,985.946598731862,985.5426616111486,992.3072331506705,1001.2446315727757,1006.4161257914208,1013.9665732941153,1014.0048118241716,1011.8119129032381,1002.2901408974376,1009.5685553748724,1004.8191136742955,1024.0963953636192,1031.637217288445,1042.6411776084637,1055.4321263078318,1051.9444444444446
1614,1090,Chilton County,county,AL,AL,"Birmingham-Hoover, AL",01,021,,,,,,,,,,,,,,,,,,,,,,,,,,,,,,,,,,,,,,,,,,,,,,,,,,,,,,,,,,,,,,,,,,,,,,,,,,,,,,,,,,,,,,,,,,,,,,,,,,,,,,,,,,,,,,,,,,,,,,,,,,,1510.0
3034,1092,Stephenson County,county,IL,IL,"Freeport, IL",17,177,,,,,,,,,,,,,,,,,,,,,,,,,,,,,,,,,,,,,,,,,,,,,,,,,,,,,,,,,,,,,,,,,,,,,,,,,,,,,,,,,,,,,,,,,,,,,,,,,,,,,,,,,,,,,,,,,,747.6362637301495,768.9694134134137,727.780655204444,728.207945845084,755.4909118686757,759.5826533887259,791.980116004749,776.811784511127,797.3394020947485,791.3333333333334
2137,1094,Beaufort County,county,NC,NC,"Washington, NC",37,013,,,,,,,,,,,,,,,,,,,,,,,,,,,,,,,,,,,,,,,,,,,,,,,,,,,,,,,,,,,,,,,,,,,,,,,,,,,,,,,,,,,,,,,,,,,,,,,,,,,,,,,,,,,,,,,,,,,,,,,,,,,1212.5
1317,1095,Phelps County,county,MO,MO,"Rolla, MO",29,161,,,,,,,,,,,,,,,,,,,,,,,,,,,,,,,,,,,,,,,,,,,,,,,,,,,,,,,,,,,,,,,,,,,,,,,,,,,,,,,,,,,,,,,,,,,,,,,,,,601.2383683919221,607.7817453226513,619.4707054721206,,630.6282291127932,672.3394945993875,671.6440663203331,687.1640538258563,639.9510128676473,644.8711813688632,651.5441681220037,669.3212484244018,672.3737335717065,663.5004514349412,657.1751763557169,660.3348187533355,669.6953073378684,687.4672675574782,708.0043703914822,722.4854925928612,716.6801038535029,692.8693032459953,683.03878208789,684.5745164078173,691.1316787930677,692.675925925926
2166,1103,Callaway County,county,MO,MO,"Jefferson City, MO",29,027,,,,,,,,,,,,,,,,,,,,,,,,,,,,,,,,,,,,,,,,,,,,,,,,,,,,,,,,,,,,,,,,,,,,,,,,,,,,,,,,,,,,,,,,,,,,,,,,,,,,,,,,,,,,,,,,,,,,,,,,,,,825.0
1717,1105,Gadsden County,county,FL,FL,"Tallahassee, FL",12,039,,,,,,,,,,,,,,,,,,,,,,,,,,,,,,,,,,,,,,,,,,,,,,,,,,,,,,,,,,,,,,,,,,,,,,,,,,,,,,,,,,,,,,,,,,,,,,,,,,,,,,,,,,,,,,,,,,,,,,,,,,,1495.0
3030,1106,Shenandoah County,county,VA,VA,,51,171,,,,,,,,,,,,,,,,,,,,,,,,,,,,,,,,,,,,,,,,,,,,,,,,,,,,,,,,,,,,,,,,,,,,,,,,,,,,,,,,,,,,,,,,,,,,,,,,,,,,,,,,,,,,,,,,,,,,,,,,,,,1512.5
2548,1108,Siskiyou County,county,CA,CA,,06,093,,,,,,,,,,,,,,,,,,,,,,,,,,,,,,,,,,,,,,,,,,,,,,,,,,,,,,,,,,,,,,,,,,,,,,,,,,,,,,,,,,,,,,,,,,,,,,,,,,,,,,,,,,,,,,,,,,,,,,,,,,,1470.0
2367,1109,Kittitas County,county,WA,WA,"Ellensburg, WA",53,037,,,,,,,,,,,,,,,,,,,,,,,,,,,,,,,,,,,,,,,,,,,,,,,,,,,,,,,,,,,,,,,,,,,,,,,,,,,,,,,,,,,,,,,1580.6272998384438,1626.9400408186866,1631.044026022769,1619.2215837086287,1615.8325719736613,1611.3709692571779,1637.669891394369,1623.6978806525315,1583.0425814712737,1603.021773638588,1621.8849770183892,1684.125632817165,1662.8340108921332,1663.1737046732787,1673.4040359424387,1688.3651451285023,1701.6787164815844,1685.6346553234002,1653.9084292567738,1626.9307053256666,1622.3669393393016,1653.2047428754065,1698.6533551138814,1731.2615693497753,1733.1803756223508,1718.781960917723,1713.0769442212468,1724.2481349032582,1731.3855139821262,1697.3073767920573,1681.3470699755553,1674.6324891816662,1739.0259174726004,1765.1375262307697,1787.6013190163715,1797.4179834877239,1797.4305555555557
1681,1110,Douglas County,county,WI,WI,"Duluth, MN-WI",55,031,,,,,,,,,,,,,,,,,,,,,,,,,,,,,,,,,,,,,,,,,,,,,,,,,,,,,,,,,,,,,,,,,,,,,,,,,,,,,,,,,,,,,,,,,,,,,,,,,,,,,,,,,,1331.4101763986084,1333.9006909611132,1308.7017828016164,1322.494510255473,1349.01161674375,1374.5962000866728,1397.4863671395156,1380.4093362468107,1441.9227998658246,1471.9687607520268,1532.1688710530063,1480.293695477073,1473.413672670241,1446.6140517878955,1460.358821329146,1482.4763744558857,1515.2460418079609,1525.6666666666667
76,1111,Kay County,county,OK,OK,"Ponca City, OK",40,071,,,,,,,,,,,,,,,,,,,,,,,,,,,,,,,,,,,,,,,,,,,,,,,,,,,,,,,,,,,,,,,,,,,,,,,,,,,,,,,,,,,,,,,,,,,,,,,,,,,,,,,,,,,,,,,,,,,,,,,,,,,811.25
1526,1114,Baldwin County,county,GA,GA,"Milledgeville, GA",13,009,,,,,,,,,,,,,,,,,,,,,,,,,,,,,,,,,,,,,,,,,,,,,,,,,,,,,,,,,,,,,,,,,,,,,,,,,,,,,,,,,,,,,,,,,,,,,,,,,,,,,,,,,,,,,,,,,,,,1254.9531256734037,1265.9074480233373,1283.3398073680637,1267.106529969731,1258.6570414105377,1232.8384580623506,1238.7790821423118,1266.6666666666667
1836,1115,Kendall County,county,TX,TX,"San Antonio-New Braunfels, TX",48,259,,,,,,,,,,,,,,,,,,,,,,,,,,,,,,,,,,,,,,,,,,,,,,,,,,,,,,,,,,,,,,,,,,,,,,,,,,,,,,,,,,,,,,1433.6756228525346,1463.5685774382362,1439.92776695555,1413.799282976936,1449.2675523923951,1491.328262478963,1539.2055944471297,1544.20839162926,1522.3798483728958,1519.1677048353913,1464.746099183527,1503.5862542235661,1471.2656502406703,1519.5708990813237,1506.2999364162065,1538.9395708321847,1522.1151435751635,1530.242715633982,1505.0681141658515,1499.571290224153,1488.3321863508754,1473.8168286027005,1499.8263193395999,1527.7692464559018,1553.9834207796614,1555.3627462039813,1568.3252680925852,1601.8303896972836,1627.763833612245,1592.3548575482312,1585.8707078084228,1538.4626270985316,1517.732901038885,1470.8540513480718,1447.3752489200408,1487.7490883145963,1485.7113506066655,1512.219871794872
3221,1117,Saint Bernard Parish,county,LA,LA,"New Orleans-Metairie, LA",22,087,,,,,,,,,,,,,,,,,,,,,,,,,,,,,,,,,,,,,,,,,,,,,,,,,,,,,,,,,,,,,,,,,,,,,,,,,,,,,,,,,,,,,,,,,,,,,,,,,,,,,,,,,,,,,,,,,,1494.2542116780883,1530.488233956908,1598.9764686332662,1604.278781284469,1606.1451118865934,1549.6003304003568,1514.646688439994,1512.9446114413192,1524.4038611823596,1500.8333333333333
1993,1118,Ravalli County,county,MT,MT,,30,081,,,,,,,,,,,,,,,,,,,,,,,,,,,,,,,,,,,,,,,,,,,,,,,,,,,,,,,,,,,,,,,,,,,,,,,,,,,,,,,,,,,,,,,,,,,,,,,,,,,,,,,,,,,,,,,,,,,,,,,,,,,1591.6666666666665
997,1123,Dubois County,county,IN,IN,"Jasper, IN",18,037,,,,,,,,,,,,,,,,,,,,,,,,,,,,,,,,,,,,,,,,,,,,,,,,,,,,,,,,,,,,,,,,,,,,,,,,,,,,,,,,,,,,,,,,,,,,,,,,,,,,,,,,,,,,,,,,,,,,,,,,,,,1100.0
412,1125,Bryan County,county,GA,GA,"Savannah, GA",13,029,1303.8881519004492,1304.32863015505,1301.2721732674117,1313.8897661419123,1324.2972851506356,1330.7860373726414,1338.1382211060852,1340.4721841749931,1350.2449987686075,1345.2690932885712,1358.5746470827255,1352.6773580097,1359.1612509122622,1341.171083022891,1346.2869701125917,1342.7568645527788,1357.2906966097396,1356.5297257037594,1360.9738871811485,1355.2242815545283,1354.3386391041404,1347.7858875187176,1342.268540852021,1347.0234035222436,1349.890110612845,1364.8263691742109,1370.3267390713202,1376.822323653225,1381.1015384349648,1381.1199750218161,1384.8970399584696,1382.3496264012285,1384.9482020821786,1381.777424642272,1381.3927684082016,1377.3653467503375,1383.4637413206824,1390.3249411607344,1401.187958318812,1406.5561417543818,1410.8293992958431,1412.6990538701962,1414.6903615245967,1417.5470711703754,1418.6914575187059,1415.0094574012787,1418.6629684138913,1413.5277581140758,1417.2546237654515,1422.0072546716206,1432.8129151840528,1442.1909175646103,1446.3811775432935,1460.2794020405463,1458.321008730605,1468.9227729488703,1459.8054509212222,1461.986433111471,1457.0633439306305,1462.6676457776584,1471.5646133352946,1468.8386321465289,1471.5934552539534,1479.4448874024986,1479.8040556193098,1490.2862827941033,1496.1259419800438,1513.760314511415,1514.0765059119128,1522.6753105741293,1530.4832050272332,1526.2182474706851,1530.799354581078,1545.8448389366993,1567.6373181811348,1608.5618629536314,1632.6942447286124,1675.7163893981995,1680.9633449522428,1686.9841830691994,1719.907250142149,1732.3688302307462,1752.924171720649,1718.3763361877404,1742.3230616890012,1760.2816721191186,1840.9850299757672,1885.9502875883493,1924.3243589309425,1930.6788670316253,1927.1389566880086,1920.346999979161,1919.4453351658558,1932.2293642728764,1982.0301946891886,1996.6213014948858,1989.9375859811398,1986.056566981754,1998.9805089598208,2048.8218666803546,2049.9316241403317,2058.869942138217,2060.851494505764,2096.1498551384693,2114.9749055418706,2123.8831785828756,2142.138811672417,2155.099222818626,2171.8171706925923,2176.6597362277653,2199.694153665926,2209.6114559615803,2202.9428415333164,2198.950479215791,2220.4219617017175,2255.6183276068323,2276.456069354944,2258.9752171954474,2247.304695477744,2222.5671717723308,2212.6581407886297,2193.5739342560987,2224.89898989899
2811,1128,Muscatine County,county,IA,IA,"Muscatine, IA",19,139,,,,,,,,,,,,,,,,,,,,,,,,,,,,,,,,,,,,,,,,,,,,,,,,,,,,,,,,,,,,,,,,,,,,,,,,,,,,,,,,,,,,,,,,,,,,,,,,,,,,,,,,,,,,,,,,,,,,,,,,,,,725.0
2566,1129,Sullivan County,county,NH,NH,"Lebanon, NH-VT",33,019,,,,,,,,,,,,,,,,,,,,,,,,,,,,,,,,,,,,,,,,,,,,,,,,,,,,,,,,,,,,,,,,,,,,,,,,,,,,,,,,,,,,,,,,,,,,,,,,,,,,,,,,,,,1611.2539540187624,1624.2488433938345,1676.823143381056,1705.3450908185007,1712.1130568850833,1717.3832873193521,1700.7481871385778,1699.0015991050336,1712.3542805679326,1724.9453903860954,1743.4111513765065,1711.9136959806938,1704.3888552796284,1739.98581615044,1765.1494196443566,1801.9627742484595,1820.6666666666667
775,1130,Union County,county,PA,PA,"Lewisburg, PA",42,119,,,,,,,,,,,,,,,,,,,,,,,,,,,,,,,,,,,,,,,,,,,,,,,,,,,,,,,,,,,,,,,,,,,,,,,,,,,,,,,,,,,,,,,,,,,,,,,,,,,,,,,,,,,,,,,,,,,,,,,,,,,1535.0
1658,1131,De Kalb County,county,IN,IN,"Auburn, IN",18,033,,,,,,,,,,,,,,,,,,,,,,,,,,,,,,,,,,,,,,,,,,,,,,,,,,,,,,,,,,,,,,,,,,,,,,,,,,,,,,,,,,,,,,,,,,,,,,,,,,,,,,,,,,,,,,,,,,,,,,871.9698346547074,871.5553244260983,860.9480429698249,854.1405419385976,857.0085994115025,848.8333333333334
909,1132,Camden County,county,MO,MO,,29,029,,,,,,,,,,,,,,,,,,,,,,,,,,,,,,,,,,,,,,,,,,,,,,,,,,,,,,,,,,,,,,,,,,,,,,,,,,,,,,,,,,,,,,,,,,,,,,,,,,,,,,,,,,,,,,,,,1459.6461530053552,1505.3329564459152,1472.442384180833,1500.67499913555,1465.3441447703588,1461.5507915122796,1487.513143213647,1524.3170994922752,1506.7001046293651,1476.3518861121904,1434.5
1806,1135,Jackson County,county,NC,NC,"Cullowhee, NC",37,099,,,,,,,,,,,,,,,,,,,,,,,,,,,,,,,,,,,,,,,,,,,,,,,,,,,,,,,,,,,,,,,,,,,,,,,,,,,,,,,,,,,,,,,,,,,,,,,,,,,,,,,,,,,,,,,,,,,,,,,,1205.216486167111,1244.1858540571748,1262.8513267980225,1264.7777777777776
2558,1135,Stephens County,county,OK,OK,"Duncan, OK",40,137,,,,,,,,,,,,,,,,,,,,,,,,,,,,,,,,,,,,,,,,,,,,,,,,,,,,,,,,,,,,,,,,,,,,,,,,,,,,,,,,,,,,,,,,,,,,,,,,,,,,,,,,,,,,,,,,,,,,,,,,,706.7408411061909,705.8707253152069,800.0
1316,1137,Pettis County,county,MO,MO,"Sedalia, MO",29,159,,,,,,,,,,,,,,,,,,,,,,,,,,,,,,,,,,,,,,,,,,,,,,,,,,,,,,,,,,,,,,,,,,,,,,,,,,,,,,,,,,,,,,,,,,,,,,,,,,,,,,,,,,,,,,,,,,,,,,,,,,,924.875
3213,1139,Manassas City,county,VA,VA,"Washington-Arlington-Alexandria, DC-VA-MD-WV",51,683,,,,,,,,,,,,,,,,,,,,,,,,,,,,,,,,,,,,,,,,,,,,,,,,,,,,,,,,,,,,,,,,,,,,,,,,,,,,,,,,,,1739.477410152809,1703.6082673559806,1718.7724165309403,1756.1116963341037,1826.0647961131851,1828.5096954739638,1823.522233033651,1833.3732030991005,1875.4661326185385,1920.3440936172574,1909.7486014078597,1895.7359201540964,1869.810124885112,1886.4851768581962,1907.0747077703388,1897.1494875177896,1863.7210909007283,1825.0441464226592,1819.5966623784939,1847.4957134490649,1877.1770344446495,1909.4697497071757,1939.6123207165713,1987.5853808088386,1993.0709546949229,1990.2252690047333,1955.544478942221,1951.5635270636972,1951.654730294494,1965.6503299010558,2052.527270810025,2074.051042425926,2129.1496508693835,2093.4743489836264,2101.9168078504545,2044.6031804324148,2028.4944991912612,2051.6128641450455,2100.964719315432,2092.567562313475,2130.9595527375377,2126.566666666666
1680,1143,Douglas County,county,WA,WA,"Wenatchee, WA",53,017,,,,,,,,,,,,,,,,,,,,,,,,,,,,,,,,,,,,,,,,,,,,,,,,,,,,,,,,,,,,,,,,,,,,,,,,,,,,,,,,,,,,,,,,,,,,,,,,,,,,,,,,,,,,,,,,,1801.3094764601833,1794.2850142206748,1850.8692142593268,1867.4147803965268,1868.6847250144392,1864.5489282510066,1851.6197789194696,1863.4962257378315,1853.894878368392,1907.6308995085037,1916.3333333333333
262,1144,Ohio County,county,WV,WV,"Wheeling, WV-OH",54,069,,,,,,,,,,,,,,,,,,,,,,,,,,,,,,,,,,,,,,,,,,,,,,,,,,,,,,,,,,,,,,,,,,,,,,,,,,,,,,,,,,,,,,,,,,,,,,791.9711541027524,779.1528887861177,781.4620264996167,790.2081758790587,814.0850378258438,812.566553175242,825.6585934521919,821.6533573264373,840.7901538737347,856.8065548641437,859.5850632843319,840.0294836221731,808.5388281003679,814.9236603748237,824.8795278527293,859.395675205864,866.391484616582,874.2236951852364,871.8396481463576,860.521707865044,873.3373869649437,872.3995312125927,910.6869892264725,899.0832178089172,896.9761351264879,886.105387533462,889.410887024881,902.578068896232,905.5347677629768,892.3333333333334
3205,1145,Danville City,county,VA,VA,"Danville, VA",51,590,,,,,,,,,,,,,,,,,,,,,,,,,,,,,,,,,,,,,,,,,,,,,,,,,,,,,,,,,,,,,,,,,,,,,,,,,,,,,,,,,,,,,,,,,,,,,,,,,,,,,,,,,,,,,,,,,,,,,,1156.8263113994642,1175.3865400907223,1192.2538207033365,1172.151526901944,1176.9142968068243,1215.0
468,1146,Davie County,county,NC,NC,"Winston-Salem, NC",37,059,,,,,,,,,,,,,,,,,,,,,,,,,,,,,,,,,,,,,,,,,,,,,,,,,,,,,,,,,,,,,,,,,,,,,,,,,,,,,,,,,,,,,,,,,,,,,,,,,,,,,,,,,,,,,,,,,,,,,,,,,,2092.845878024513,2125.0
3036,1148,Sweetwater County,county,WY,WY,"Rock Springs, WY",56,037,,,,,,,,,,,,,,,,,,,,,,,,,,,,,,,,,,,,,,,,,,,,,,,,,,,,,,,,,,,,,,,,,769.2403412322989,769.3545655821877,,809.868223527364,809.0538185693322,793.7867438167848,774.1140254611661,776.226236411841,761.2498142650028,752.4505605489607,747.2313225578854,772.4098007445452,791.9168641345225,820.4494098744065,851.0823765016185,875.2029486201368,879.6325310276932,864.2814706092502,863.5361721208894,873.0524910476172,887.7841716638551,888.4838554215665,891.9466610982832,893.8669136948291,907.1769923256068,927.6392914793342,963.4172044705091,986.4647987273622,1003.354075418305,993.784816983339,996.3036451358098,990.6074905204349,985.3994249677296,971.2127855298631,,973.4786967887231,978.6077866401483,996.9505424195545,1009.5262046638175,1018.7985297541318,1023.3452960253087,1018.2252388924993,1009.7826581390306,998.5435233993846,972.36761217547,975.7082258944637,957.6711793796345,975.4319066588748,995.5742887411429,1023.5149660610921,1051.7872598118279,1058.583753824459,1043.1152400230706,1045.707077614773,1053.4205421006336,1050.110834579604,1055.5975947029026,1059.807508348403,1115.3777777777777
3285,1149,Saint John the Baptist Parish,county,LA,LA,"New Orleans-Metairie, LA",22,095,,,,,,,,,,,,,,,,,,,,,,,,,,,,,,,,,,,,,,,,,,,,,,,,,,,,,,,,,,,,,,,,,,,,,,,,,,,,,,,,,,,,,,,,,,,,,,,,,,,,,,,,,,,,,,1571.3168643114034,1494.9336606275137,1506.5576866869906,1483.2962319374146,1496.7996741754314,1511.0580901996468,1530.6496537217795,1661.901709514357,1676.3075160335159,1732.7419865956128,1633.0957473616365,1660.2642249854684,1666.1953648434805,1688.888888888889
234,1150,Levy County,county,FL,FL,"Gainesville, FL",12,075,,,,,,,,,,,,,,,,,,,,,,,,,,,,,,,,,,,,,,,,,,,,,,,,,,,,,,,,,,,,,,,,,,,,,,,,,,,,,,,,,,,,,,,,,,,,,,,,,,,,,,,,,,,,,,,,,,,,,,,,,,,1545.0
2445,1152,Montrose County,county,CO,CO,"Montrose, CO",08,085,,,,,,,,,,,,,,,,,,,,,,,,,,,,,,,,,,,,,,,,,,,,,,,,,,,,,,,,,,,,,,,,,,,,,,,,,,,,,,,,,,,,,,,,,,,,,,,,,,,,1589.8082966979941,1585.8689272653344,1571.287666564224,1561.4459304795505,1574.3088170829844,1574.664263089694,1578.7874483668145,1599.2101758169963,1606.471630922436,1629.899369405439,1652.4594931147767,1667.204708084751,1691.4767494322177,1700.4101357332486,1712.2210447677799,1708.3571308249727,1698.6149830278516,1682.2656537593825,1685.0932096605295,1695.156292164218,1712.404078603616,1684.6943401233282,1682.4582342937622,1733.0555555555557
502,1154,Erath County,county,TX,TX,"Stephenville, TX",48,143,,,,,,,,,,,,,,,,,,,,,,,,,,,,,,,,,,,,,,,,,,,,,,,,,,,,,,,,,,,,,,,,,,,,,,,,,,,,,,,,,,,,,,,,,,,,,,,,,,,1331.84886829349,1377.2851978838776,1387.7507903490807,1408.2215947114425,1404.0052413338371,1403.912625011612,1373.3420666714073,1350.591160442389,1352.215248455363,1367.2968982411974,1370.665278791516,1397.9300955569738,1407.261306620366,1451.8159451468762,1443.7276181353675,1484.1669150299517,1484.181737498696,1473.7472974434581,1449.1034983721486,1448.0641916252928,1487.1062221575016,1486.8508698042583,1502.8872427980975,1497.401444452545,1506.7134502923975
1323,1156,Pierce County,county,WI,WI,"Minneapolis-St. Paul-Bloomington, MN-WI",55,093,,,,,,,,,,,,,,,,,,,,,,,,,,,,,,,,,,,,,,,,,,,,,,,,,,,,,,,,,,,,,,,,,,,,,,,,,,,,,,,,,,,,,,,,,,,,,,,,,,,,,,,,,,,,,,,,,,,,,,1356.3739529909544,1375.5338137615852,1370.5288551355882,1385.6473397503744,1367.8916207205416,1356.6666666666667
1405,1157,Summit County,county,UT,UT,"Heber, UT",49,043,,,,,,,,,,,,,,,,,,,,,,,,,,,,,,,,,,,,,,,,,,,,,,,,,,,,,,,,,,,,,,,,,,,,,,,,,,,,,,,,,,,,,,,,,,,,,,,,,3285.9063742857106,3295.848887051607,3189.086338128508,3138.6662359269626,3080.249911122981,3082.6500857358005,3080.685243090731,3065.584608956242,3065.2203598326705,3116.9465304889864,3170.312996974166,3297.9204393331406,3349.933892306057,3415.172522312618,3337.780531817262,3270.546975229579,3206.839590725225,3187.2254100233386,3219.6322991024317,3257.2193824340193,3243.034639700338,3173.4609008244074,3220.78056161496,3276.0452177986103,3396.9654133541294,3462.7442206265214,3431.0137085137085
2234,1162,Crawford County,county,OH,OH,"Bucyrus-Galion, OH",39,033,,,,,,,,,,,,,,,,,,,,,,,,,,,,,,,,,,,,,,,,,,,,,,,,,,,,,,,,,,,,,,,,,,,,,,,,,,,,,,,,,,,,,,,,,,,,,,,,,,,,,,,,,,,,,,,,,,,,,,,,,,,847.5
2085,1166,Wharton County,county,TX,TX,"El Campo, TX",48,481,,,,,,,,,,,,,,,,,,,,,,,,,,,,,,,,,,,,,,,,,,,,,,,,,,,,,,,,,,,,,,,,,,,,,,,,,,,,,,,,,,,,,,,,,,,,,,,,,,,,,,,,,,,,,,,,,,,,,,,,,1520.4910675045874,1510.580273528409,1579.1666666666667
1704,1167,Fayette County,county,TN,TN,"Memphis, TN-MS-AR",47,047,,,,,,,,,,,,,,,,,,,,,,,,,,,,,,,,,,,,,,,,,,,,,,,,,,,,,,,,,,,,,,,,,,,,,,,,,,,,,,,,,,,,,,,,,,,,,,,1775.7768374711077,1738.2273946553396,1740.8878820579168,1807.797065396406,1850.5792286091696,1925.252299411413,1904.1965424367863,1935.0044139230283,1938.5463432400927,1950.5239531708419,1896.1373721862096,1824.713754955622,1765.442015865646,1834.303469609755,1898.777987160079,1948.7393575074454,1922.048444095478,1929.262686881171,1940.302869102167,1988.480914807056,2007.7288760971005,2050.1754003333467,2038.0997592460706,2008.9109237843102,1971.8405883669307,1929.5302351708058,2036.2066267554242,2040.0094891943047,2117.9166666666665
455,1171,Cooke County,county,TX,TX,"Gainesville, TX",48,097,,,,,,,,,,,,,,,,,,,,,,,,,,,,,,,,,,,,,,,,,,,,,,,,,,,,,,,,,,,,,,,,,,,,,,,,,,,,,,,,,,,,,,,,,,,,,,,,,,,,,,,,,,,,,,,,,,,,,,,,,1472.2471469878508,1472.560596436956,1469.1666666666667
1921,1172,McClain County,county,OK,OK,"Oklahoma City, OK",40,087,,,,,,,,,,,,,,,,,,,,,,,,,,,,,,,,,,,,,,,,,,,,,,,,,,,,,,,,,,,,,,,,,,,,,,,,,,,,,,,,,,,,,,,,,,,,1462.7823342890242,,1483.4550340020082,1483.6415023893016,1481.1978823470179,1469.157978780978,1471.7559404875458,1471.7683152910797,1514.5819343064816,1538.0956004602544,1556.8119347385557,1554.363081763524,1546.1280539653917,1530.9796682192314,1509.4424249846254,1504.0603587583757,1517.4534655304078,1532.58818273737,1539.4415899956891,1547.2739043675017,1551.4702611031755,1577.614991916148,1584.977853668586,1580.025276436687,1591.2337555416302,1588.9745295284774,1601.5869000478845,1566.8561892067924,1548.9474032075493,1565.898337098769,1575.947561702092,1600.5555555555557
867,1174,Benton County,county,MN,MN,"St. Cloud, MN",27,009,,,,,,,,,,,,,,,,,,,,,,,,,,,,,,,,,,,,,,,,,,,,,,,,,,,,,,,,,,,,,,,,,,,,,,,,,,,,,,,,,,,,,,,,,,,,,,,,,,,,,,,,,,,,,,,,,,,,,,,,648.4103228629177,,,
1275,1178,Oconee County,county,GA,GA,"Athens-Clarke County, GA",13,219,,,,,,,,,,,,,,,,,,,,,,,,,,,,,,,,,,,,,,,,,,,,,,,,,,,,,,,,,,,,,,,,,,,,,,,,,,,,,,,,,,,,,,,,1872.6513051178842,1868.4038347560847,1896.7413238893707,1920.2778796529458,,1925.9862931479195,1914.018482519709,1893.2217438444561,1971.2969619971404,2011.123562565456,2061.860312430261,2019.4925057642106,2016.1865567679831,2014.4750623563955,2063.831746949237,2102.1242864819724,2121.3065151340998,2081.328651647164,2051.6123255247708,2073.3757461955934,2061.335977105108,2071.524844059484,2031.4765330667728,2033.7873869976884,2088.0939052026824,2124.5421572052164,2208.280963408769,2216.7363757841313,2193.3653081068705,2153.3893943524376,2104.515266484469,2140.7486286635954,2103.0403030117436,2120.156353757345,2139.7952105348013,2162.222222222222
2185,1180,Cheatham County,county,TN,TN,"Nashville-Davidson--Murfreesboro--Franklin, TN",47,021,,,,,,,,,,,,,,,,,,,,,,,,,,,,,,,,,,,,,,,,,,,,,,,,,,,,,,,,,,,,,,,,,,,,,,,,,,,,,,,,,,,,,,,1687.1605021611697,1685.2730234982616,1718.201291436612,1705.870341081236,1715.4049108391005,1702.2505329326104,1718.0487422896913,1720.9434850323607,1723.7476412902342,1725.3108141041098,1741.6661812907994,1750.6566943394905,1762.170998693624,1737.8526059596377,1750.936474038095,1746.2559365151203,1758.1223895717192,1768.2554564173906,1770.7728764656706,1786.2677681762086,1772.117717325267,1768.4111544418458,1753.0758624451516,1768.853632622446,1791.264300042818,1818.0181931439809,1813.5366064619463,1808.5139622787958,1809.3470747907795,1807.2139322227629,1809.6871790459838,1798.1288131419187,1811.3864495847097,1795.3692808105884,1784.9310324457447,1781.7341545039833,1810.0
2022,1181,Shawano County,county,WI,WI,"Shawano, WI",55,115,,,,,,,,,,,,,,,,,,,,,,,,,,,,,,,,,,,,,,,,,,,,,,,,,,,,,,,,,,,,,,,,,,,,,,,,,,,,,,,,,,,,,,,,,,,,,,,,,,,,,,,,,,,,,,,,,,,,,,,,,905.3137168994253,,888.25
1621,1185,Clatsop County,county,OR,OR,"Astoria, OR",41,007,,,,,,,,,,,,,,,,,,,,,,,,,,,,,,,,,,,,,,,,,,,,,,,,,,,,,,,,,,,,,,,,,,,,,,,,,,,,,,,,,,,,,,,,,,,,,,,,,,,,,1531.4783908637855,1562.2422980643885,1591.692046505846,1567.1333811095449,1549.278345009479,1523.8613824123604,1516.9282658221464,1519.9487453703096,1545.0086756226974,1587.6012636768771,1580.9688116219993,1553.8755719703545,1549.5906351962115,1553.144134988474,1606.303594856743,1622.1571592166204,1633.295136535523,1652.2570835390766,1607.9617153279444,1634.2539186655115,1611.396223526939,1632.5680693886457,1620.0
1111,1190,Isanti County,county,MN,MN,"Minneapolis-St. Paul-Bloomington, MN-WI",27,059,,,,,,,,,,,,,,,,,,,,,,,,,,,,,,,,,,,,,,,,,,,,,,,,,,,,,,,,,,,,,,,,,,,,,,,,,,,,,,,,,,,,,,,,,,,,,,,,,,,,,,,,,,,,,,,,,,,,,,,,,,1639.329604085653,1613.3333333333335
1483,1195,Warren County,county,VA,VA,"Washington-Arlington-Alexandria, DC-VA-MD-WV",51,187,,,,,,,,,,,,,,,,,,,,,,,,,,,,,,,,,,,,,,,,,,,,,,,,,,,,,,,,,,,,,,,,,,,,,,,,,,,,,,,,,,,,,,,,,,,,,,,,,,,,,,,,,,,,,,,,,,,,,,,,,1960.694200655701,1976.1357241907356,1888.5555555555554
2995,1197,Pasquotank County,county,NC,NC,"Elizabeth City, NC",37,139,,,,,,,,,,,,,,,,,,,,,,,,,,,,,,,,,,,,,,,,,,,,,,,,,,,,,,,,,,,,,,,,,,,,,,,,,,,,,,,,,,,,,,,,,,,,,,,,1246.6716464807082,1257.1619889812268,1255.718569785914,1257.2681110706105,1277.7240262459784,1287.156222843548,1305.8429122013022,1332.281918597745,1327.3084300018832,1335.7559991178991,1318.3588899861688,1363.4358457170704,1337.1923967905282,1337.093768891621,1317.8023336208487,1338.930088528105,1343.7687291963766,1401.5433288608363,1427.157870737777,1435.9775633573463,1410.0878033135425,1419.0962521433016,1444.0593985958715,1452.2202015442108,1440.3871938961872,1456.3269600363305,,1497.6666666666667
2406,1198,Marshall County,county,IA,IA,"Marshalltown, IA",19,127,,,,,,,,,,,,,,,,,,,,,,,,,,,,,,,,,,,,,,,,,,,,,,,,,,,,,,,,,,,,,,,,,,,,,,,,,,,,,,,,,,,,,,,,,,,,,,,,,,,,,,,,,,,,,,,,,,,,,,,,,1092.1604611505204,1113.595640660586,1123.3333333333333
829,1200,Amador County,county,CA,CA,,06,005,,,,,,,,,,,,,,,,,,,,,,,,,,,,,,,,,,,,,,,,,,,,,,,,,,,,,,,,,,,,,,,,,,,,,,,,,,,,,,,,,,,,,,,,,,,,,,,,,,,,,,,,,,,,,,,,,,,,,,,,,,2171.042945050475,2166.666666666667
1926,1202,Mecosta County,county,MI,MI,"Big Rapids, MI",26,107,,,,,,,,,,,,,,,,,,,,,,,,,,,,,,,,,,,,,,,,,,,,,,,,,,,,,,,,,,,,,,,,,,,,,,,,,,,,,,,,,,,,,,,,,,,,,,,,,,,,,,,,,,,,,,,,,,,976.1679851165877,943.638659063969,1020.5214700599942,1042.3459759812822,1095.5619090097011,1083.384101147811,1103.5432334215716,1095.9064914911714,1057.9166666666667
652,1203,Mower County,county,MN,MN,"Austin, MN",27,099,,,,,,,,,,,,,,,,,,,,,,,,,,,,,,,,,,,,,,,,,,,,,,,,,,,,,,,,,,,,,,,,,,,,,,,,,,,,,,,,,,,,,,,,,,,,,,,,,709.128290202296,714.6980607091374,716.426349073405,710.2040325826317,735.1525969085469,758.4837196613139,779.8304136597002,770.1841900919462,758.076207786427,780.6807893822813,782.5702490754225,798.7716255207604,773.0912992858623,770.3654761947616,776.0240511775279,797.1724359675379,826.0142468165706,839.2549933527702,858.1517758324645,855.9502905221914,855.1210868532831,842.4178172960806,845.2024238867041,,869.3629439975207,866.9213002354694,880.5555555555555
593,1213,Latah County,county,ID,ID,"Moscow, ID",16,057,,,,,,,,,,,,,,,,,,,,,,,,,,,,,,,,,,,,,,,,,,,,,,,,,,,,,,,,,,,,,,,,,,,,,,,,,,,,,,,,,,,,,,,,,,,,,,,,,,,,,,,,,,,,,989.9416236549503,1014.4438587343965,1027.4934160279045,1012.8739982971871,1031.7646536454727,1010.0071983673334,1007.0497808636333,1007.6867652930272,1046.0489898971484,1007.2342685819808,1011.0427943105162,979.9036204651871,1013.6181298842579,1043.9353361251062,1102.4963924963924
1093,1214,Hendry County,county,FL,FL,"Clewiston, FL",12,051,,,,,,,,,,,,,,,,,,,,,,,,,,,,,,,,,,,,,,,,,,,,,,,,,,,,,,,,,,,,,,,,,,,,,,,,,,,,,,,,,,,,,,,,,,,,,,,,,,,,,,,,,,,,,,,,,,,,,,,,,,,1865.0
1716,1215,Fremont County,county,WY,WY,"Riverton, WY",56,013,,,,,,,,,,,,,,,,,,,,,,,,,,,,,,,,,,,,,,,,,,,,,,,,,,,,,,,,,,,,,,,,,,,,,,,,,,,,,,,,,,,,,,,,,,,,,,,,,,,,,,,,,,,,,,,898.7408712475468,888.2154229006502,923.2374029550183,929.7058914400932,942.1551837795031,941.0916434733691,903.7521021271792,911.7460261434577,901.0576788667028,934.8065079639658,926.0057780287312,946.8495028441366,946.6666666666666
2920,1223,Des Moines County,county,IA,IA,"Burlington, IA-IL",19,057,,,,,,,,,,,,,,,,,,,,,,,,,,,,,,,,,,,,,,,,,,,,,,,,,,,,,,,,,,,,,,,,,,,,,,,,,,,,,,,,,,,,,,,,,,,,,,,,,,,,,,,,,,,,,,,,,,,,,,,,,,,787.5
2231,1224,Crawford County,county,KS,KS,"Pittsburg, KS",20,037,,,,,,,,,,,,,,,,,,,,,,,,,,,,,,,,,,,,,,,,,,,,,,,,,,,,,,,,,,,,,,,,,,,,,,,,,,,,,,,,,,,,,,,,,,,,,,,,,,,,,875.707635774568,852.5736737437173,837.1973752453491,836.9058914267603,828.2520519039208,820.3162948760511,823.671975851737,810.6866140861791,823.531502987823,818.4439310332021,831.9472634635102,846.8992821742228,878.2850880522607,900.9179546421549,902.421266931391,908.6464698626224,898.3486038966188,886.2493643463134,869.0477143964996,852.3012403878621,871.6224653641622,879.7533462019819,889.0952380952381
2599,1238,Williams County,county,ND,ND,"Williston, ND",38,105,,,,,,,,,,,,,,,,,,,,,,,,,,,,,,,,,,,,,,,,,,,,,,,,,,,,,,,,,,,,,,,,,,,,,,,814.8329568242438,802.9789780971071,814.4252102371388,830.3251725396168,841.7948180734841,842.184648265345,840.1822026055512,857.7695013233267,858.7000011850889,864.9939596170791,861.9746124335461,860.9674521367912,866.7599869359299,876.0381173049575,897.326179452737,899.1933566742995,889.681266655714,875.0500461191419,892.7439517837556,900.0376500450195,917.7956698962244,912.0743358119754,930.8048559548216,940.2794431452409,957.0821912733978,956.0533843712236,967.6328097575913,979.2886735339181,993.1722221455391,1011.3718851334457,1040.7352466339823,1073.7123618881214,1103.5671662989205,1120.2182821471604,1143.0903788796197,1158.3021740158779,1159.1154297853911,1171.5322840429803,1181.4980230314934,1209.6154236274624,1221.4815099784878,1227.2033254554115,1236.5385949258766,1239.5701834100716,1250.282160347034,1252.2580983021926,1258.112816352449,1250.846515365198,1254.645326316769,1251.9372000527846,1264.7562345667225,1272.6674717938427,1281.7488653109342
1047,1244,Graham County,county,AZ,AZ,"Safford, AZ",04,009,,,,,,,,,,,,,,,,,,,,,,,,,,,,,,,,,,,,,,,,,,,,,,,,,,,,,,,,,,,,,,,,,,,,,,,,,,,,,,,,,,,,,,,,,,,,,,,,,,,,,,,,,,,,,,,,,,,,,,,,,,,2197.5
2383,1245,Lawrence County,county,MO,MO,,29,109,,,,,,,,,,,,,,,,,,,,,,,,,,,,,,,,,,,,,,,,,,,,,,,,,,,,,,,,,,,,,,,,,,,,,,,,,,,,,,,,,,,,,,,,,,,,,,,,,,,,,,,,,,,,,,,,,,,,,,,,,,,950.0
409,1247,Brown County,county,TX,TX,"Brownwood, TX",48,049,,,,,,,,,,,,,,,,,,,,,,,,,,,,,,,,,,,,,,,,,,,,,,,,,,,,,,,,,,,,,,,,,,,,,,,,,,,,,,,,,,,,,,,,,,,,,,,,,,,,,,,,,,,,,,,,,,,,,,,,,,,1200.0
2972,1249,Montgomery County,county,IN,IN,"Crawfordsville, IN",18,107,,,,,,,,,,,,,,,,,,,,,,,,,,,,,,,,,,,,,,,,,,,,,,,,,,,,,,,,,,,,,,,,,,,,,,,,,,,,,,,,,,,,,,,,,,,,,,,,,,,,,,,,,,,,,,868.1027901470833,878.6989894323806,895.7191247319354,918.4563460558016,929.4446279393147,961.3334986137158,,951.7431570742813,921.8749964981075,915.7747015559207,938.9753343566026,946.4352736662261,986.8108083179407,1001.111111111111
1632,1253,Clinton County,county,PA,PA,"Lock Haven, PA",42,035,,,,,,,,,,,,,,,,,,,,,,,,,,,,,,,,,,,,,,,,,,,,,,,,,,,,,,,,,,,,,,,,,,,,,,,,,,,,,,,,,,,,,,,,,,,,,,,,,,,,,724.669061699693,849.6503732420474,840.291420832293,856.7670784707012,877.7231784603391,885.9382928424566,870.4643156646822,853.6770558895934,862.4817638977021,879.3524776923298,884.5322774391188,889.2391532026409,882.007809563142,895.8420321201654,888.854193704184,922.7610919149646,937.4750633710622,1006.3532323344853,995.3978761054474,983.1109195690943,905.8026313164025,913.0920269443711,905.4166666666666
3167,1255,Independence County,county,AR,AR,"Batesville, AR",05,063,,,,,,,,,,,,,,,,,,,,,,,,,,,,,,,,,,,,,,,,,,,,,,,,,,,,,,,,,,,,,,,,,,,,,,,,,,,,,,,,,,,,,,,,,,,,,,,,,,,,,,,,,,,,,,,,,,,,,,,,,,,950.0
1418,1260,Talbot County,county,MD,MD,"Easton, MD",24,041,,,,,,,,,,,,,,,,,,,,,,,,,,,,,,,,,,,,,,,,,,,,,,,,,,,,,,,,,,,,,,,,,,,,,,,,,,,,,,,,,,,,,,,,,,,,,,,,,,,,,,,,,,,,,,,,,,,,,,,,,,2231.9394234357515,2241.166666666667
1284,1264,Oneida County,county,WI,WI,,55,085,,,,,,,,,,,,,,,,,,,,,,,,,,,,,,,,,,,,,,,,,,,,,,,,,,,,,,,,,,,,,,,,,,,,,,,,,,,,,,,,,,,,,,,,,,,,,,,,,,,,,,,,,,,,,,,,,,,,,,,,,,,1097.5
824,1270,Albany County,county,WY,WY,"Laramie, WY",56,001,,,,,,,,,,,,,,,,,,,,,,,,,,,,,,,,,,,,,,,,,,,,,,,,,,,,,,,,,,,,,,,,,,,,,,,,,,,,,,,,,,,992.3907058768899,1000.4643481996924,1012.3646335845447,1019.6893712532973,1054.3382736484248,1043.4356561263335,1045.584229411833,1035.1754792216714,1061.1872504941427,1058.9478097219567,1059.4027056069053,1029.4815401423218,1054.143326822221,1069.3629111584542,1104.896141657243,1104.4300975767017,1119.317224043544,1132.8193367324484,1152.7481431583801,1151.6617672677482,1142.3624291513809,1137.860421444213,1127.2813544690177,1126.516520815061,1091.5843452042368,1142.3945334014222,1147.0650897525945,1216.411776719377,1213.5007186568278,1248.0187267812378,1232.1215255890538,1228.6589671427535,1234.964706514068,1271.7008808476305,1265.2242289232381,1246.6309926732795,1252.4779429966106,1275.6718710693433,1313.3297431665187,1297.7443086299174,1300.0835164835164
2167,1272,Calloway County,county,KY,KY,"Murray, KY",21,035,,,,,,,,,,,,,,,,,,,,,,,,,,,,,,,,,,,,,,,,,,,,,,,,,,,,,,,,,,,,,,,,,,,,,,,,,,,,,,,,,,,,,,,,,,,,,,,,,,,,,,,,,,,,,,,,,,,,,,,,1077.840273586891,1068.3306611709281,,1081.8333333333333
2077,1278,Webster County,county,IA,IA,"Fort Dodge, IA",19,187,,,,,,,,,,,,,,,,,,,,,,,,,,,,,,,,,,,,,,,,,,,,,,,,,,,,,,,,,,,,,,,,,,,,,,,,,,,,,,,,,,,,,,,,,,,,,,,,,,,,,,,,,,,,,,,,,,,,,,,,,821.1431193940358,817.6852259454406,836.25
153,1284,Dyer County,county,TN,TN,"Dyersburg, TN",47,045,,,,,,,,,,,,,,,,,,,,,,,,,,,,,,,,,,,,,,,,,,,,,,,,,,,,,,,,,,,,,,,,,,,,,,,,,,,,,,,,,,,,,,,,,,,,,,,,,,,,,,,,,,,,,,,,,,,,,,,,,,,700.0
147,1289,Dare County,county,NC,NC,"Kill Devil Hills, NC",37,055,,,,,,,,,,,,,,,,,,,,,,,,,,,,,,,,,,,,,,,,,,,,,,,,,,,,,,,,,,,,,,,,,,,,,,,,,,,,,,,,,,,,,,,,,,,,,,,,,,,,,,,,,,,,,,,,,,,,,,,,,,,2600.0
443,1290,Clark County,county,KY,KY,"Lexington-Fayette, KY",21,049,,,,,,,,,,,,,,,,,,,,,,,,,,,,,,,,,,,,,,,,,,,,,,,,,,,,,,,,,,,,,,,,,,,,,,,,,,,,,,,,,,,,,,,,,,,,,,,,,,,,,,,,,,,,,,,,,,,,,,,,,1196.031658698561,1216.966628723261,1222.7777777777776
622,1296,Macon County,county,NC,NC,,37,113,,,,,,,,,,,,,,,,,,,,,,,,,,,,,,,,,,,,,,,,,,,,,,,,,,,,,,,,,,,,,,,,,,,,,,,,,,,,,,,,,,,,,,,,,,,,,,,,,,,,,,,,,,,,,,,,,,,,,,,,,,,1650.0
2839,1298,Sagadahoc County,county,ME,ME,"Portland-South Portland, ME",23,023,,,,,,,,,,,,,,,,,,,,,,,,,,,,,,,,,,,,,,,,,,,,,,,,,,,,,,,,,,,,,,,,,,,,,,,,,,,,,,,,,,,,,,,,,,,,,,,,,,,,,,,,,,,,,,,,,,,,,,,,,,1803.5430695499892,1822.5
521,1300,Geary County,county,KS,KS,"Manhattan, KS",20,061,,,800.63931079635,797.563569195996,793.6532260248147,794.9643845349087,794.2728084473794,797.6664289558109,793.223576869785,792.982367976785,786.8680919843289,786.1886602516097,779.9861887744642,781.4740023511494,788.1552522135647,792.2831649053109,797.8444176530453,791.3471063292935,790.3921850371712,791.608149733756,792.6533020645295,793.5658170626775,786.3453499541033,785.8313309874386,779.4977093465832,782.5394587906901,782.5849565400717,788.103472975054,784.7337584718753,785.605446024759,786.0708695977819,790.5366979275284,789.0663832241147,790.8615911297103,793.045992238673,797.984807685635,794.9597954311221,791.2474994480592,786.2823603172601,789.435039647861,789.9206015950588,788.9588409393184,789.9704525067489,788.1252901029275,792.3596752209015,796.3796099070337,805.5397153217272,807.2520486184603,802.718530644262,787.1684464881179,783.582805242622,781.698224939921,791.9943000690847,793.2021561838731,801.0840014800104,801.4800761513116,805.7065644460172,807.0779006005773,815.8917924293854,816.4495844419164,814.0154146160348,805.151810991597,809.6003075443424,812.6551651681739,821.9575566615179,824.3744242640802,830.194137487473,833.8188107780492,845.0589084220144,851.1949263842267,854.6793488092919,850.8684328262583,850.5754414438438,849.9038106271121,855.769214559157,859.6663032408712,875.4330110851841,875.3333423119126,881.9719358990133,879.2871929215742,891.265428767271,889.9903943283846,888.2699795683405,884.0147370533211,887.2277642262766,892.2195695376458,907.8442130380035,923.7520877258152,936.408116926352,938.2955328724132,931.8661349441657,932.9131541201,927.4032371675536,940.4877930794386,938.9165989919481,946.641908060262,943.1223339354736,953.1297650371733,954.649510295367,955.3907635332866,959.3038963510133,959.8070843576213,961.4409297731032,958.9351939795243,961.8076986750078,966.2394101651089,965.1745571719423,972.0706685546829,983.6430961317967,994.3730780660856,996.120604388067,993.1923187404179,1002.6444925537663,1018.222096426515,1015.7645800515093,1015.6095289612674,1015.7250797780671,1029.8017719639638,1024.971682459517,1018.3573028332438,1030.6367464093162,1047.4094978963235,1081.2457912457912
2886,1302,Beauregard Parish,county,LA,LA,"DeRidder, LA",22,011,,,,,,,,,,,,,,,,,,,,,,,,,,,,,,,,,,,,,,,,,,,,,,,,,,,,,,,,,,,,,,,,,,,,,,,,,,,,,,,,,,,,,,,,,,,,,,,,,,,,,,,,,,,,,,,,,,,,,,,,,1330.9649193076004,1289.9165693209147,1283.3333333333333
2787,1304,Matagorda County,county,TX,TX,"Bay City, TX",48,321,,,,,,,,,,,,,,,,,,,,,,,,,,,,,,,,,,,,,,,,,,,,,,,,,,,,,,,,,,,,,,,,,,,,,,,,,,,,,,,,,,,,,,,,,,,,,,,,,,,,,,,,,,,690.5366544263587,732.0217404382079,741.62810336456,754.6589916105779,729.7127818523229,688.4773309478993,665.8351319860343,671.5101708412392,684.6718776492241,672.5372813260967,700.0135968299198,720.8337753040441,710.8111648771219,705.1115636783547,686.965321190877,725.4810793783179,710.7222222222222
1588,1307,Carlton County,county,MN,MN,"Duluth, MN-WI",27,017,,,,,,,,,,,,,,,,,,,,,,,,,,,,,,,,,,,,,,,,,,,,,,,,,,,,,,,,,,,,,,,,,,,,,,,,,,,,,,,,,,,,,,,,,,,,,,,,,,,,,,,,,,,,,,,,,,,,,,,,,,,981.8181818181819
327,1310,Ware County,county,GA,GA,"Waycross, GA",13,299,,,,,,,,,,,,,,,,,,,,,,,,,,,,,,,,,,,,,,,,,,,,,,,,,,,,,,,,,,,,,,,,,,,,,,,,,,,,,,,,,,,,,,,,,,,,,,,,,,,,,,,,,,,,,,,,,,,,,,,,,,,850.0
1292,1312,Orange County,county,VA,VA,,51,137,,,,,,,,,,,,,,,,,,,,,,,,,,,,,,,,,,,,,,,,,,,,,,,,,,,,,,,,,,,,,,,,,,,,,,,,,,,,,,,,,,,,,,,,,,,,,,,,,,,,,,,,,,,,,,,,,,,,,,,,,,,1600.0
1846,1315,Laclede County,county,MO,MO,"Lebanon, MO",29,105,,,,,,,,,,,,,,,,,,,,,,,,,,,,,,,,,,,,,,,,,,,,,,,,,,,,,,,,,,,,,,,,,,,,,,,,,,,,,,,,,,,,,,,,,,,,,,,,,,,,,,,,,,,,,,,,,,,,,,,,,,,868.75
180,1318,Hill County,county,TX,TX,,48,217,,,,,,,,,,,,,,,,,,,,,,,,,,,,,,,,,,,,,,,,,,,,,,,,,,,,,,,,,,,,,,,,,,,,,,,,,,,,,,,,,,,,,,,,,,,,,,,,,,,,,,,,,,,,,,,,,,,,,,,,,985.4228997269375,997.5184421032245,991.6666666666666
3073,1321,Washington County,county,TX,TX,"Brenham, TX",48,477,,,,,,,,,,,,,,,,,,,,,,,,,,,,,,,,,,,,,,,,,,,,,,,,,,,,,,,,,,,,,,,,,,,,,,,,,,,,,,,,,,,,,,,,,,,,,,,,,,,,,,,,,,,,,,,,,,,,,,,,1477.7957637296122,1511.3119713974825,1537.952546778787,1529.1666666666667
1908,1322,Madison County,county,NE,NE,"Norfolk, NE",31,119,,,,,,,,,,,,,,,,,,,,,,,,,,,,,,,,,,,,,,,,,,,,,,,,,,,,,,,,,,,,,,,,,,,,,,,,,,,,,,,,,,,,,,,,,,,,,,,,,,,,,,,,,,,,,,,,,,,,,,,,,867.094935488748,,920.625
1447,1324,Uintah County,county,UT,UT,"Vernal, UT",49,047,,,,,,,,,,,,,,,,,,,,,,,,,,,,,,,,,,,,,,,,,,,,,,,,,,,,,,,,,,,,,,,,,,,,,,,,,,,,,,,,,,,,,,,,,,,,,,,,,,,,,,,,,,,,,,,,,,,,,,,,,,1556.3475997553942,1512.5
1011,1325,Fannin County,county,TX,TX,"Bonham, TX",48,147,,,,,,,,,,,,,,,,,,,,,,,,,,,,,,,,,,,,,,,,,,,,,,,,,,,,,,,,,,,,,,,,,,,,,,,,,,,,,,,,,,,,,,,,,,,,,,,,,,,,,,,,,,,,,,,,,,,,,,,,,1375.1742615979301,1370.3084023144936,1427.9166666666667
3032,1332,Silver Bow County,county,MT,MT,"Butte-Silver Bow, MT",30,093,,,,,,,,,,,,,,,,,,,,,,,,,,,,,,,,,,,,,,,,,,,,,,,,,,,,,,,,,,,,,,,,,,,,,,,,,,,,,,,,,,,,,,,,,,,,,,,,,,,,1236.9871943880203,1265.9986937256883,1311.862446932261,1274.716120562179,1283.4629187999487,1251.6142859877725,1266.710405402183,1297.1235082411317,1319.6742716605424,1310.8995055984058,1284.6987793578476,1276.0969554442636,1334.7140585166462,1365.847801088928,1401.900807794528,1414.0713465372237,1412.2871380493516,1466.3035933230892,1497.539752999357,1484.9245358054918,1422.2952859336012,1349.0084109700265,1358.158427282308,1369.4444444444443
862,1333,Becker County,county,MN,MN,,27,005,,,,,,,,,,,,,,,,,,,,,,,,,,,,,,,,,,,,,,,,,,,,,,,,,,,,,,,,,,,,,,,,,,,,,,,,,,,,,,,,,,,,,,,,,,,,,,,,,,,,,,,,,,,,,,,,,,,,,,,,,,,1350.0
1876,1336,Lincoln County,county,NE,NE,"North Platte, NE",31,111,,,,,,,,,,,,,,,,,,,,,,,,,,,,,,,,,,,,,,,,,,,,,,,,,,,,,,,,,,,,,,,,,,,,,,,,,,,,,,,,,,,,865.5379325011775,891.574807767995,878.2732794950263,884.3956935313691,889.370212775676,894.05817791751,905.3763867266392,917.5669602275085,931.8449872509095,937.145979124103,941.4148159238476,940.3261427035245,945.6054552479652,940.8807146321716,933.9380512594125,932.5999589745528,932.9646938791429,952.2161307889602,956.8388864224177,973.0521023006326,975.6986636269953,998.092164471519,999.7735732269485,993.9474559482046,1000.031829291769,1011.889345254875,1024.5458737271442,1029.6888927012344,1028.9636716779517,1032.4265771412024,1035.5411832552645,1058.9754183653356,1076.7131477854696,1081.5658524884502,1070.7883730201693,1067.1139188257541,1063.6309415518217,1060.1182915274917,1060.723677871189,1048.611111111111
1104,1344,Howard County,county,TX,TX,"Big Spring, TX",48,227,,,,,,,,,,,,,,,,,,,,,,,,,,,,,,,,,,,,,,,,,,,,,,,,,,,,,,,,,,,,,,,,,,,,,,,,,,,,,,,,,,,,,,,,,,,,,,,,,,,,,,,,,,,,,,,,,,,,,,,,,1217.1570198814723,1219.4403109086857,1149.5833333333333
2038,1349,Steuben County,county,IN,IN,"Angola, IN",18,151,,,,,,,,,,,,,,,,,,,,,,,,,,,,,,,,,,,,,,,,,,,,,,,,,,,,,,,,,,,,,,,,,,,,,,,,,,,,,,,,,,,,,,,,,,,,,,,,,,,,,,,,,,,,,,,,,,,,,,,,,,,1190.0
83,1350,Lee County,county,IL,IL,"Dixon, IL",17,103,,,,,,,,,,,,,,,,,,,,,,,,,,,,,,,,,,,,,,,,,,,,,,,,,,,,,,,,,,,,,,,,,,,,,,,,,,,,,,,,,,,,,,,,,,,,,,,,,,,,,,,,,,,,,,,,,,,,,,,,,,,950.0
316,1352,Taos County,county,NM,NM,"Taos, NM",35,055,,,,,,,,,,,,,,,,,,,,,,,,,,,,,,,,,,,,,,,,,,,,,,,,,,,,,,,,,,,,,,,,,,,,,,,,,,,,,,,,,,,,,,,,,,,,,,,,,,,,,,,,,,,,,,,,,,,,,,,,,1661.6809455662708,1684.4759937740205,1616.6666666666667
2639,1354,Brookings County,county,SD,SD,"Brookings, SD",46,011,,,,,,,,,,,,,,,,,,,,,,,,,,,,,,,,,,,,,,,,,,,,,,,,,,,,,,,,,,,,,,,,,,,,,,,,,,,,,,,,,,,,,,,,,,,,,,969.8845779980026,964.5887730951949,961.259206223703,958.5231755175107,976.4922204996303,981.3949972706754,999.4590010389473,982.0948919174547,1000.6900008816326,1008.6234423392286,1032.9776208766716,1026.64871331364,1040.8473410689005,1031.2907533127495,1041.1915592832793,1045.2366499902498,1086.9746741930514,1097.0010872878763,1101.3342033216452,1095.881621859623,1085.0348550689002,1074.333576306371,1095.66427206783,1109.600799557214,1157.475990753421,1137.4024704716433,1142.0465850395397,1133.9625465688262,1153.7682972220994,1189.6527777777778
2456,1355,Nicollet County,county,MN,MN,"Mankato, MN",27,103,,,,,,,,,,,,,,,,,,,,,,,,,,,,,,,,,,,,,,,,,,,,,,,,,,,,,,,,,,,,,,,,,,,,,,,,,,,,,,,,,,,,,,,,,,,,,,,,,,,,,,,,,,,,,,,,,,,,,,,,,,,1550.0
1744,1357,Halifax County,county,VA,VA,,51,083,,,,,,,,,,,,,,,,,,,,,,,,,,,,,,,,,,,,,,,,,,,,,,,,,,,,,,,,,,,,,,,,,,,,,,,,,,,,,,,,,,,,,,,,,,,,,,,,,,,,,,,,,,,,,,,,,,,,,,,,,,,1406.25
2071,1362,Wasatch County,county,UT,UT,"Heber, UT",49,051,,,,,,,,,,,,,,,,,,,,,,,,,,,,,,,,,,,,,,,,,,,,,,,,,,,,,,,,,,,,,,,,,,,,,,,,,,,,,,,,,,,,,,,,,,,,,,,,,,,,,,,,,,,,2782.170762644317,2824.238810355112,2796.242711602534,2889.566894244389,2855.5382476395052,2993.1717477658576,2960.0154448526505,2963.979840073307,2820.4764310627293,2842.3827885861133,2795.144523695284,2819.8004320726095,2681.029432048027,2769.654987274461,2869.945380515092,3040.055555555555
1091,1365,Harvey County,county,KS,KS,"Wichita, KS",20,079,,,,,,,,,,,,,,,,,,,,,,,,,,,,,,,,,,,,,,,,,,,,,,,,,,,,,,,,,,,,,,,,,,,,,,,,,,,,,,,,,,,,,,,,,,,,,,,,,,702.9088923610026,712.6336047893709,730.1812368823952,756.9646815709634,761.1628921541458,770.838993887096,764.9007578310077,778.0068709293884,772.4414172647103,753.5630379558247,732.3346036431532,716.6666727053622,736.2148163545642,749.8952071792463,758.2733031902249,750.1628838806239,762.1797801663566,775.4740979694992,792.0499973410577,802.7588531624572,819.6467398727391,822.2148465863629,820.9328490584662,812.5964183923185,793.6795724976205,796.6666666666666
640,1366,Miami County,county,KS,KS,"Kansas City, MO-KS",20,121,,,,,,,,,,,,,,,,,,,,,,,,,,,,,,,,,,,,,,,,,,,,,,,,,,,,,,,,,,,,,,,,,,,,,,,,,,,,,,,,,,,,,,,,,,,,,,,,,,,,,,,,,,,,,,,,,,,,,,,,,1892.659742540631,1764.2155977997795,1813.3333333333333
2634,1375,Botetourt County,county,VA,VA,"Roanoke, VA",51,023,,,,,,,,,,,,,,,,,,,,,,,,,,,,,,,,,,,,,,,,,,,,,,,,,,,,,,,,,,,,,,,,,,,,,,,,,,,,,,,,,,,,,,,,,,,,,,,,,,,,,,,,,,,,,,,,,,,,,,,,,,1784.5700808106544,1797.5
1163,1377,Marion County,county,IA,IA,"Pella, IA",19,125,,,,,,,,,,,,,,,,,,,,,,,,,,,,,,,,,,,,,,,,,,,,,,,,,,,,,,,,,,,,,,,,,,,,,,,,,,,,,,,,,,,,,,,,,,,,,,,,,,,,,,,,,,,,,,,,,,969.9893957238029,984.022892896199,1026.663074172188,1036.066828895829,1029.6430781995152,1001.1068197208853,1001.6756690903082,1000.7056873071903,1025.1715270550164,1040.0
3259,1384,Petersburg City,county,VA,VA,"Richmond, VA",51,730,,,,,,,,,,,,,,,,,,,,,,,,,,,,699.5460990939846,708.446425993251,682.9557733410844,683.9298477311086,707.1415479293164,723.324296437968,734.251341348242,709.3400221769274,704.059363295191,696.3171077225193,700.7897015211531,697.0606811903315,713.1838965118006,716.6539298719865,736.9839917192238,729.0727115869236,737.8527413109853,732.6265324493467,743.5170111099869,741.8778477966987,733.5816798878197,736.8697897460546,751.3536581605337,,775.3747460188872,769.3412804848917,766.2598756028128,770.022472329625,781.5288873374619,787.5065650903026,787.1527976893283,785.8821970220686,781.913021350963,787.2498423810856,798.0213416298787,796.1069518286405,793.735381785264,784.9695287953799,796.8920187523689,811.795023815759,826.8136637404714,829.4820236016426,828.4915448193567,813.0519478494432,821.8639116290111,824.9701926885838,855.6080880065053,877.6217528008925,905.0909231232997,928.6974110066845,951.4407687225774,956.7693973892156,949.9732366882694,963.2955409986301,953.0122753083228,956.3977005155328,955.5781527879731,977.369777497262,987.124299974301,988.8123837374742,1012.6895147548296,1024.067107927903,1033.4841264611819,1044.1600901305371,1055.5394617160878,1050.121524313477,1030.5100631135465,1012.2086113568348,1002.3328053629119,1018.695044228973,1045.4754703310625,1074.2037240205482,1071.059286100912,1069.0697165366723,1054.5422036006023,1054.6676238434932,1063.8156156686498,1086.0507003328325,1114.2221521045697,1118.775997000587,1162.7417593476266,1159.3436290689037,1186.0541305997945,1144.5316198138617,1151.9717407632215,1144.8864066353722,1172.7935222811466,1183.3053647282445,1183.5012905042202,1183.0925634852924,1191.7445460451347,1186.6732603283483,1197.666796117575,1201.7618058445778,1218.5583728306299,1227.8329966329966
1892,1386,Lumpkin County,county,GA,GA,,13,187,,,,,,,,,,,,,,,,,,,,,,,,,,,,,,,,,,,,,,,,,,,,,,,,,,,,,,,,,,,,,,,,,,,,,,,,,,,,,,,,,,,,,,,,,,,,,,,,,,,,,,,,,,,,,,,,,,,,,,,,,,,2125.0
271,1387,Pike County,county,AL,AL,"Troy, AL",01,109,,,,,,,,,,,,,,,,,,,,,,,,,,,,,,,,,,,,,,,,,,,,,,,,,,,,,,,,,,,,,,,,,,,,,,,,,,,,,,,,,,,,,,,,,,,,,,,,,,,,,,,,,,,,,,,,,,,,,,,,,,,1150.0
2066,1388,Wakulla County,county,FL,FL,"Tallahassee, FL",12,129,,,,,,,,,,,,,,,,,,,,,,,,,,,,,,,,,,,,,,,,,,,,,,,,,,,,,,,,,,,,,,,,,,,,,,,,,,,,,,,,,,,,,,,,,,,,,,,,,,,,,,,,,,,,,,,,,,,,,,,,,,,1525.0
1143,1396,Lassen County,county,CA,CA,"Susanville, CA",06,035,,,,,,,,,,,,,,,,,,,,,,,,,,,,,,,,,,,,,,,,,,,,,,,,,,,,,,,,,,,,,,,,,,,,,,,,,,,,,,,,,,,,,,,,,,,,,,,,,,,,,,,,,,,,,,,,,,,,,,,,,,,1300.0
2075,1397,Weakley County,county,TN,TN,"Martin, TN",47,183,,,,,,,,,,,,,,,,,,,,,,,,,,,,,,,,,,,,,,,,,,,,,,,,,,,,,,,,,,,,,,,,,,,,,,,,,,,,,,,,,,,,,,,,,,,,,,,,,,,,,,,,,,,,,,,,,,,,,,,,,,,857.0
1246,1398,Morton County,county,ND,ND,"Bismarck, ND",38,059,,,,,,,,,,,,,,,,,,,,,,,,,,,,,,,,,,,,,,,,,,,,,,,,,,,,,,,,,,,,,,,,,,,,,,,,,,,,,,,,,,,,,,,,,,,,,,,,,,,,,,,,,,,,,,,,,,,,,,,,,,1177.2416029736046,1191.0833333333335
1971,1401,Pickens County,county,GA,GA,"Atlanta-Sandy Springs-Alpharetta, GA",13,227,,,,,,,,,,,,,,,,,,,,,,,,,,,,,,,,,,,,,,,,,,,,,,,,,,,,,,,,,,,,,,,,,,,,,,,,,,,,,,,,,,,,,,,,,,,,,,,,,,,,,,,,,,,,,,,,,,,,,,,,,,,2333.3333333333335
729,1405,Stark County,county,ND,ND,"Dickinson, ND",38,089,,,,,,,,,,,,,,,,,,,,,,,,,,,,,,,,,,,,,,,,,,,,,,,,,,,,,,,,,,,,,,,,,,,,,,,,,,,,,,,,,,,,,,,,,,,,,,,,,,,,,,,,,,,,,,,,,,,,,,,,,,1304.123403802432,1369.875
2755,1406,Jefferson County,county,WA,WA,,53,031,,,,,,,,,,,,,,,,,,,,,,,,,,,,,,,,,,,,,,,,,,,,,,,,,,,,,,,,,,,,,,,,,,,,,,,,,,,,,,,,,,,,,,,,,,,,,,,,,,,,,,,,,,,,,,,2037.5053743379256,2063.974615980714,2071.799637560536,2164.352193311428,2158.684879502307,2197.473433266172,2322.8181424579384,2368.4364619526127,2336.2871348257204,2261.9406608235486,2219.4578662721733,2253.167407504167,2291.6666666666665
81,1407,Lee County,county,GA,GA,"Albany, GA",13,177,,,,,,,,,,,,,,,,,,,,,,,,,,,,,,,,,,,,,,,,,,,,,,,,,,,,,,,,,,,,,,,,,,,,,,,,,,,,,,,,,,,,,,,,,,,,,,,,,,,,,,,,,,,,,1376.9622676265813,1389.2146414830033,1367.1512566932843,1499.267096542894,1558.7872502390915,1604.9993150056384,1477.9831904953267,1470.6265043831347,1489.0103757326424,1500.4760732186314,1478.8379893881995,1431.6288320160102,1429.6374016188815,1460.7722698229584,1501.9444444444443
2922,1410,Dorchester County,county,MD,MD,"Cambridge, MD",24,019,,,,,,,,,,,,,,,,,,,,,,,,,,,,,,,,,,,,,,,,,,,,,,,,,,,,,,,,,,,,,,,,,,,,,,,,,,,,,,,,,,,,,,,,,,,,,,,,,,,,,,,,,,,,,,,,,,,,,,,,,,,1975.0
246,1412,Lyon County,county,KS,KS,"Emporia, KS",20,111,,,,,,,,,,,,,,,,,,,,,,,,,,,,,,,,,,,,,,,,,,,,,,,,,,,,,,,,,,,,,,,,,,,,,,,,,,,,,,,,,,,,,,,,,,,,,,,,,,,,,,,,,,,,,,,,,,,,,,890.9742932166452,910.0189101572206,872.2677871617148,847.1707673150966,829.6793124130983,857.2222222222223
2973,1420,Montgomery County,county,KS,KS,"Coffeyville, KS",20,125,,,,,,,,,,,,,,,,,,,,,,,,,,,,,,,,,,,,,,,,,,,,,,,,,,,,,,,,,,,,,,,,,,,,,,,,,,,,,,,,,,,,,,,,,,,,,,,,,,,,,,,,,,,,,,,,,,,,,,,,,,,950.0
1403,1440,Summit County,county,CO,CO,"Breckenridge, CO",08,117,,,,,,,,,,,,,,,,,,,,,,,,,,,,,,,,,,,,,,,,,,,,,,,,,,,,,,,,,,,,,,,,,,,,,,,,,,,,,,,,,,,,,,,,,,,,,,,,,,,,,,,,,,,,,,3534.8826191545204,3441.735468423608,3465.7068005981637,3396.05685390603,3457.438885619271,3509.5136663147086,3619.9343806649063,3614.23335979281,3576.902342164825,3531.0102461091433,3523.435738007838,3462.789719954039,3466.752140789145,3469.565656565657
1843,1444,Kleberg County,county,TX,TX,"Kingsville, TX",48,273,,,,,,,,,,,,,,,,,,,,,,,,,,,,,,,,,,,,,,,,,,,,,,,,,,,,,,,,,,,,,,,,,,,,,,,,,,,,,,,,,,,,,,,,,,,,,,,,,,,,,,,,,,,,,,,,,,,,,,,,,1620.118977943348,1635.105052378558,1661.111111111111
2178,1449,Caroline County,county,VA,VA,,51,033,,,,,,,,,,,,,,,,,,,,,,,,,,,,,,,,,,,,,,,,,,,,,,,,,,,,,,,,,,,,,,,,,,,,,,,,,,,,,,,,,,,,,,,,,,,,,,,,,,,,,,,,,,,,,,,,,,,,,,,,2081.7944232935997,2114.637710739718,2169.350584310842,2317.777777777778
400,1460,Boyle County,county,KY,KY,"Danville, KY",21,021,,,,,,,,,,,,,,,,,,,,,,,,,,,,,,,,,,,,,,,,,,,,,,,,,,,,,,,,,,,,,,,,,,,,,,,,,,,,,,,,,,,,,,,,,,,,,,,,,,,,,,,,,,,,,,,,,,,,,,,,,,,1350.0
2738,1461,Jefferson County,county,ID,ID,"Idaho Falls, ID",16,051,,,,,,,,,,,,,,,,,,,,,,,,,,,,,,,,,,,,,,,,,,,,,,,,,,,,,,,,,,,,,,,,,,,,,,,,,,,,,,,,,,,,,,,,,,,,,,,,,,,,,,,,,,,,,,,,,,,,,,1556.1553312131475,1518.2149856896358,1524.183301621109,1519.2530219535386,1545.2546789717535,1572.5
3103,1464,Mecklenburg County,county,VA,VA,,51,117,,,,,,,,,,,,,,,,,,,,,,,,,,,,,,,,,,,,,,,,,,,,,,,,,,,,,,,,,,,,,,,,,,,,,,,,,,,,,,,,,,,,,,,,,,,,,,,,,,,,,,,,,,,,,,,,,,,,,,,,,1245.4853288797333,1261.747954627788,1331.9444444444443
2843,1472,Schoharie County,county,NY,NY,"Albany-Schenectady-Troy, NY",36,095,,,,,,,,,,,,,,,,,,,,,,,,,,,,,,,,,,,,,,,,,,,,,,,,,,,,,,,,,,,,,,,,,,,,,,,,,,,,,,,,,,,,,,,,,,,,,,,,,,,,,,,,,,,,,,,,,,,,,,,,,,,3000.0
270,1480,Park County,county,WY,WY,,56,029,,,,,,,,,,,,,,,,,,,,,,,,,,,,,,,,,,,,,,,,,,,,,,,,,,,,,,,,,,,,,,,,,,,,,,,,,,,,,,,,,,,,,,,,,,,,,,,,,,,,,,,,,,,,,,,,,,,,,,,,1216.1834569286052,1260.399453616915,1307.9066579101222,1309.4444444444443
496,1500,Ellis County,county,KS,KS,"Hays, KS",20,051,,,,,,,,,,,,,,,,,,,,,,,,,,,,,,,,,,,,,,,,,,,,,,,,,,,,,,,,,,,,,,,,,,,,,,,,,,,,,,,,,,,,,,,,,,,,,,,,,,,,,,,,,,,,,,,,,,,,,,,,,,,1175.0
524,1507,Glenn County,county,CA,CA,,06,021,,,,,,,,,,,,,,,,,,,,,,,,,,,,,,,,,,,,,,,,,,,,,,,,,,,,,,,,,,,,,,,,,,,,,,,,,,,,,,,,,,,,,,,,,,,,,,,,,,,,,,,,,,,,,,,,,,,,,,,,,,1582.8959558808754,1572.5
1120,1517,Jasper County,county,SC,SC,"Hilton Head Island-Bluffton, SC",45,053,,,,,,,,,,,,,,,,,,,,,,,,,,,,,,,,,,,,,,,,,,,,,,,,,,,,,,,,,,,,,,,,,,,,,,,,,,,,,,,,,,,,,,,,,,,,,,,,,,,,,,,,,,,,,,,,,,,,,,,,,,,1556.0
1004,1521,Elmore County,county,ID,ID,"Mountain Home, ID",16,039,,,,,,,,,,,,,,,,,,,,,,,,,,,,,,,,,,,,,,,,,,,,,,,,,,,,,,,,,,,,,,,,,,,,,,,,,,,,,,,,,,,,,,,,,,,,,,,,,,,,,,,,,,,,,,,,,,,,,,1535.6443243713497,1577.4762067443944,,1589.3356938462666,1549.62185779232,1601.388888888889
2669,1527,Codington County,county,SD,SD,"Watertown, SD",46,029,,,,,,,,,,,,,,,,,,,,,,,,,,,,,,,,,,,,,,,,,,,,,,,,,,,,,,,,,,,,,,,,,,,,,,,,,,,,,,,,,,,,,,,,,,,,,,,,,,,,,,,,,,,,,,,,,,,,,,,,,,,1400.0
3263,1529,Winchester City,county,VA,VA,"Winchester, VA-WV",51,840,,,,,,,,,,,,,,,,,,,,,,,,,,,,,,,,,,,,,,,,,,,,,,,,,,,,,,,,,,,,,,,,,,,,,,,,,,,,,,,,,,,,,,,1491.5094035037107,1518.8835197067017,1538.2454064763626,1535.570912297337,1535.4479503380066,1527.5961500309031,1530.023672325176,1533.5491045192512,1518.521213439236,1506.0905487602731,1539.9812973221851,1562.9253587805906,1599.3013602681958,1585.2497617884799,1607.4347167077526,1608.0317283455502,1637.818860578546,1645.2940691863946,1618.3957316062501,1584.8815759457686,1588.4041409121337,1588.0812937002988,1637.5008880311439,1630.2581854314178,1668.3662316389614,1665.0831337848729,1722.4120823161586,1715.728421854219,1735.4684481040624,1729.823079462578,1743.220438577178,1747.0777818756765,1726.1219791612443,1726.2165396647442,1705.7505014282854,1723.996427355702,1736.111111111111
3283,1540,Fredericksburg City,county,VA,VA,"Washington-Arlington-Alexandria, DC-VA-MD-WV",51,630,,,,,,,,,,,1163.7333159032844,1170.8069386346133,1161.5293264056215,1182.1063024265322,1191.1539914005011,1211.7922563906923,1228.3310741833511,1223.024523790326,1223.2644211305224,1210.189973041689,1204.517417144227,1204.5607994885788,1215.1737598694258,1204.2554156384392,1201.0899871121628,1196.5167296160391,1219.0090858074868,1229.7980481376844,1248.973912274131,1255.320483791752,1257.2315125879695,1256.5853770935914,1252.9098845417986,1271.9144684004589,1273.6208963695906,1294.8080353143014,1289.6479173217208,1286.2583357005342,1270.124773576178,1278.621110693099,1276.8661174020017,1282.71000774166,1273.4009542097522,1292.6511086668736,1309.0048751127279,1313.6401271084785,1303.9930907356015,1298.0815192334221,1300.6233677695739,1325.8452835752762,1338.9594941346895,1342.6567528993025,1336.2020676742645,1343.0555904199548,1360.460305506177,1347.0573872610073,1355.4154230181978,1335.1344487315798,1345.8492601750177,1335.5834652727212,1356.1169189168643,1362.5852334493527,1375.1965986917423,1383.4921979904877,1397.645978530616,1398.8327738301673,1396.4600525321507,1402.6102005693892,1423.36061614186,1449.2130458772317,1443.0404244357198,1411.7131881976688,1414.9069120360296,1404.3619989113374,1450.4787587114592,1483.770879627494,1572.9702583360956,1619.9018727866778,1641.3250337660356,1643.2665828336078,1633.213450449802,1643.3735742952451,1619.3822324401253,1638.73645990345,1629.237965058768,1650.7258307239613,1663.2055001103656,1692.7263937858131,1732.2111893674098,1746.4169270269604,1766.8003255189692,1758.1770577168745,1758.2187049939864,1744.1026518077988,1756.4723277329138,1730.8388746710666,1730.3266756415583,1707.2823183825042,1746.5890136135745,1766.441925008091,1782.0407126159694,1772.6769633455178,1755.3786644438183,1763.209303661742,1783.8127857565378,1805.815378820093,1840.166870877029,1839.8329284937029,1839.4906648446888,1848.7489437841718,1873.7612630313654,1903.7086360459348,1900.630150388643,1939.7508112276869,1942.7369427181716,1964.8335693374322,1916.5205169975102,1906.732628046742,1931.09054740396,1946.195147461459,1975.4688494306756,1979.833959182446,2029.0560897435898
806,1547,White County,county,GA,GA,,13,311,,,,,,,,,,,,,,,,,,,,,,,,,,,,,,,,,,,,,,,,,,,,,,,,,,,,,,,,,,,,,,,,,,,,,,,,,,,,,,,,,,,,,,,,,,,,,,,,,,,,,,,,,,,,,,,,,,,,,,,,,,,1350.0
2792,1551,McDonough County,county,IL,IL,"Macomb, IL",17,109,,,,,,,,,,,,,,,,,,,,,,,,,,,,,,,,,,,,,,,,,,,,,,,,,,,,,,,,,,,,,,,,,,,,,,,,,,,,,,,,,,,,,,,,,,,,,,,,,,,,,,,,,,,,,,,,,,,,,,,,,,,755.0
608,1561,Logan County,county,KY,KY,,21,141,,,,,,,,,,,,,,,,,,,,,,,,,,,,,,,,,,,,,,,,,,,,,,,,,,,,,,,,,,,,,,,,,,,,,,,,,,,,,,,,,,,,,,,,,,,,,,,,,,,,,,,,,,,,,,,,,,,,,,,,,,,799.0
2854,1568,Tillamook County,county,OR,OR,,41,057,,,,,,,,,,,,,,,,,,,,,,,,,,,,,,,,,,,,,,,,,,,,,,,,,,,,,,,,,,,,,,,,,,,,,,,,,,,,,,,,,,,,,,,,,,,,,,,,,,,,,,,,,,,,,,,,,,,,,,,,,,,2395.0
2268,1569,Fluvanna County,county,VA,VA,"Charlottesville, VA",51,065,,,,,,,,,,,,,,,,,,,,,,,,,,,,,,,,,,,,,,,,,,,,,,,,,,,,,,,,,,,,,,,,,,,,,,,,,,,,,,,,,,,,,,,,,,,,,,,,,,,,,,,,,,,,,,,,,,,,,,,,,,,2077.5
2705,1579,Gillespie County,county,TX,TX,"Fredericksburg, TX",48,171,,,,,,,,,,,,,,,,,,,,,,,,,,,,,,,,,,,,,,,,,,,,,,,,,,,,,,,,,,,,,,,,,,,,,,,,,,,,,,,,,,,,,,,,,,,,,,,,,,,,,,,,,,,,,,,2181.2401503859305,2195.19423712597,2121.9072590313,2126.5430404958947,2137.479814368105,2073.8213645357296,2063.7925898327676,2065.5713153457696,2133.871618232577,2182.9793892697867,,2168.188807067159,2130.555555555555
391,1581,Boone County,county,IA,IA,"Ames, IA",19,015,,,,,,,,,,,,,,,,,,,,,,,,,,,,,,,,,,,,,,,,,,,,,,,,,,,,,,,,,,,,,,,,,,,,,,,,,,,,,,,,,,,,,,,,,,,,,,,,,,,,,,,,,,,,,,,,,,,,,,,,,,,842.5
785,1586,Wasco County,county,OR,OR,"The Dalles, OR",41,065,,,,,,,,,,,,,,,,,,,,,,,,,,,,,,,,,,,,,,,,,,,,,,,,,,,,,,,,,,,,,,,,,,,,,,,,,,,,,,,,,,,,,,,,,,,,,,,,,,,,,,,,,,,,,,,,,,,,,,,,,1561.9080314031537,1575.8328024884972,1564.1666666666667
3097,1588,King George County,county,VA,VA,,51,099,,,,,,,,,,,,,,,,,,,,,,,,,,,,,,,,,,,,,,,,,,,,,,,,,,,,,,,,,,,,,,,,,,,,,,,,,,,,,,,,,,,,,,,,,,,,,,,,,,,,,,,,,,,,,,,,,,1722.9017029220113,1721.239519380959,1758.2596936117773,1703.5941730476866,1752.271874663557,1771.080763289613,1849.2535287222536,,1777.1676768566756,1748.3333333333333
774,1597,Union County,county,OR,OR,"La Grande, OR",41,061,,,,,,,,,,,,,,,,,,,,,,,,,,,,,,,,,,,,,,,,,,,,,,,,,,,,,,,,,,,,,,,,,,,,,,,,,,,,,,,,,,,,,,,,,,,,,,,,,,,,,,,,,,,,,,,,,,,,,,,,1211.086573984792,1214.9108264623096,1196.767061129702,1232.5
979,1599,Dawson County,county,GA,GA,"Atlanta-Sandy Springs-Alpharetta, GA",13,085,,,,,,,,,,,,,,,,,,,,,,,,,,,,,,,,,,,,,,,,,,,,,,,,,,,,,,,,,,,,,,,,,,,,,,,,,,,,,,,,,,,,,,,,,,,,,,,,,,,,2040.0185454668363,2033.6433770738784,1999.4944221255582,1998.3691043278147,2029.3409924521438,2082.3171791960413,2054.3020161568556,2061.3791643038194,2067.535771875927,2102.3848227864232,2120.2413107062603,2112.021174264957,2098.7551806587544,2095.7152453171475,2095.7520951410947,2083.2134599092615,2065.430681191008,2098.1622653824184,2140.4399381474104,2100.344152760496,2055.336179892069,2055.079380021497,2099.5766700415247,2132.6
2807,1609,Montezuma County,county,CO,CO,,08,083,,,,,,,,,,,,,,,,,,,,,,,,,,,,,,,,,,,,,,,,,,,,,,,,,,,,,,,,,,,,,,,,,,,,,,,,,,,,,,,,,,,,,,,,,,,,,,,,,,,,,,,,,,,,,,,,,,,,,,,,,,,1466.6666666666667
1001,1611,Elbert County,county,CO,CO,"Denver-Aurora-Lakewood, CO",08,039,,,,,,,,,,,,,,,,,,,,,,,,,,,,,,,,,,,,,,,,,,,,,,,,,,,,,,,,,,,,,,,,,,,,,,,,,,,,,,,,,,,,,,,,,,,,,,,,,,,,,,,,,,,,,,,,,,,,,,,,,,,2292.0
853,1619,Barton County,county,KS,KS,"Great Bend, KS",20,009,,,,,,,,,,,,,,,,,,,,,,,,,,,,,,,,,,,,,,,,,,,,,,,,,,,,,,,,,,,,,,,,,,,,,,,,,,,,,,,,,,,,,,,,,,,,,,,,,,,,,,,,,,,,,,,,,,,,,,,,,,752.0092439672181,774.1666666666667
2387,1620,Lawrence County,county,SD,SD,"Spearfish, SD",46,081,,,,,,,,,,,,,,,,,,,,,,,,,,,,,,,,,,,,,,,,,,,,,,,,,,,,,,,,,,,,,,,,,,,,,,,,,,,,,,,,,,,,,,,,,,,,,,,,,,,,,,,,,,,,,,,,,,,,,,,,,,,1345.0
351,1630,Adair County,county,MO,MO,"Kirksville, MO",29,001,,,,,,,,,,,,,,,,,,,,,,,,,,,,,,,,,,,,,,,,,,,,,,,,,,,,,,,,,,,,,,,,,,,,,,,,,,,,,,,,,,,,,,,,,,,,,,,,,,,,,,,,751.5088183452103,753.3465618176352,750.8275302102597,731.8027783393816,711.3920596006316,714.0247961924445,724.400345718335,745.215639030833,741.702439050261,752.4620425240677,753.2484834128904,,,777.5725704277345,772.4910507779065,763.0697500459916,754.6157787826527,758.7418750918201,777.8096150252214,783.4444444444445
703,1633,Salem City,county,VA,VA,"Roanoke, VA",51,775,,,,,,,,,,,,,,,,,,,,,,,,,,,,,,,,,,,,,,,,,,,,,,,,,,,,,,,,,,,,,,,,,,,,,,,,,,,,,,,,,,,,,,,,,,,,,,,,,,,,,,,,,,,,,,,1316.954261281176,1309.85913076307,1305.2734796697112,1335.009691037052,1343.9022303825557,1397.2790793253594,1386.6020603587158,1389.8147224186473,1391.0825804598044,1435.5606973413499,1438.0267058743113,1423.7949075556544,1404.1666666666667
3230,1637,Staunton City,county,VA,VA,"Staunton, VA",51,790,,,,,,,,,,,,,,,,,,,,,,,,,,,,,,,,,,,,,,,,,,,,,,,,,,,,,,,,,,,,,,,,,,,,,,,,,,,,,,,,,,,,,,,,,,,,,,,,,,,,,,,,,,,,,,,,,,,,,,,,,1173.5391488081573,1219.2924458019131,1246.6666666666667
3177,1638,Pottawatomie County,county,KS,KS,"Manhattan, KS",20,149,,,,,,,,,,,,,,,,,,,,,,,,,,,,,,,,,,,,,,,,,,,,,,,,,,,,,,,,,,,,,,,,,,,,,,,,,,,,,,,,,,,,,,,,,,,,,,,,,,,,,,,,,,,,,,,,,,,,,,,,,,,1700.0
2660,1641,Churchill County,county,NV,NV,"Fallon, NV",32,001,,,,,,,,,,,,,,,,,,,,,,,,,,,,,,,,,,,,,,,,,,,,,,,,,,,,,,,,,,,,,,,,,,,,,,,,,,,,,,,,,,,,,,,,,,,,,,,,,,,,,,,,,,,,,,,,,,,,,,,,,,1780.6611513724558,1787.5
699,1654,Routt County,county,CO,CO,"Steamboat Springs, CO",08,107,,,,,,,,,,,,,,,,,,,,,,,,,,,,,,,,,,,,,,,,,,,,,,,,,,,,,,,,,,,,,,,,,,,,,,,,,,,,,,,,,,,,,,,,,,,,,,,,,,,,,,,,,,,,,,,,,,,,,,,,,,2959.086947644327,3000.0
1427,1671,Teller County,county,CO,CO,"Colorado Springs, CO",08,119,,,,,,,,,,,,,,,,,,,,,,,,,,,,,,,,,,,,,,,,,,,,,,,,,,,,,,,,,,,,,,,,,,,,,,,,,,,,,,,,,,,,,,,1734.5374408619728,1728.3421006042793,1774.1561536671845,1826.0448613155183,1867.1613437504607,1863.2377909200245,1828.6696060387048,1794.0952298466098,1778.4481459983112,1804.9264685629198,1850.4331965117667,1832.9019637344334,1836.8909018331178,1861.0743580986436,1956.4218916758239,1978.1881648043138,1974.6562349377512,1943.8484079717643,,1943.5178969458423,1955.2749877221042,1927.3853602714762,1912.8381399206137,1907.6392557643403,1928.3038512979579,1978.9226411876996,2002.691182104018,2026.1509671335104,2001.9194903623634,1988.4311420059562,1968.7430286306594,1974.4184097407447,2029.7815454218305,2020.7407662756825,2029.7661493969297,1970.991602561542,2015.6111111111113
462,1679,Crook County,county,OR,OR,"Prineville, OR",41,013,,,,,,,,,,,,,,,,,,,,,,,,,,,,,,,,,,,,,,,,,,,,,,,,,,,,,,,,,,,,,,,,,,,,,,,,,,,,,,,,,,,,,,,,,,,,,,,,,,,,,,,,,,,,,,,,,,,,,,,,,,,1592.5
2707,1679,Goochland County,county,VA,VA,"Richmond, VA",51,075,,,,,,,,,,,,,,,,,,,,,,,,,,,,,,,,,,,,,,,,,,,,,,,,,,,,,,,,,,,,,,,,,,,,,,,,,,,,,,,,,,,,,,,,,,,,,,,,,,,,,,,,,,,1828.3137375317556,1802.2999775808287,1762.0308437190313,1789.5155850921,1794.6066394496854,1843.3480514248336,1851.3742871102354,1902.3732464334973,1894.1777085212773,1900.478437462123,1914.2024770486012,1940.8372402060293,1945.2475698815383,1903.318922608621,1873.6188513247134,1851.4434247617487,1848.4555555555555
1517,1687,Aransas County,county,TX,TX,"Rockport, TX",48,007,,,,,,,,,,,,,,,,,,,,,,,,,,,,,,,,,,,,,,,,,,,,,,,,,,,,,,,,,,,,,,,,,,,,,,,,,,,,,,,,,,,,,,,,,,,,,,,,,,,,,,,,,,,,,,,,,,,,,,,,,1832.8976416351534,1784.4974967156645,1664.4444444444443
3162,1690,Fairfax City,county,VA,VA,"Washington-Arlington-Alexandria, DC-VA-MD-WV",51,600,,,,,,,,,,,,,,,,,,,,,,,,,,,,,,,,,,,,,,,,,,,,,,,,,1939.7578970641532,1896.8038442519585,1965.812568064027,1983.464431531107,2005.9465172179914,2029.1545958057902,2055.5412522475535,2039.2036135086582,2035.4176825318605,2011.1287541877534,2043.338524326399,2037.1227754394995,2052.487274849638,2026.3574243408796,2039.3775057775974,2031.7942444710527,2037.3234612729434,2037.5035794347332,2053.1470314720955,2056.642153677519,2044.4996918338284,2042.2090053743161,2025.8070982131746,2003.1806226027861,2003.0515925485788,2024.8800463547395,2045.2015051163667,2041.8421860284302,2042.762392729515,2096.8048566196135,2155.009831348364,2225.8107577147357,2220.6332280379065,2199.7143123588326,2176.4894623904547,2189.098961724269,2223.9291813898835,2241.6645232989217,2258.272400571492,2275.4375676429863,2287.425772666821,2333.8876140273255,2384.5626412657957,2449.8794886125224,2440.463093463477,2404.570764961256,2355.852720592245,2351.769563291294,2351.800339361969,2373.483345661774,2405.6172291810135,2435.4277751652926,2452.671341393362,2477.1438455241323,2507.439886565345,2541.3211255736064,2523.278435737299,2507.970629711929,2472.1284360505297,2501.7762889609526,2509.5949635728466,2542.159453949096,2573.647803070445,2615.50667116501,2643.3322069880783,2640.5904026591384,2684.321692701117,2662.098376773562,2666.43953554391,2625.8775236093097,2681.2935496135387,2642.308785119632,2653.8746529171635,2600.634161895055,2659.925925925926
1451,1691,Upshur County,county,WV,WV,,54,097,,,,,,,,,,,,,,,,,,,,,,,,,,,,,,,,,,,,,,,,,,,,,,,,,,,,,,,,,,,,,,,,,,,,,,,,,,,,,,,,,,,,,,,,,,,,,,,,,,,,,,,,,,,,,,,,,,,,,,,,,,,950.0
2936,1692,Hood River County,county,OR,OR,"Hood River, OR",41,027,,,,,,,,,,,,,,,,,,,,,,,,,,,,,,,,,,,,,,,,,,,,,,,,,,,,,,,,,,,,,,,,,,,,,,,,,,,,,,,,,,,,,,,,,,,,,,,,,,,,,,,,,,,,,,,,,,,,,,,,,,2466.6369276801915,2673.75
878,1694,Blaine County,county,ID,ID,"Hailey, ID",16,013,,,,,,,,,,,,,,,,,,,,,,,,,,,,,,,,,,,,,,,,,,,,,,,,,,,,,,,,,,,,,,,,,,,,,,,,,,,,,,,,,,,,,,,,,,,,,,,,,,,,,,,,,,,,,,,,,,,,,,,,,,,2794.583333333333
3117,1707,Plaquemines Parish,county,LA,LA,"New Orleans-Metairie, LA",22,075,,,,,,,,,,,,,,,,,,,,,,,,,,,,,,,,,,,,,,,,,,,,,,,,,,,,,,,,,,,,,,,,,,,,,,,,,,,,,,,,,,,,,,,,,,,,,,,,,,,,,,,,,,,,,,,,,,,,,,,,,,,2114.166666666667
745,1717,Teton County,county,WY,WY,"Jackson, WY-ID",56,039,,,,,,,,,,,,,,,,,,,,,,,,,,,,,,,,,,,,,,,,,,,,,,,,,,,,,,,,,,,,,,,,,,,,,,,,,,,,,,,,,,,,,,,,,,,,,,,,,,,,,,,,,,,,,,,,,,,,,,,,,5335.746384686187,5674.28701485839,5994.444444444445
1962,1731,Pacific County,county,WA,WA,,53,049,,,,,,,,,,,,,,,,,,,,,,,,,,,,,,,,,,,,,,,,,,,,,,,,,,,,,,,,,,,,,,,,,,,,,,,,,,,,,,,,,,,,,,,,,,,,,,,,,,,,,,,,,,,,,,,,,,,,,,,,,,,1516.6666666666667
3209,1734,Hopewell City,county,VA,VA,"Richmond, VA",51,670,,,,,,,,,,,,,,,,,,,,,,,,,,,,,,,,,,,,,,,,,,,,,,,,,,,,,,,,,,,,,,,,,,,,,,,,,,,,,,,,,,,,,,,,,,,,,,,,,,,,,,,,,,1254.8715510286488,1246.5642604499585,1251.131376650032,1259.6685955510852,1312.6741276974228,1332.0554771172062,1306.931415834941,1287.2593493786203,1273.6437908008952,1313.2683141478074,1331.5231748695676,1352.6892525030878,1337.4285142189296,1347.217929524392,1368.7851131424798,1376.2577928057583,1359.8788419159014,1328.0555555555557
3010,1743,Rockbridge County,county,VA,VA,,51,163,,,,,,,,,,,,,,,,,,,,,,,,,,,,,,,,,,,,,,,,,,,,,,,,,,,,,,,,,,,,,,,,,,,,,,,,,,,,,,,,,,,,,,,,,,,,,,,,,,,,,,,,,,,,,,,,,,,,,,,,,,,1366.6666666666667
2765,1749,Klickitat County,county,WA,WA,,53,039,,,,,,,,,,,,,,,,,,,,,,,,,,,,,,,,,,,,,,,,,,,,,,,,,,,,,,,,,,,,,,,,,,,,,,,,,,,,,,,,,,,,,,,,,,,,,,,,,,,,,,,,,,,,,,,,,,,,,,,,,,,1700.0
3262,1767,Waynesboro City,county,VA,VA,"Staunton, VA",51,820,,,,,,,,,,,,,,,,,,,,,,,,,,,,,,,,,,,,,,,,,,,,,,,,,,,,,,,,,,,,,,,,,,,,,,,,,,,,,,,,,,,,,,,,,,,,,,,,,,,,,,,,,,,,,,,,,,,,,,,,,1404.0291489777744,1410.1683539021533,1397.2222222222224
605,1784,Logan County,county,CO,CO,"Sterling, CO",08,075,,,,,,,,,,,,,,,,,,,,,,,,,,,,,,,,,,,,,,,,,,,,,,,,,,,,,,,,,,,,,,,,,,,,,,,,,,,,,,,,,,,,,,,,,,,,,,,,,,,,,,,,,,,,,,,,,,,,,,,,,,925.262135781704,925.0
2562,1788,Stutsman County,county,ND,ND,"Jamestown, ND",38,093,,,,,,,,,,,,,,,,,,,,,,,,,,,,,,,,,,,,,,,,,,,,,,,,,,,,,,,,,,,,,,,,,,,,,,,,,,,,,,,,,,,,,,,,,,,,,,,782.7565193106846,788.5358820183817,786.2584328187609,791.3928589003732,794.3919425135646,813.2964566572977,831.7887372515861,842.1025684896975,854.0629861197975,848.8229854989411,864.0313900334601,865.1724531068667,867.3214313036024,864.790752746278,853.9849940202461,848.6530748247808,851.3495667593243,861.8583166025522,869.7145130317367,876.2056236758534,893.5554229418296,901.486102700486,921.4584862688661,907.9659242930104,903.391451092183,895.8788321387115,892.003177436899,885.0485989622902,878.0
2376,1802,Lampasas County,county,TX,TX,"Killeen-Temple, TX",48,281,,,,,,,,,,,,,,,,,,,,,,,,,,,,,,,,,,,,,,,,,,,,,,,,,,,,,,,,,,,,,,,,,,,,,,,,,,,,,,,,,,,,,,,,,,,,,,,,,,,,,,,,,,,,,,,,,,,,,,,,,1435.1015598679066,1451.435252565137,1525.0
1907,1811,Madison County,county,NC,NC,"Asheville, NC",37,115,,,,,,,,,,,,,,,,,,,,,,,,,,,,,,,,,,,,,,,,,,,,,,,,,,,,,,,,,,,,,,,,,,,,,,,,,,,,,,,,,,,,,,,,,,,,,,,,,,,,,,,,,,,,,,,,,,,,,,,,,,1570.1785681048998,1685.0
2963,1837,Meriwether County,county,GA,GA,"Atlanta-Sandy Springs-Alpharetta, GA",13,199,,,,,,,,,,,,,,,,,,,,,,,,,,,,,,,,,,,,,,,,,,,,,,,,,,,,,,,,,,,,,,,,,,,,,,,,,,,,,,,,,,,,,,,,,,,,,,,,,,,,,,,,,,,,,,,,,,,,,,,,,,,1095.0
1064,1858,Greene County,county,VA,VA,"Charlottesville, VA",51,079,,,,,,,,,,,,,,,,,,,,,,,,,,,,,,,,,,,,,,,,,,,,,,,,,,,,,,,,,,,,,,,,,,,,,,,,,,,,,,,,,,,,,,,,,,,,,,,,,,,,,,,,,,,,,,,,,,,,,,,,,,1497.2618270468672,1450.0
1551,1865,Bourbon County,county,KY,KY,"Lexington-Fayette, KY",21,017,,,,,,,,,,,,,,,,,,,,,,,,,,,,,,,,,,,,,,,,,,,,,,,,,,,,,,,,,,,,,,,,,,,,,,,,,,,,,,,,,,,,,,,,,,,,,,,,,,,,,,,,,,,,,,,,,,,,,,,,,,,895.0
3082,1871,Winneshiek County,county,IA,IA,,19,191,,,,,,,,,,,,,,,,,,,,,,,,,,,,,,,,,,,,,,,,,,,,,,,,,,,,,,,,,,,,,,,,,,,,,,,,,,,,,,,,,,,,,,,,,,,,,,,,,,,,,,,,,,,,,,,,,,,,,,,,,,,1350.0
1606,1911,Chaffee County,county,CO,CO,,08,015,,,,,,,,,,,,,,,,,,,,,,,,,,,,,,,,,,,,,,,,,,,,,,,,,,,,,,,,,,,,,,,,,,,,,,,,,,,,,,,,,,,,,,,,,,,,,,,,,,,,,,,,,,,,,,,2361.7929536643833,2417.000113515015,2428.9081988426883,2433.5744935456105,2500.4136118529764,2535.3557779518255,2556.861730409342,2447.5782274834687,2384.2395739412063,2426.3582986352685,2416.500668321326,2425.098372982575,2407.3333333333335
2837,1922,Roosevelt County,county,NM,NM,"Portales, NM",35,041,,,,,,,,,,,,,,,,,,,,,,,,,,,,,,,,,,,,,,,,,,,,,,,,,,,,,,,,,,,,,,,,,,,,,,,,,,,,,,,,,,,,,,,,,,,,,,,,,,,,,840.5742537077962,836.7495177913565,845.9360654975984,833.8235226109657,845.0145044119681,827.6122156696765,862.2078760991429,861.0772244213663,867.7776975128177,854.9029648592381,863.4656710874859,871.2910327217523,885.1717703699045,886.3929012539868,889.8758682794203,889.0276454913821,878.3102566333284,888.0225295934674,882.880859116068,899.1338475030636,899.8403826430331,889.7458067423689,895.6944444444445
1937,1967,Montour County,county,PA,PA,"Bloomsburg-Berwick, PA",42,093,,,,,,,,,,,,,,,,,,,,,,,,,,,,,,,,,,,,,,,,,,,,,,,,,,,,,,,,,,,,,,,,,,,,,,,,,,,,,,,,,,,,,,,,,,,,,,,,,,,,,,,,,,,,,,,,,,,,,,,,,1639.0600240486617,1661.7610372929846,1616.6666666666667
3291,1970,Colonial Heights City,county,VA,VA,"Richmond, VA",51,570,,,,,,,,,,,,,,,,,,,,,,,,,,,,,,,,,,,,,,,,,,,,,,,,,,,,,,,,,,,,,,,,,,,,,,,,,,,,,,,,,,,,,,,,,,,,,,,,,,,,,,,,,,,,,,,,,,,,,,1605.0966563918257,1710.5451403605464,1637.4848091137615,1667.0976782292632,1602.3199280035133,1548.8888888888887
381,1974,Banks County,county,GA,GA,,13,011,,,,,,,,,,,,,,,,,,,,,,,,,,,,,,,,,,,,,,,,,,,,,,,,,,,,,,,,,,,,,,,,,,,,,,,,,,,,,,,,,,,,,,,,,,,,,,,,,,,,,,,,,,,,,,,,,,,,,,,,,,1586.0094591924505,1649.5
1770,1985,Haywood County,county,TN,TN,"Brownsville, TN",47,075,,,,,,,,,,,,,,,,,,,,,,,,,,,,,,,,,,,,,,,,,,,,,,,,,,,,,,,,,,,,,,,,,,,,,,,,,,,,,,,,,,,,,,,,,,,,,,,,,,,,,,,,,,,,,,,,,,,,,,,,,,1003.9164990568445,960.0
1324,2008,Pitkin County,county,CO,CO,"Glenwood Springs, CO",08,097,,,,,,,,,,,,,,,,,,,,,,,,,,,,,,,,,,,,,,,,,,,,,,,,,,,,,,,,,,,,,,,,,,,,,,,,,,,14213.290582376294,14024.348385015024,13514.181464666506,14188.452431857799,15028.055207931111,15948.165856223113,16236.453856885753,16103.278759705701,15692.396066224901,16907.189074125075,17982.957166964854,19305.684881308614,18236.255360044714,20012.64837667541,20562.627546164273,21332.314692873035,20596.230368845772,21478.268237505912,21846.017923346542,21080.43309591219,21187.48686153347,21670.19621497603,23403.176794166437,23688.80793257955,23124.952603531106,22735.96361195173,22671.04000717918,22958.261104245295,22831.633769896576,23288.619907686112,23409.583255755144,23655.258154441388,23141.167250752842,23439.934980244936,23533.038271472633,24297.79623654846,24756.04236267585,24726.71204368017,24851.754456075098,25962.293476303552,26948.467250847472,27151.215109407352,26432.626851705492,25825.383399120703,26187.517733250646,25232.77350978344,26923.58715208388,26215.371094601593,28913.888888888887
268,2011,Park County,county,CO,CO,"Denver-Aurora-Lakewood, CO",08,093,,,,,,,,,,,,,,,,,,,,,,,,,,,,,,,,,,,,,,,,,,,,,,,,,,,,,,,,,,,,,,,,,,,,,,,,,,,,,,,,,,,,,,,,,,,,,,,,,,,,,,,,,,,,,,,,,,,,,,,,,2457.156402943009,,2575.0
269,2030,Park County,county,MT,MT,,30,067,,,,,,,,,,,,,,,,,,,,,,,,,,,,,,,,,,,,,,,,,,,,,,,,,,,,,,,,,,,,,,,,,,,,,,,,,,,,,,,,,,,,,,,,,,,,,,,,,,,,,,,,,,,,,,,,,,,,,,,,,,,1750.0
1371,2036,Scurry County,county,TX,TX,"Snyder, TX",48,415,,,,,,,,,,,,,,,,,,,,,,,,,,,,,,,,,,,,,,,,,,,,,,,,,,,,,,,,,,,,,,,,,,,,,,,,,,,,,,,,,,,,,,,,,,,,,,,,,,,,,,,,,,,,,,,,,,,,,,,,,,,912.5
239,2074,Long County,county,GA,GA,"Hinesville, GA",13,183,,,,,,,,,,,,,,,,,,,,,,,,,,,,,,,,,,,,,,,,,,,,,,,,,,,,,,,,,,,,,,,,,,,,,,,,,,,,,,,,,,,,,,,,,,,,,,,,,,,,,,,,,,,,,,1652.9105128153744,1643.6595383440442,1682.1404348528988,1643.3127384135341,1674.9942002966754,1734.8137463206301,1769.9446980621176,1763.99656378679,1716.0730572903744,1768.6433137426664,1792.5110391869457,1836.4484052691544,1858.4432116297924,1831.6666666666667
1511,2076,Alamosa County,county,CO,CO,,08,003,,,,,,,,,,,,,,,,,,,,,,,,,,,,,,,,,,,,,,,,,,,,,,,,,,,,,,,,,,,,,,,,,,,,,,,,,,,,,,,,,,,,,,,,,,,,,,,,,,,,,,,,,,,,,,,,,,,,,,,,,,,1100.0
3182,2088,Radford City,county,VA,VA,"Blacksburg-Christiansburg, VA",51,750,,,,,,,,,,,,,,,,,,,,,,,,,,,,,,,,,,,,,,,,,,,,,,,,,,,,,,,,,,,,,,,,,,,,,,,,,,,,,,,,,,,,,,,,,,,,,,,,,,,,,,,,,,,,,,,,,,,,,,,1561.457976213315,1525.5887025620907,1475.1739346135957,1472.9987437101968,1420.0
528,2123,Grand County,county,CO,CO,,08,049,,,,,,,,,,,,,,,,,,,,,,,,,,,,,,,,,,,,,,,,,,,,,,,,,,,,,,,,,,,,,,,,,,,,,,,,,,,,,,,,,,,,,,,,,,,,,,,,,,,,,,,,,,,,,,,,,,,,,,,,,3203.8747013078455,3281.233465411815,3212.4166666666665
3279,2147,Williamsburg City,county,VA,VA,"Virginia Beach-Norfolk-Newport News, VA-NC",51,830,,,,,,,,,,,,,,,,,,,,,,,,,,,,,,,,,,,,,,,,,,,,,,,,,,,,,,,,,,,,,,,,,,,,,,,,,,,,,,,,,,,,,,,,,,,,,,,,,,,,,,,,,,,,,,,,,,,,,,,,1955.001590833732,1905.5180875335411,1973.1460282573628,1943.1785714285713
130,2166,Clay County,county,SD,SD,"Vermillion, SD",46,027,,,,,,,,,,,,,,,,,,,,,,,,,,,,,,,,,,,,,,,,,,,,,,,,,,,,,,,,,,,,,,,,,,,,,,,,,,,,,,,,,,,,,,,,,,,,,,,,,,,,,,,,,,,,,,,,,,,,,,,,,,,700.0
3282,2168,Manassas Park City,county,VA,VA,"Washington-Arlington-Alexandria, DC-VA-MD-WV",51,685,,,,,,,,,,,,,,,,,,,,,,,,,,,,,,,,,,,,,,,,,,,,,,,,,,,,,,,,,,,,1466.7004975497348,1474.8403982687469,1509.4945567664674,1520.8478444924667,1512.3024333272735,1491.5673514954924,1478.4841443737012,1463.4317495949197,1465.7230884641708,1484.2438311636786,1502.6340704920503,1533.432187958916,1533.7023917038716,1529.2132481719634,1506.8792399719873,1511.0057899951837,1524.4834331937168,1547.2949213497363,1572.7901684174874,1617.8038467546041,1652.1523807703143,1663.5511498728022,1690.6275824960162,1703.7959572989664,1705.4937774223358,1694.1413895890712,1680.9150626447486,1704.1407896076823,1719.790405268645,1756.8276924418485,1785.921771746025,1810.6707321026026,1796.9353851187689,1802.863645782686,1795.286915882837,1809.0210154987756,1766.2413398718672,1743.6983327776877,1766.0704352013433,1834.9658259501998,1867.3846322717013,1865.2104739710303,1833.9561484125102,1859.2631394317432,1853.547315475092,1934.5941349006428,1945.0258910463342,1955.938623416579,1821.239183031282,1837.2267759592921,1859.4210546955753,1939.8325311302185,1952.9957571464017,2002.608694205837,2077.858034057092,2113.7111199149567,2103.579969022175,2099.3129636012327,2054.6473419310432,2044.7800121733828,2017.1246342486786,2061.347674724222,2077.7738836343656,2107.5523809523806
2950,2188,Las Animas County,county,CO,CO,,08,071,,,,,,,,,,,,,,,,,,,,,,,,,,,,,,,,,,,,,,,,,,,,,,,,,,,,,,,,,,,,,,,,,,,,,,,,,,,,,,,,,,,,,,,,,,,,,,,,,,,,,,,,,,,,,,,,,,,,,,,,,,1277.384801114984,1262.5
3272,2198,Falls Church City,county,VA,VA,"Washington-Arlington-Alexandria, DC-VA-MD-WV",51,610,,,,,,,,,,,,,,,,,,,,,,,,,,,,,,,,,,,,,,,,,,,,,,,,,1879.1373043269007,1877.004550385377,1907.702316418459,1931.535317953511,1962.1670975231223,1961.5751031332209,1999.7415345164577,2014.1637342913612,2011.8544939209346,1980.8014868525981,1936.2824524627156,1913.1786653896565,1908.9139442453181,1932.3305293166104,1946.7467002197236,1948.176454739446,1955.7721701518385,1947.1879004761086,1934.836631960048,1923.3912824568147,1903.2942564877517,1868.695320658841,1822.1059831798286,1785.622629968467,1794.4244510151145,1804.8901304089588,1825.9044424040883,1841.4388756134204,1876.6828950574231,1918.6659038836115,1965.2540592744156,2012.9602573794812,2046.9402632519952,2053.1741585982327,2076.0616743034343,2077.767984029752,2090.0951438005955,2057.328490693222,2070.168053428965,2085.3501090084264,2126.317433494654,2156.0230495937803,2179.952851675727,2199.0767951476296,2194.5613126410176,2178.342583608421,2163.9593737322884,2170.7371583730646,2185.0843238343905,2182.5668125970337,2178.8703538552068,2196.172657837883,2240.9025334039243,2285.205742613196,2308.4208548319098,2311.2857282639,2301.0291495019123,2279.734360687885,2253.7099850120057,2222.9738293739333,2258.295705558005,2298.7013115275854,2361.048991785057,2371.9494437945145,2365.773750097017,2378.8850154672377,2419.825546020486,2475.934815433217,2452.714627450296,2413.3224143575303,2359.5428421994643,2371.122030284802,2381.644935637018,2418.131158188714,2451.534188034188
2427,2245,McKenzie County,county,ND,ND,,38,053,,,,,,,,,,,,,,,,,,,,,,,,,,,,,,,,,,,,,,,,,,,,,,,,,,,,,,,,,,,,,,,,,,,,,,,,,,,,,,,,,,,,,,,,,,,,,,,,,,,,,,,,,,,,,,,,,,,,,,,,,1496.0022930860277,1464.845245784704,1456.611111111111
253,2268,Mono County,county,CA,CA,,06,051,,,,,,,,,,,,,,,,,,,,,,,,,,,,,,,,,,,,,,,,,,,,,,,,,,,,,,,,,,,,,,,,,,,,,,,,,,,,,,,,,,,,,,,,,,,,,,,,,,,,,,,,,,,,,,,,,,,,,,,,,,2925.4563513456405,3200.0
2618,2270,Archuleta County,county,CO,CO,,08,007,,,,,,,,,,,,,,,,,,,,,,,,,,,,,,,,,,,,,,,,,,,,,,,,,,,,,,,,,,,,,,,,,,,,,,,,,,,,,,,,,,,,,,,,,,,,,,,,,,,,,,,,,,,,,,,,,,,,,,,,,,2022.3125899395575,2025.0
3091,2537,Clear Creek County,county,CO,CO,"Denver-Aurora-Lakewood, CO",08,019,,,,,,,,,,,,,,,,,,,,,,,,,,,,,,,,,,,,,,,,,,,,,,,,,,,,,,,,,,,,,,,,,,,,,,,,,,,,,,,,,,,,,,,,,,,,,,,,,,,,,,,,,,,,,,,,,,,,,,,,,,1808.6462909004758,1950.0
218,2706,Lake County,county,CO,CO,,08,065,,,,,,,,,,,,,,,,,,,,,,,,,,,,,,,,,,,,,,,,,,,,,,,,,,,,,,,,,,,,,,,,,,,,,,,,,,,,,,,,,,,,,,,,,,,,,,,,,,,,,,,,,,,,,,,,,,,,,,,,,,,1850.0
3242,2714,Lexington City,county,VA,VA,,51,678,,,,,,,,,,,,,,,,,,,,,,,,,,,,,,,,,,,,,,,,,,,,,,,,,,,,,,,,,,,,,,,,,,,,,,,,,,,,,,,,,,,,,,,,,,,,,,,,,,,,,,,,,,,,,,,,,,,,,,,,,,1137.4845081198735,1073.75
3265,2767,Buena Vista City,county,VA,VA,,51,530,,,,,,,,,,,,,,,,,,,,,,,,,,,,,,,,,,,,,,,,,,,,,,,,,,,,,,,,,,,,,,,,,,,,,,,,,,,,,,,,,,,,,,,,,,,,,,,,,,,,,,,,,,,,,,,,,,,,,,,,,,,925.0
